dst_as,IP,mask,nexthop_AS
2519,1.0.16.0,255.255.255.0,39392
23969,1.0.128.0,255.255.128.0,6939
13335,1.1.1.0,255.255.255.0,5405
4725,1.5.0.0,255.255.0.0,39392
9583,1.6.0.0,255.255.252.0,5405
132215,1.6.136.0,255.255.255.0,5405
4755,1.6.229.0,255.255.255.0,39392
4788,1.9.0.0,255.255.0.0,6939
38091,1.11.0.0,255.255.0.0,6939
45996,1.11.92.0,255.255.254.0,6939
132203,1.12.0.0,255.255.240.0,24482
23599,1.18.123.0,255.255.255.0,6939
23600,1.18.132.0,255.255.255.0,6939
59125,1.21.96.0,255.255.240.0,39392
45528,1.22.3.0,255.255.255.0,5405
4837,1.24.0.0,255.248.0.0,6939
9929,1.28.41.0,255.255.255.0,6939
64050,1.32.192.0,255.255.255.0,6939
152194,1.32.205.0,255.255.255.0,6939
2514,1.33.0.0,255.255.0.0,6939
3462,1.34.0.0,255.254.0.0,39392
4760,1.36.0.0,255.255.0.0,39392
4775,1.37.0.0,255.255.0.0,6939
55410,1.38.208.0,255.255.255.0,39392
4804,1.40.0.0,255.252.0.0,5405
7474,1.44.0.0,255.255.0.0,5405
16509,1.44.96.0,255.255.255.0,6939
4134,1.48.0.0,255.254.0.0,6939
4538,1.51.0.0,255.255.0.0,6939
18403,1.52.0.0,255.252.0.0,6939
9605,1.66.20.0,255.255.252.0,6939
4809,1.71.103.0,255.255.255.0,6939
4847,1.93.0.0,255.255.0.0,6939
4766,1.96.0.0,255.252.0.0,6939
17676,1.112.0.0,255.252.0.0,39392
137753,1.118.2.0,255.255.255.0,39392
1221,1.120.0.0,255.248.0.0,39392
9845,1.176.0.0,255.255.252.0,6939
9723,1.178.2.0,255.255.254.0,6939
14618,1.178.4.0,255.255.255.0,6939
136907,1.178.32.0,255.255.240.0,6939
12975,1.178.112.0,255.255.240.0,6939
9313,1.178.175.0,255.255.255.0,6939
7224,1.178.192.0,255.255.254.0,6939
12479,1.178.224.0,255.255.224.0,39392
131293,1.179.128.0,255.255.192.0,6939
8075,1.186.0.0,255.255.0.0,6939
139018,1.193.146.0,255.255.254.0,6939
9286,1.201.0.0,255.255.192.0,6939
23724,1.203.94.0,255.255.255.0,6939
3786,1.208.0.0,255.240.0.0,39392
9526,1.209.90.0,255.255.255.0,6939
45974,1.209.199.0,255.255.255.0,6939
7562,1.222.128.0,255.255.192.0,6939
38661,1.222.222.0,255.255.255.0,6939
9318,1.224.0.0,255.224.0.0,6939
45370,1.224.180.0,255.255.255.0,6939
63199,1.247.4.0,255.255.255.0,6939
23576,1.255.48.0,255.255.252.0,6939
3215,2.3.0.0,255.255.0.0,39392
20940,2.16.0.0,255.248.0.0,22356
34164,2.16.3.0,255.255.255.0,22356
12874,2.16.17.0,255.255.255.0,6939
6762,2.16.19.0,255.255.255.0,39392
12389,2.16.20.0,255.255.255.0,6939
8966,2.16.44.0,255.255.255.0,6939
8697,2.17.24.0,255.255.252.0,6939
32787,2.17.108.0,255.255.252.0,6939
8708,2.17.116.0,255.255.252.0,39392
9121,2.17.224.0,255.255.252.0,39392
9924,2.18.16.0,255.255.254.0,6939
7303,2.18.56.0,255.255.252.0,39392
719,2.20.0.0,255.255.252.0,39392
52374,2.20.46.0,255.255.255.0,22356
3292,2.21.28.0,255.255.252.0,39392
61580,2.21.67.0,255.255.255.0,22356
37457,2.21.160.0,255.255.252.0,6939
1267,2.21.164.0,255.255.252.0,39392
1299,2.22.36.0,255.255.252.0,39392
852,2.22.72.0,255.255.252.0,6939
55836,2.22.176.0,255.255.240.0,5405
12400,2.22.233.0,255.255.255.0,6939
200612,2.23.168.0,255.255.252.0,6939
2856,2.24.0.0,255.248.0.0,39392
30722,2.32.0.0,255.255.0.0,39392
5384,2.48.0.0,255.252.0.0,6939
15830,2.56.0.0,255.255.252.0,6939
40676,2.56.8.0,255.255.255.0,6939
213373,2.56.10.0,255.255.255.0,6939
57344,2.56.14.0,255.255.255.0,39392
9009,2.56.16.0,255.255.252.0,6939
12552,2.56.28.0,255.255.252.0,39392
5650,2.56.32.0,255.255.252.0,39392
3758,2.56.56.0,255.255.252.0,5405
209216,2.56.76.0,255.255.252.0,6939
42929,2.56.80.0,255.255.252.0,4455
51561,2.56.84.0,255.255.252.0,5405
210079,2.56.88.0,255.255.255.0,6939
216139,2.56.90.0,255.255.255.0,6939
30058,2.56.101.0,255.255.255.0,6939
29066,2.56.102.0,255.255.255.0,6939
206610,2.56.104.0,255.255.252.0,6939
205463,2.56.108.0,255.255.255.0,6939
58061,2.56.112.0,255.255.255.0,6939
397373,2.56.114.0,255.255.254.0,6939
209847,2.56.118.0,255.255.255.0,6939
202371,2.56.131.0,255.255.255.0,6939
8767,2.56.135.0,255.255.255.0,39392
48031,2.56.136.0,255.255.255.0,5405
49505,2.56.138.0,255.255.255.0,6939
212238,2.56.148.0,255.255.255.0,22356
15401,2.56.156.0,255.255.254.0,39392
12453,2.56.160.0,255.255.252.0,6939
142594,2.56.166.0,255.255.255.0,22356
49870,2.56.167.0,255.255.255.0,6939
43309,2.56.168.0,255.255.255.0,6939
8315,2.56.171.0,255.255.255.0,5405
33993,2.56.178.0,255.255.255.0,6939
31566,2.56.180.0,255.255.252.0,6939
62240,2.56.188.0,255.255.252.0,6939
36224,2.56.200.0,255.255.255.0,22356
39560,2.56.208.0,255.255.252.0,6939
202448,2.56.212.0,255.255.255.0,6939
41960,2.56.216.0,255.255.252.0,49544
199524,2.56.220.0,255.255.255.0,22356
21221,2.56.226.0,255.255.254.0,6939
203020,2.56.228.0,255.255.252.0,22356
43140,2.56.232.0,255.255.252.0,5405
3257,2.56.236.0,255.255.252.0,39392
198610,2.56.240.0,255.255.254.0,6939
213250,2.56.245.0,255.255.255.0,5405
203446,2.56.246.0,255.255.255.0,6939
262287,2.56.249.0,255.255.255.0,22356
204170,2.56.253.0,255.255.255.0,6939
40065,2.56.255.0,255.255.255.0,6939
60134,2.57.2.0,255.255.255.0,39392
204861,2.57.4.0,255.255.252.0,6939
205384,2.57.10.0,255.255.254.0,6939
43641,2.57.20.0,255.255.254.0,6939
29802,2.57.22.0,255.255.255.0,6939
61317,2.57.23.0,255.255.255.0,6939
210017,2.57.43.0,255.255.255.0,39392
50782,2.57.48.0,255.255.252.0,6939
25151,2.57.56.0,255.255.255.0,39392
48635,2.57.57.0,255.255.255.0,39392
203462,2.57.84.0,255.255.252.0,39392
47583,2.57.88.0,255.255.254.0,5405
30337,2.57.92.0,255.255.252.0,6939
41798,2.57.96.0,255.255.255.0,6939
42473,2.57.104.0,255.255.255.0,5405
15943,2.57.116.0,255.255.252.0,39392
47890,2.57.120.0,255.255.255.0,39392
24961,2.57.123.0,255.255.255.0,39392
201893,2.57.132.0,255.255.252.0,5405
31229,2.57.136.0,255.255.252.0,39392
43424,2.57.140.0,255.255.252.0,4455
39568,2.57.149.0,255.255.255.0,6939
20647,2.57.160.0,255.255.252.0,39392
396356,2.57.168.0,255.255.255.0,22356
41564,2.57.169.0,255.255.255.0,6939
25273,2.57.172.0,255.255.252.0,6939
208781,2.57.196.0,255.255.254.0,39392
197522,2.57.204.0,255.255.252.0,5405
209062,2.57.208.0,255.255.254.0,5405
206264,2.57.214.0,255.255.255.0,39392
207568,2.57.222.0,255.255.254.0,39392
12956,2.57.224.0,255.255.252.0,39392
57032,2.57.239.0,255.255.255.0,5405
57043,2.57.242.0,255.255.255.0,5405
42318,2.57.244.0,255.255.252.0,39392
213279,2.57.252.0,255.255.255.0,5405
174,2.58.4.0,255.255.252.0,39392
24875,2.58.21.0,255.255.255.0,5405
202204,2.58.24.0,255.255.252.0,6939
203779,2.58.24.0,255.255.254.0,6939
13213,2.58.29.0,255.255.255.0,6939
9119,2.58.48.0,255.255.252.0,6939
200462,2.58.52.0,255.255.254.0,5405
12676,2.58.54.0,255.255.255.0,39392
50340,2.58.68.0,255.255.252.0,6939
42831,2.58.86.0,255.255.255.0,39392
34295,2.58.92.0,255.255.255.0,6939
210218,2.58.93.0,255.255.255.0,39392
9002,2.58.98.0,255.255.255.0,39392
3320,2.58.100.0,255.255.255.0,39392
39686,2.58.108.0,255.255.252.0,39392
209185,2.58.112.0,255.255.255.0,6939
49581,2.58.113.0,255.255.255.0,5405
197537,2.58.115.0,255.255.255.0,5405
15605,2.58.128.0,255.255.252.0,6939
42013,2.58.132.0,255.255.252.0,6939
24864,2.58.144.0,255.255.254.0,8218
5065,2.58.168.0,255.255.255.0,6939
136557,2.58.170.0,255.255.255.0,22356
3170,2.58.175.0,255.255.255.0,39392
209181,2.58.192.0,255.255.252.0,6939
52073,2.58.198.0,255.255.255.0,6939
152586,2.58.200.0,255.255.255.0,6939
50581,2.58.204.0,255.255.252.0,5405
210063,2.58.212.0,255.255.255.0,6939
213527,2.58.214.0,255.255.255.0,5405
202805,2.58.216.0,255.255.255.0,6939
35007,2.58.218.0,255.255.254.0,6939
201843,2.58.224.0,255.255.255.0,6939
133334,2.58.228.0,255.255.252.0,6939
9678,2.58.240.0,255.255.255.0,22356
59210,2.59.2.0,255.255.255.0,6939
42425,2.59.4.0,255.255.255.0,6939
42830,2.59.10.0,255.255.254.0,6939
200148,2.59.16.0,255.255.252.0,209531
207821,2.59.28.0,255.255.255.0,6939
30742,2.59.32.0,255.255.252.0,6939
39572,2.59.36.0,255.255.252.0,39392
9123,2.59.40.0,255.255.255.0,6939
35048,2.59.50.0,255.255.255.0,6939
201776,2.59.51.0,255.255.255.0,6939
48266,2.59.61.0,255.255.255.0,22356
63023,2.59.62.0,255.255.255.0,6939
29119,2.59.92.0,255.255.252.0,6939
132839,2.59.100.0,255.255.252.0,6939
34471,2.59.111.0,255.255.255.0,6939
200845,2.59.112.0,255.255.252.0,39392
212219,2.59.119.0,255.255.255.0,5405
212865,2.59.120.0,255.255.252.0,39392
58212,2.59.132.0,255.255.252.0,5405
8368,2.59.136.0,255.255.252.0,5405
59919,2.59.140.0,255.255.252.0,39392
16347,2.59.144.0,255.255.252.0,39392
400866,2.59.148.0,255.255.254.0,5405
136038,2.59.152.0,255.255.255.0,6939
141039,2.59.157.0,255.255.255.0,6939
207713,2.59.161.0,255.255.255.0,6939
49981,2.59.168.0,255.255.252.0,39392
49028,2.59.188.0,255.255.252.0,39392
62005,2.59.216.0,255.255.255.0,6939
200019,2.59.219.0,255.255.255.0,5405
209155,2.59.220.0,255.255.252.0,6939
209992,2.59.228.0,255.255.255.0,39392
209835,2.59.232.0,255.255.252.0,6939
24904,2.59.236.0,255.255.252.0,39392
215730,2.59.253.0,255.255.255.0,5405
207083,2.59.254.0,255.255.255.0,6939
21738,2.59.255.0,255.255.255.0,6939
44034,2.64.0.0,255.248.0.0,39392
3243,2.80.0.0,255.252.0.0,6939
6799,2.84.0.0,255.252.0.0,5405
25019,2.88.0.0,255.252.0.0,39392
8402,2.92.0.0,255.252.0.0,5405
3216,2.94.0.0,255.255.255.0,5405
3253,2.94.143.0,255.255.255.0,5405
13285,2.96.0.0,255.248.0.0,6939
3269,2.112.0.0,255.254.0.0,6939
5607,2.120.0.0,255.248.0.0,6939
9158,2.128.0.0,255.252.0.0,6939
9198,2.132.0.0,255.252.0.0,6939
3352,2.136.0.0,255.255.0.0,39392
44244,2.144.0.0,255.255.0.0,6939
2119,2.148.0.0,255.252.0.0,6939
12430,2.154.0.0,255.254.0.0,39392
6739,2.154.0.0,255.255.0.0,39392
12880,2.176.0.0,255.240.0.0,6939
58224,2.176.0.0,255.254.0.0,6939
60148,2.180.254.0,255.255.255.0,6939
49666,2.188.0.0,255.255.0.0,6939
50810,2.188.32.0,255.255.248.0,6939
42337,2.188.40.0,255.255.255.0,6939
48159,2.189.40.0,255.255.254.0,6939
204650,2.189.96.0,255.255.255.0,6939
48147,2.189.242.0,255.255.255.0,6939
3209,2.200.0.0,255.248.0.0,39392
6805,2.208.0.0,255.248.0.0,39392
3301,2.248.0.0,255.252.0.0,39392
8987,3.4.24.0,255.255.255.0,6939
3356,4.0.0.0,255.128.0.0,39392
203,4.4.61.192,255.255.255.192,39392
10753,4.14.227.64,255.255.255.224,22356
14127,4.19.12.0,255.255.255.0,6939
7287,4.23.88.0,255.255.255.0,39392
1,4.31.236.64,255.255.255.248,22356
6619,4.35.69.0,255.255.255.0,6939
13904,4.58.130.0,255.255.255.0,6939
213896,5.1.40.0,255.255.255.0,39392
212559,5.1.42.0,255.255.255.0,39392
34549,5.1.64.0,255.255.224.0,39392
51699,5.1.64.0,255.255.255.0,6939
212567,5.1.66.0,255.255.255.0,5405
207439,5.1.67.0,255.255.255.0,39392
24679,5.1.68.0,255.255.255.0,39392
56382,5.1.94.0,255.255.255.0,5405
198385,5.1.96.0,255.255.248.0,6939
17056,5.1.113.0,255.255.255.0,39392
198471,5.2.0.0,255.255.240.0,39392
21472,5.2.16.0,255.255.248.0,39392
41560,5.2.32.0,255.255.248.0,6939
60404,5.2.64.0,255.255.240.0,49544
3188,5.2.80.0,255.255.255.0,6939
31655,5.2.96.0,255.255.224.0,39392
31483,5.3.0.0,255.255.255.0,6939
9049,5.3.85.0,255.255.255.0,6939
34665,5.8.8.0,255.255.252.0,6939
8492,5.8.17.0,255.255.255.0,6939
39087,5.8.36.0,255.255.254.0,6939
210756,5.8.42.0,255.255.255.0,6939
214790,5.8.44.0,255.255.255.0,39392
44626,5.8.59.0,255.255.255.0,6939
19437,5.8.63.0,255.255.255.0,6939
56340,5.8.80.0,255.255.248.0,6939
30848,5.8.96.0,255.255.224.0,209531
31126,5.8.128.0,255.255.252.0,39392
31261,5.8.177.0,255.255.255.0,6939
51219,5.8.180.0,255.255.254.0,6939
7155,5.8.184.0,255.255.248.0,6939
20485,5.8.192.0,255.255.248.0,39392
49301,5.8.192.0,255.255.252.0,39392
15774,5.8.200.0,255.255.255.0,39392
21365,5.8.224.0,255.255.240.0,6939
24940,5.9.0.0,255.255.0.0,39392
198726,5.10.0.0,255.255.248.0,39392
57154,5.10.8.0,255.255.248.0,5405
60610,5.10.16.0,255.255.254.0,39392
12703,5.10.23.0,255.255.255.0,39392
198967,5.10.40.0,255.255.252.0,39392
36351,5.10.96.0,255.255.224.0,5405
23764,5.10.136.0,255.255.255.0,6939
25160,5.10.144.0,255.255.240.0,39392
51088,5.10.192.0,255.255.255.0,39392
54103,5.10.193.0,255.255.255.0,6939
49835,5.10.200.0,255.255.255.0,6939
50448,5.10.221.0,255.255.255.0,6939
209604,5.10.223.0,255.255.255.0,5405
205800,5.10.226.0,255.255.255.0,5405
30844,5.11.8.0,255.255.248.0,39392
21277,5.11.19.0,255.255.255.0,6939
205020,5.11.28.0,255.255.252.0,6939
207701,5.11.31.0,255.255.255.0,6939
47217,5.11.32.0,255.255.248.0,39392
56814,5.11.60.0,255.255.254.0,6939
31214,5.11.64.0,255.255.240.0,6939
35415,5.11.80.0,255.255.255.0,39392
196646,5.11.88.0,255.255.255.0,39392
21412,5.20.0.0,255.255.240.0,6939
50010,5.21.0.0,255.255.0.0,39392
197207,5.22.0.0,255.255.240.0,6939
50463,5.22.128.0,255.255.248.0,6939
51043,5.22.136.0,255.255.248.0,39392
48964,5.22.157.0,255.255.255.0,6939
34259,5.22.159.0,255.255.255.0,6939
31042,5.22.160.0,255.255.224.0,6939
202053,5.22.208.0,255.255.252.0,6939
5413,5.22.224.0,255.255.248.0,39392
2116,5.22.232.0,255.255.252.0,39392
43905,5.22.236.0,255.255.255.0,6939
197524,5.22.240.0,255.255.248.0,39392
39704,5.22.248.0,255.255.248.0,39392
6453,5.23.0.0,255.255.224.0,39392
34977,5.23.12.0,255.255.252.0,39392
40009,5.23.20.0,255.255.255.0,39392
5610,5.23.39.0,255.255.255.0,39392
13193,5.23.40.0,255.255.248.0,39392
12969,5.23.64.0,255.255.224.0,39392
8636,5.23.96.0,255.255.248.0,6939
57214,5.23.104.0,255.255.248.0,5405
48944,5.23.112.0,255.255.248.0,6939
6848,5.23.128.0,255.255.128.0,39392
12303,5.28.0.0,255.255.248.0,39392
8439,5.28.16.0,255.255.240.0,6939
42010,5.28.48.0,255.255.248.0,39392
35425,5.28.56.0,255.255.248.0,5405
12849,5.28.128.0,255.255.192.0,6939
1273,5.28.192.0,255.255.192.0,39392
15802,5.30.0.0,255.254.0.0,6939
44549,5.32.136.0,255.255.248.0,39392
43714,5.32.144.0,255.255.248.0,6939
15533,5.32.152.0,255.255.248.0,39392
15836,5.32.168.0,255.255.248.0,6939
34547,5.32.176.0,255.255.254.0,6939
28885,5.32.192.0,255.255.192.0,6939
21299,5.34.0.0,255.255.128.0,6939
197556,5.34.16.0,255.255.240.0,6939
35566,5.34.47.0,255.255.255.0,6939
51407,5.34.160.0,255.255.248.0,6939
204957,5.34.176.0,255.255.254.0,6939
21100,5.34.180.0,255.255.254.0,6939
15626,5.34.182.0,255.255.255.0,6939
42532,5.34.208.0,255.255.248.0,39392
38136,5.34.216.0,255.255.252.0,6939
39835,5.34.224.0,255.255.248.0,6939
57858,5.34.240.0,255.255.255.0,6939
198288,5.34.248.0,255.255.248.0,1764
216071,5.35.32.0,255.255.255.0,6939
196695,5.35.40.0,255.255.255.0,6939
205516,5.35.80.0,255.255.255.0,6939
29182,5.35.96.0,255.255.254.0,6939
61424,5.35.103.0,255.255.255.0,6939
41275,5.35.112.0,255.255.252.0,6939
51685,5.35.116.0,255.255.252.0,6939
208349,5.35.120.0,255.255.254.0,6939
43530,5.35.128.0,255.255.224.0,6939
8681,5.35.160.0,255.255.248.0,39392
49820,5.35.176.0,255.255.248.0,39392
42303,5.35.184.0,255.255.248.0,39392
31577,5.35.200.0,255.255.248.0,6939
5606,5.35.208.0,255.255.248.0,39392
20773,5.35.224.0,255.255.224.0,22356
5483,5.38.128.0,255.255.128.0,39392
16276,5.39.0.0,255.255.128.0,6939
34594,5.39.128.0,255.255.224.0,6939
31673,5.39.168.0,255.255.248.0,39392
21267,5.39.176.0,255.255.248.0,6939
58291,5.39.184.0,255.255.248.0,6939
7029,5.39.192.0,255.255.252.0,39392
42689,5.39.196.0,255.255.254.0,39392
47232,5.39.200.0,255.255.254.0,39392
50338,5.39.202.0,255.255.254.0,22356
198792,5.39.224.0,255.255.248.0,39392
51985,5.39.232.0,255.255.248.0,39392
48173,5.39.240.0,255.255.248.0,5405
44486,5.39.251.0,255.255.255.0,22356
49791,5.39.253.0,255.255.255.0,6939
201748,5.40.158.0,255.255.255.0,6939
39493,5.42.0.0,255.255.192.0,5405
201826,5.42.88.0,255.255.255.0,6939
8680,5.42.128.0,255.255.248.0,39392
41998,5.42.136.0,255.255.252.0,39392
58208,5.42.152.0,255.255.252.0,39392
208226,5.42.158.0,255.255.255.0,6939
57976,5.42.160.0,255.255.252.0,6939
197883,5.42.193.0,255.255.255.0,39392
200780,5.42.200.0,255.255.255.0,39392
206244,5.42.205.0,255.255.255.0,39392
8849,5.42.206.0,255.255.255.0,6939
33921,5.42.207.0,255.255.255.0,39392
43278,5.42.211.0,255.255.255.0,6939
200436,5.42.217.0,255.255.255.0,6939
35753,5.42.224.0,255.255.224.0,6939
12353,5.43.0.0,255.255.192.0,39392
42560,5.43.64.0,255.255.192.0,6939
48642,5.43.128.0,255.255.224.0,6939
51248,5.43.224.0,255.255.248.0,39392
29050,5.43.232.0,255.255.248.0,39392
21191,5.43.240.0,255.255.252.0,39392
13768,5.44.16.0,255.255.248.0,6939
48763,5.44.40.0,255.255.255.0,6939
39787,5.44.64.0,255.255.248.0,6939
8648,5.44.96.0,255.255.252.0,5405
15600,5.44.112.0,255.255.240.0,6939
34757,5.44.168.0,255.255.254.0,5405
41794,5.44.170.0,255.255.254.0,5405
40995,5.44.172.0,255.255.254.0,5405
47433,5.44.174.0,255.255.254.0,5405
12757,5.44.191.0,255.255.255.0,39392
29518,5.44.192.0,255.255.240.0,39392
41491,5.44.208.0,255.255.248.0,1764
43513,5.44.216.0,255.255.248.0,209531
49223,5.44.250.0,255.255.255.0,6939
58349,5.44.253.0,255.255.255.0,22356
46261,5.44.255.0,255.255.255.0,6939
203842,5.45.20.0,255.255.252.0,39392
42707,5.45.32.0,255.255.252.0,5405
12722,5.45.80.0,255.255.252.0,6939
9038,5.45.128.0,255.255.255.0,6939
29141,5.45.176.0,255.255.248.0,39392
5410,5.48.0.0,255.252.0.0,39392
50923,5.53.16.0,255.255.240.0,6939
29222,5.53.104.0,255.255.248.0,6939
35297,5.53.112.0,255.255.248.0,6939
8717,5.53.128.0,255.255.128.0,5405
3329,5.54.0.0,255.254.0.0,39392
39120,5.56.8.0,255.255.252.0,39120
62553,5.56.24.0,255.255.255.0,6939
36530,5.56.27.0,255.255.255.0,5405
41075,5.56.32.0,255.255.255.0,5405
12301,5.56.34.0,255.255.255.0,39392
199248,5.56.40.0,255.255.255.0,8218
24916,5.56.48.0,255.255.248.0,39392
57286,5.56.56.0,255.255.252.0,39392
8926,5.56.64.0,255.255.192.0,6939
51026,5.56.132.0,255.255.255.0,6939
31027,5.56.144.0,255.255.240.0,39392
202207,5.56.160.0,255.255.252.0,6939
39010,5.57.3.0,255.255.255.0,6939
8449,5.57.8.0,255.255.248.0,6939
43996,5.57.16.0,255.255.252.0,39392
202196,5.57.20.0,255.255.254.0,5405
199434,5.57.24.0,255.255.255.0,39392
204104,5.57.33.0,255.255.255.0,5405
213775,5.57.36.0,255.255.255.0,6939
198154,5.57.38.0,255.255.255.0,5405
50372,5.57.40.0,255.255.248.0,5405
8330,5.57.88.0,255.255.248.0,6939
49902,5.57.96.0,255.255.224.0,5405
12360,5.57.192.0,255.255.248.0,6939
199554,5.57.200.0,255.255.248.0,39392
25697,5.57.208.0,255.255.255.0,39392
49121,5.57.209.0,255.255.255.0,6939
44539,5.57.212.0,255.255.255.0,6939
7393,5.57.213.0,255.255.255.0,6939
28775,5.57.232.0,255.255.248.0,5405
35100,5.57.240.0,255.255.248.0,6939
16223,5.58.0.0,255.255.128.0,39392
31117,5.59.35.0,255.255.255.0,6939
62161,5.59.36.0,255.255.255.0,6939
202813,5.59.60.0,255.255.254.0,6939
205645,5.59.68.0,255.255.252.0,39392
41050,5.59.79.0,255.255.255.0,39392
203068,5.59.88.0,255.255.252.0,6939
202654,5.59.92.0,255.255.254.0,39392
57707,5.59.97.0,255.255.255.0,39392
204666,5.59.102.0,255.255.254.0,39392
56400,5.59.106.0,255.255.255.0,6939
206818,5.59.112.0,255.255.252.0,6939
44587,5.59.120.0,255.255.248.0,6939
47626,5.59.128.0,255.255.224.0,6939
211726,5.59.180.0,255.255.255.0,5405
212109,5.59.182.0,255.255.255.0,5405
48481,5.59.184.0,255.255.254.0,6939
208864,5.59.188.0,255.255.252.0,39392
51500,5.59.198.0,255.255.255.0,6939
204741,5.59.212.0,255.255.252.0,6939
50083,5.59.224.0,255.255.255.0,209531
208149,5.59.243.0,255.255.255.0,5405
60720,5.59.244.0,255.255.252.0,6939
212271,5.59.248.0,255.255.248.0,39120
204923,5.61.0.0,255.255.248.0,209531
25227,5.61.8.0,255.255.252.0,6939
51178,5.61.13.0,255.255.255.0,6939
47764,5.61.16.0,255.255.248.0,6939
8469,5.61.80.0,255.255.248.0,5405
20904,5.61.94.0,255.255.255.0,39392
25460,5.61.120.0,255.255.248.0,39392
58243,5.61.128.0,255.255.192.0,5405
29286,5.61.192.0,255.255.248.0,6939
202709,5.61.216.0,255.255.248.0,209531
12333,5.61.224.0,255.255.248.0,6939
47169,5.61.240.0,255.255.248.0,39392
133480,5.62.23.0,255.255.255.0,39392
16397,5.62.51.0,255.255.255.0,6939
199610,5.62.64.0,255.255.254.0,5405
62275,5.62.72.0,255.255.248.0,39392
14537,5.62.80.0,255.255.240.0,22356
57218,5.62.192.0,255.255.255.0,6939
37284,5.63.0.0,255.255.248.0,5405
206947,5.63.17.0,255.255.255.0,209531
44947,5.63.23.0,255.255.255.0,6939
62336,5.63.32.0,255.255.224.0,39392
49813,5.63.128.0,255.255.248.0,6939
21309,5.63.136.0,255.255.248.0,39392
197695,5.63.152.0,255.255.255.0,6939
49800,5.63.160.0,255.255.248.0,6939
16110,5.63.185.0,255.255.255.0,5405
205776,5.63.186.0,255.255.254.0,6939
197704,5.63.188.0,255.255.254.0,39392
21334,5.63.192.0,255.255.192.0,39392
20860,5.77.32.0,255.255.224.0,5405
31727,5.77.39.0,255.255.255.0,39392
44395,5.77.128.0,255.255.128.0,5405
212317,5.78.0.0,255.255.0.0,39392
8369,5.79.128.0,255.255.128.0,6939
51050,5.83.0.0,255.255.248.0,39392
58273,5.83.8.0,255.255.254.0,39392
35362,5.83.16.0,255.255.248.0,6939
34060,5.83.32.0,255.255.255.0,5405
3164,5.83.43.0,255.255.255.0,39392
12586,5.83.128.0,255.255.240.0,6939
214639,5.83.129.0,255.255.255.0,5405
53850,5.83.144.0,255.255.255.0,6939
44103,5.83.149.0,255.255.255.0,5405
209874,5.83.150.0,255.255.255.0,5405
214783,5.83.151.0,255.255.255.0,49544
207252,5.83.152.0,255.255.255.0,22356
200924,5.83.176.0,255.255.240.0,39392
25400,5.83.224.0,255.255.248.0,39392
28876,5.100.0.0,255.255.192.0,39392
42038,5.100.64.0,255.255.192.0,6939
46606,5.100.152.0,255.255.252.0,39392
2635,5.100.156.0,255.255.255.0,6939
61275,5.100.176.0,255.255.248.0,6939
52157,5.100.188.0,255.255.252.0,6939
207457,5.100.244.0,255.255.255.0,6939
204128,5.100.247.0,255.255.255.0,6939
28840,5.101.16.0,255.255.248.0,6939
201589,5.101.36.0,255.255.255.0,6939
61308,5.101.47.0,255.255.255.0,6939
8595,5.101.60.0,255.255.252.0,6939
48096,5.101.72.0,255.255.254.0,6939
60602,5.101.80.0,255.255.255.0,39392
62563,5.101.86.0,255.255.255.0,39392
50113,5.101.88.0,255.255.255.0,6939
44050,5.101.89.0,255.255.255.0,6939
14061,5.101.96.0,255.255.248.0,6939
200999,5.102.40.0,255.255.252.0,6939
42908,5.102.48.0,255.255.240.0,39392
41023,5.102.64.0,255.255.254.0,5405
7488,5.102.96.0,255.255.252.0,6939
20473,5.102.113.0,255.255.255.0,6939
199976,5.102.128.0,255.255.255.0,6939
201359,5.102.131.0,255.255.255.0,6939
200380,5.102.135.0,255.255.255.0,6939
59414,5.102.144.0,255.255.248.0,6939
28890,5.102.152.0,255.255.248.0,6939
199284,5.102.160.0,255.255.248.0,5405
50300,5.102.168.0,255.255.255.0,39392
6908,5.102.184.0,255.255.248.0,5405
44869,5.103.0.0,255.255.0.0,39392
47883,5.104.0.0,255.255.240.0,39392
12779,5.104.26.0,255.255.254.0,39392
59815,5.104.32.0,255.255.224.0,6939
141995,5.104.80.0,255.255.252.0,6939
51873,5.104.88.0,255.255.248.0,6939
50624,5.104.96.0,255.255.248.0,6939
57112,5.104.112.0,255.255.240.0,39392
43350,5.104.136.0,255.255.255.0,39392
21263,5.104.144.0,255.255.248.0,6939
31083,5.104.175.0,255.255.255.0,39392
34524,5.104.176.0,255.255.255.0,5405
34659,5.104.192.0,255.255.248.0,39392
28760,5.104.216.0,255.255.248.0,1764
58321,5.104.248.0,255.255.248.0,39392
204384,5.105.0.0,255.255.252.0,6939
31200,5.128.0.0,255.255.0.0,6939
60119,5.129.176.0,255.255.252.0,5405
57494,5.129.192.0,255.255.255.0,6939
50266,5.132.0.0,255.255.128.0,39392
47692,5.132.157.0,255.255.255.0,39392
44066,5.132.158.0,255.255.255.0,39392
197155,5.133.8.0,255.255.255.0,6939
200088,5.133.10.0,255.255.255.0,6939
59395,5.133.16.0,255.255.248.0,6939
31543,5.133.32.0,255.255.248.0,1764
199468,5.133.40.0,255.255.248.0,39392
198102,5.133.48.0,255.255.252.0,39392
15440,5.133.65.0,255.255.255.0,6939
34177,5.133.68.0,255.255.252.0,39392
14717,5.133.72.0,255.255.252.0,5405
12494,5.133.76.0,255.255.252.0,6939
60880,5.133.84.0,255.255.252.0,6939
39184,5.133.92.0,255.255.255.0,39392
35617,5.133.96.0,255.255.252.0,209531
47605,5.133.104.0,255.255.252.0,39392
212602,5.133.114.0,255.255.255.0,209531
8193,5.133.120.0,255.255.252.0,6939
48011,5.133.124.0,255.255.254.0,5405
20875,5.133.128.0,255.255.224.0,6939
6830,5.133.162.0,255.255.255.0,39392
57099,5.133.172.0,255.255.252.0,39392
25577,5.133.184.0,255.255.252.0,39392
205081,5.133.190.0,255.255.255.0,6939
196925,5.133.224.0,255.255.240.0,39392
41107,5.133.240.0,255.255.248.0,39392
197227,5.133.248.0,255.255.248.0,39392
34762,5.134.0.0,255.255.248.0,39392
34282,5.134.8.0,255.255.248.0,39392
39440,5.134.24.0,255.255.248.0,4455
39232,5.134.48.0,255.255.252.0,39392
197336,5.134.64.0,255.255.254.0,6939
39039,5.134.68.0,255.255.252.0,5405
199075,5.134.72.0,255.255.248.0,6939
207810,5.134.84.0,255.255.254.0,6939
62129,5.134.88.0,255.255.248.0,6939
59432,5.134.112.0,255.255.248.0,22356
3242,5.134.120.0,255.255.248.0,6939
42656,5.134.208.0,255.255.248.0,6939
21367,5.134.216.0,255.255.248.0,6939
35177,5.139.192.0,255.255.248.0,6939
12668,5.141.234.0,255.255.254.0,6939
15468,5.143.176.0,255.255.240.0,6939
12730,5.143.192.0,255.255.224.0,6939
50714,5.143.227.0,255.255.255.0,6939
209823,5.144.32.0,255.255.255.0,6939
25091,5.144.34.0,255.255.254.0,39392
61349,5.144.88.0,255.255.254.0,49544
8359,5.144.96.0,255.255.224.0,6939
59441,5.144.128.0,255.255.248.0,6939
8304,5.144.136.0,255.255.248.0,39392
197991,5.144.144.0,255.255.248.0,39392
214143,5.144.154.0,255.255.255.0,5405
12637,5.144.160.0,255.255.240.0,6939
56971,5.144.179.0,255.255.255.0,6939
31638,5.144.184.0,255.255.248.0,6939
203165,5.145.104.0,255.255.248.0,39392
35193,5.145.120.0,255.255.255.0,6939
34953,5.145.128.0,255.255.240.0,5405
197206,5.145.148.0,255.255.252.0,39392
44381,5.145.152.0,255.255.248.0,6939
44265,5.145.160.0,255.255.248.0,6939
39020,5.145.168.0,255.255.255.0,6939
208484,5.145.184.0,255.255.248.0,39392
25180,5.148.0.0,255.255.128.0,39392
29691,5.148.160.0,255.255.224.0,6939
34960,5.149.0.0,255.255.248.0,5405
33967,5.149.8.0,255.255.248.0,39392
29467,5.149.112.0,255.255.255.0,39392
25393,5.149.120.0,255.255.252.0,39392
28907,5.149.124.0,255.255.252.0,6939
6696,5.149.136.0,255.255.254.0,39392
2611,5.149.143.0,255.255.255.0,6939
60731,5.149.158.0,255.255.255.0,6939
56410,5.149.168.0,255.255.248.0,6939
47548,5.149.176.0,255.255.240.0,39392
196890,5.149.192.0,255.255.248.0,5405
50477,5.149.200.0,255.255.252.0,6939
35816,5.149.208.0,255.255.240.0,6939
12611,5.149.224.0,255.255.240.0,5405
197248,5.149.240.0,255.255.255.0,6939
59711,5.149.248.0,255.255.254.0,39392
60187,5.150.22.0,255.255.255.0,39392
3302,5.150.128.0,255.255.240.0,6939
34912,5.150.144.0,255.255.248.0,39392
8473,5.150.192.0,255.255.192.0,39392
6079,5.151.103.0,255.255.255.0,39392
35805,5.152.0.0,255.255.128.0,6939
202870,5.152.128.0,255.255.255.0,209531
214875,5.152.136.0,255.255.248.0,39392
197075,5.152.144.0,255.255.255.0,39392
60530,5.152.145.0,255.255.255.0,209531
57630,5.152.152.0,255.255.254.0,39392
59472,5.152.160.0,255.255.255.0,5405
5538,5.152.224.0,255.255.248.0,6939
44574,5.153.96.0,255.255.248.0,39392
3261,5.153.128.0,255.255.224.0,6939
41039,5.153.176.0,255.255.252.0,6939
196977,5.153.188.0,255.255.252.0,6939
207614,5.154.7.0,255.255.255.0,6939
199952,5.154.19.0,255.255.255.0,6939
206492,5.154.170.0,255.255.255.0,6939
207535,5.154.180.0,255.255.255.0,5405
41110,5.154.190.0,255.255.255.0,5405
6718,5.154.224.0,255.255.255.0,6939
59790,5.154.233.0,255.255.255.0,6939
58065,5.157.6.0,255.255.255.0,6939
62163,5.157.64.0,255.255.248.0,39392
35612,5.157.96.0,255.255.224.0,39392
49687,5.157.136.0,255.255.248.0,5405
199181,5.158.64.0,255.255.240.0,39392
43160,5.158.80.0,255.255.255.0,6939
38934,5.158.96.0,255.255.224.0,6939
2914,5.158.208.0,255.255.248.0,39392
34892,5.158.232.0,255.255.255.0,6939
49808,5.159.0.0,255.255.252.0,39392
9136,5.159.24.0,255.255.248.0,39392
61194,5.159.40.0,255.255.248.0,5405
198357,5.159.48.0,255.255.255.0,6939
59507,5.159.56.0,255.255.248.0,39392
201035,5.159.76.0,255.255.252.0,39392
59508,5.159.96.0,255.255.252.0,5405
197078,5.159.112.0,255.255.248.0,6939
59659,5.159.120.0,255.255.248.0,39392
12338,5.159.128.0,255.255.192.0,39392
45014,5.159.196.0,255.255.255.0,39392
48620,5.159.200.0,255.255.248.0,39392
34655,5.159.216.0,255.255.255.0,22356
47381,5.159.232.0,255.255.252.0,39392
50144,5.159.236.0,255.255.255.0,39392
200554,5.160.10.0,255.255.255.0,5405
51431,5.160.47.0,255.255.255.0,5405
60539,5.160.111.0,255.255.255.0,5405
62048,5.160.146.0,255.255.255.0,6939
42586,5.160.188.0,255.255.255.0,6939
62039,5.160.204.0,255.255.254.0,6939
43395,5.160.240.0,255.255.255.0,6939
49433,5.160.242.0,255.255.255.0,6939
35615,5.160.244.0,255.255.254.0,6939
213230,5.161.0.0,255.255.0.0,39392
28964,5.172.32.0,255.255.255.0,6939
9304,5.172.33.0,255.255.255.0,6939
9125,5.172.34.0,255.255.254.0,6939
20559,5.172.40.0,255.255.248.0,39392
43599,5.172.48.0,255.255.240.0,39392
31115,5.172.64.0,255.255.224.0,39392
51580,5.172.96.0,255.255.254.0,6939
20712,5.172.160.0,255.255.240.0,39392
212136,5.172.178.0,255.255.255.0,6939
27176,5.172.181.0,255.255.255.0,6939
29695,5.172.182.0,255.255.255.0,39392
15798,5.172.184.0,255.255.252.0,1764
199081,5.172.192.0,255.255.240.0,5405
197389,5.172.200.0,255.255.255.0,5405
13113,5.172.208.0,255.255.248.0,6939
8374,5.172.224.0,255.255.224.0,39392
39603,5.173.0.0,255.255.128.0,39392
201019,5.173.224.0,255.255.224.0,39392
200993,5.175.134.0,255.255.255.0,6939
214019,5.175.135.0,255.255.255.0,39392
47585,5.175.136.0,255.255.255.0,5405
146943,5.175.139.0,255.255.255.0,39392
214915,5.175.180.0,255.255.255.0,39392
211066,5.175.192.0,255.255.255.0,5405
197071,5.175.206.0,255.255.255.0,6939
62904,5.175.211.0,255.255.255.0,6939
48314,5.175.233.0,255.255.255.0,5405
215685,5.175.239.0,255.255.255.0,5405
211301,5.175.249.0,255.255.255.0,6939
60064,5.178.2.0,255.255.255.0,39392
39647,5.178.32.0,255.255.248.0,39392
15962,5.178.48.0,255.255.240.0,39392
50673,5.178.64.0,255.255.248.0,39392
42708,5.178.72.0,255.255.248.0,39392
140641,5.178.98.0,255.255.255.0,39392
214271,5.178.102.0,255.255.255.0,6939
59554,5.178.112.0,255.255.248.0,39392
60475,5.178.120.0,255.255.248.0,39392
16010,5.178.128.0,255.255.128.0,6939
49463,5.179.120.0,255.255.248.0,8218
34244,5.180.0.0,255.255.252.0,39392
210135,5.180.19.0,255.255.255.0,6939
18978,5.180.25.0,255.255.255.0,39392
215026,5.180.34.0,255.255.255.0,5405
56987,5.180.57.0,255.255.255.0,39392
147049,5.180.61.0,255.255.255.0,5405
215703,5.180.82.0,255.255.255.0,5405
212514,5.180.83.0,255.255.255.0,39392
5511,5.180.84.0,255.255.252.0,39392
209141,5.180.92.0,255.255.252.0,5405
55933,5.180.96.0,255.255.252.0,6939
49063,5.180.101.0,255.255.255.0,6939
197450,5.180.104.0,255.255.255.0,6939
209737,5.180.105.0,255.255.255.0,5405
57169,5.180.114.0,255.255.255.0,6939
208244,5.180.115.0,255.255.255.0,39392
35202,5.180.116.0,255.255.252.0,5405
29657,5.180.123.0,255.255.255.0,5405
209549,5.180.124.0,255.255.255.0,39392
43633,5.180.128.0,255.255.252.0,6939
13030,5.180.132.0,255.255.252.0,39392
207569,5.180.136.0,255.255.255.0,6939
210702,5.180.139.0,255.255.255.0,6939
51184,5.180.152.0,255.255.252.0,1764
209137,5.180.168.0,255.255.252.0,6939
50867,5.180.174.0,255.255.254.0,6939
137409,5.180.179.0,255.255.255.0,39392
24971,5.180.200.0,255.255.252.0,39392
49544,5.180.216.0,255.255.254.0,49544
204805,5.180.224.0,255.255.252.0,209531
8637,5.180.228.0,255.255.255.0,39392
199290,5.180.248.0,255.255.254.0,6939
1197,5.181.8.0,255.255.252.0,39392
34984,5.181.16.0,255.255.255.0,39392
206119,5.181.19.0,255.255.255.0,5405
205847,5.181.56.0,255.255.255.0,39392
50360,5.181.80.0,255.255.255.0,39392
43260,5.181.84.0,255.255.255.0,5405
48678,5.181.85.0,255.255.255.0,6939
43915,5.181.104.0,255.255.252.0,5405
9063,5.181.116.0,255.255.252.0,39392
50469,5.181.120.0,255.255.254.0,5405
55720,5.181.132.0,255.255.255.0,6939
202673,5.181.135.0,255.255.255.0,22356
39798,5.181.156.0,255.255.255.0,6939
26548,5.181.170.0,255.255.255.0,6939
214677,5.181.177.0,255.255.255.0,5405
212477,5.181.180.0,255.255.255.0,6939
36352,5.181.182.0,255.255.255.0,22356
201814,5.181.188.0,255.255.252.0,6939
207208,5.181.191.0,255.255.255.0,6939
60989,5.181.192.0,255.255.252.0,209531
59637,5.181.208.0,255.255.252.0,6939
214286,5.181.220.0,255.255.255.0,6939
45102,5.181.224.0,255.255.254.0,6939
42947,5.181.236.0,255.255.255.0,39392
198690,5.181.244.0,255.255.252.0,6939
209116,5.181.248.0,255.255.252.0,6939
44128,5.181.252.0,255.255.254.0,6939
209709,5.182.12.0,255.255.252.0,22356
8860,5.182.21.0,255.255.255.0,5405
216199,5.182.34.0,255.255.255.0,5405
209110,5.182.40.0,255.255.252.0,5405
61173,5.182.44.0,255.255.255.0,6939
41720,5.182.48.0,255.255.255.0,22356
53340,5.182.50.0,255.255.255.0,6939
64249,5.182.51.0,255.255.255.0,39392
43045,5.182.52.0,255.255.252.0,6939
57843,5.182.64.0,255.255.255.0,6939
205891,5.182.68.0,255.255.252.0,39392
210644,5.182.86.0,255.255.255.0,6939
209106,5.182.96.0,255.255.252.0,6939
214432,5.182.112.0,255.255.255.0,6939
212683,5.182.115.0,255.255.255.0,39392
209097,5.182.144.0,255.255.255.0,6939
206548,5.182.148.0,255.255.252.0,39392
5539,5.182.154.0,255.255.254.0,5405
205555,5.182.156.0,255.255.255.0,5405
48918,5.182.178.0,255.255.255.0,5405
7015,5.182.187.0,255.255.255.0,39392
206521,5.182.189.0,255.255.255.0,6939
62068,5.182.208.0,255.255.255.0,6939
35280,5.182.212.0,255.255.252.0,39392
134548,5.182.216.0,255.255.252.0,6939
21396,5.182.220.0,255.255.252.0,39392
56630,5.182.228.0,255.255.252.0,6939
12897,5.182.236.0,255.255.252.0,39392
31034,5.182.240.0,255.255.252.0,39392
47176,5.183.4.0,255.255.255.0,6939
39305,5.183.16.0,255.255.255.0,39392
197033,5.183.18.0,255.255.255.0,6939
12748,5.183.20.0,255.255.252.0,39392
57334,5.183.28.0,255.255.252.0,6939
57395,5.183.48.0,255.255.252.0,39392
35258,5.183.72.0,255.255.252.0,6939
224,5.183.79.0,255.255.255.0,6939
57353,5.183.84.0,255.255.252.0,6939
22773,5.183.88.0,255.255.252.0,39392
6424,5.183.96.0,255.255.252.0,209531
51083,5.183.104.0,255.255.252.0,39392
200818,5.183.108.0,255.255.255.0,209531
41327,5.183.110.0,255.255.255.0,209531
18186,5.183.116.0,255.255.255.0,6939
197133,5.183.124.0,255.255.252.0,8218
50187,5.183.146.0,255.255.255.0,6939
43618,5.183.150.0,255.255.255.0,39392
212344,5.183.162.0,255.255.255.0,5405
49292,5.183.164.0,255.255.254.0,39392
60201,5.183.168.0,255.255.255.0,39392
39383,5.183.170.0,255.255.255.0,5405
202486,5.183.180.0,255.255.255.0,6939
200487,5.183.188.0,255.255.255.0,6939
200438,5.183.192.0,255.255.255.0,6939
12998,5.183.200.0,255.255.252.0,6939
5405,5.183.211.0,255.255.255.0,5405
56689,5.183.232.0,255.255.252.0,6939
20655,5.183.253.0,255.255.255.0,6939
5617,5.184.0.0,255.254.0.0,39392
49628,5.187.8.0,255.255.248.0,6939
43727,5.187.64.0,255.255.255.0,6939
21351,5.187.96.0,255.255.224.0,6939
205553,5.188.9.0,255.255.255.0,6939
47478,5.188.52.0,255.255.252.0,6939
200590,5.188.64.0,255.255.255.0,6939
56534,5.188.85.0,255.255.255.0,6939
49453,5.188.86.0,255.255.255.0,5405
199860,5.188.104.0,255.255.252.0,6939
39238,5.188.164.0,255.255.254.0,6939
56694,5.188.166.0,255.255.255.0,6939
49287,5.188.174.0,255.255.255.0,22356
47193,5.188.192.0,255.255.252.0,6939
45054,5.188.203.0,255.255.255.0,6939
204272,5.188.220.0,255.255.254.0,6939
50509,5.188.236.0,255.255.254.0,6939
12737,5.189.192.0,255.255.255.0,6939
48225,5.189.219.0,255.255.255.0,6939
31721,5.191.0.0,255.255.240.0,5405
200729,5.191.240.0,255.255.240.0,5405
57293,5.197.0.0,255.255.0.0,5405
12390,5.198.0.0,255.255.128.0,22356
209523,5.198.192.0,255.255.224.0,8218
25198,5.199.3.0,255.255.255.0,24482
12414,5.199.144.0,255.255.240.0,39392
16125,5.199.160.0,255.255.254.0,209531
216444,5.199.164.0,255.255.252.0,22356
48284,5.199.176.0,255.255.248.0,5405
44702,5.199.184.0,255.255.252.0,39392
33915,5.199.188.0,255.255.252.0,39392
12521,5.199.224.0,255.255.248.0,39392
49984,5.199.232.0,255.255.248.0,6939
24631,5.200.64.0,255.255.224.0,6939
206862,5.200.95.0,255.255.255.0,6939
12324,5.201.0.0,255.255.128.0,1764
56547,5.201.172.0,255.255.254.0,6939
49100,5.202.0.0,255.255.0.0,6939
34918,5.202.0.0,255.255.240.0,6939
39642,5.206.192.0,255.255.248.0,39392
47674,5.206.224.0,255.255.255.0,39392
206262,5.206.232.0,255.255.248.0,5405
57332,5.206.240.0,255.255.240.0,6939
215859,5.223.0.0,255.255.0.0,24482
30781,5.226.0.0,255.255.248.0,39392
51701,5.226.32.0,255.255.248.0,39392
931,5.226.52.0,255.255.255.0,22356
12741,5.226.64.0,255.255.192.0,39392
25369,5.226.136.0,255.255.248.0,5405
58299,5.226.144.0,255.255.248.0,6939
39045,5.226.153.0,255.255.255.0,6939
43578,5.226.172.0,255.255.255.0,39392
4637,5.226.185.0,255.255.255.0,39392
31898,5.226.187.0,255.255.255.0,22356
152179,5.226.188.0,255.255.255.0,5405
48612,5.227.122.0,255.255.255.0,6939
42610,5.228.0.0,255.255.0.0,6939
47263,5.231.20.0,255.255.255.0,5405
62403,5.231.46.0,255.255.255.0,5405
23470,5.231.61.0,255.255.255.0,6939
209824,5.231.72.0,255.255.255.0,5405
63473,5.231.73.0,255.255.255.0,5405
6517,5.231.80.0,255.255.255.0,22356
206659,5.231.97.0,255.255.255.0,39392
58087,5.231.116.0,255.255.255.0,6939
200275,5.231.127.0,255.255.255.0,5405
19318,5.231.203.0,255.255.255.0,6939
210705,5.231.204.0,255.255.255.0,5405
1257,5.240.0.0,255.252.0.0,39392
15895,5.248.0.0,255.255.0.0,39392
42277,5.249.192.0,255.255.224.0,6939
51468,5.249.224.0,255.255.224.0,39392
41369,5.250.160.0,255.255.248.0,5405
12714,5.250.168.0,255.255.248.0,6939
8560,5.250.176.0,255.255.248.0,39392
48166,5.250.232.0,255.255.248.0,6939
200497,5.252.16.0,255.255.252.0,209531
59796,5.252.32.0,255.255.255.0,6939
201548,5.252.40.0,255.255.252.0,39392
41849,5.252.44.0,255.255.252.0,39392
209468,5.252.56.0,255.255.252.0,8218
31221,5.252.57.0,255.255.255.0,8218
21859,5.252.82.0,255.255.255.0,5405
209086,5.252.108.0,255.255.252.0,6939
855,5.252.112.0,255.255.252.0,6939
41653,5.252.114.0,255.255.254.0,39392
61221,5.252.144.0,255.255.255.0,8218
30860,5.252.154.0,255.255.255.0,6939
15377,5.252.180.0,255.255.252.0,6939
198187,5.252.214.0,255.255.255.0,6939
199163,5.253.8.0,255.255.252.0,39392
61112,5.253.36.0,255.255.255.0,5405
207994,5.253.37.0,255.255.255.0,6939
25693,5.253.38.0,255.255.255.0,6939
211826,5.253.46.0,255.255.255.0,5405
209301,5.253.48.0,255.255.252.0,6939
39777,5.253.52.0,255.255.252.0,6939
19905,5.253.80.0,255.255.255.0,22356
213438,5.253.84.0,255.255.255.0,5405
15695,5.253.88.0,255.255.255.0,8218
209393,5.253.100.0,255.255.252.0,6939
15502,5.253.124.0,255.255.252.0,39392
33991,5.253.144.0,255.255.252.0,6939
12844,5.253.152.0,255.255.254.0,39392
8426,5.253.180.0,255.255.255.0,6939
24768,5.253.181.0,255.255.255.0,39392
20836,5.253.198.0,255.255.255.0,39392
44084,5.253.212.0,255.255.254.0,209531
29081,5.253.216.0,255.255.252.0,39392
198050,5.253.230.0,255.255.255.0,39392
43872,5.253.252.0,255.255.252.0,39392
3223,5.254.1.0,255.255.255.0,39392
59371,5.254.128.0,255.255.224.0,5405
199205,5.254.184.0,255.255.248.0,1764
31272,5.255.32.0,255.255.240.0,39392
199713,5.255.48.0,255.255.248.0,39392
15623,5.255.56.0,255.255.255.0,4455
9140,5.255.137.0,255.255.255.0,5405
34700,5.255.160.0,255.255.240.0,39392
21310,5.255.176.0,255.255.240.0,6939
668,6.2.0.0,255.255.128.0,6939
367,6.16.66.0,255.255.255.0,39392
1540,6.16.70.0,255.255.255.0,39392
27064,6.16.136.0,255.255.255.0,39392
721,6.16.172.0,255.255.254.0,39392
2685,7.193.230.0,255.255.255.0,39392
396238,8.2.130.0,255.255.254.0,6939
19224,8.2.132.0,255.255.252.0,6939
36394,8.2.144.0,255.255.252.0,39392
23089,8.2.184.0,255.255.254.0,6939
32798,8.2.208.0,255.255.248.0,6939
395148,8.3.48.0,255.255.252.0,39392
395354,8.3.80.0,255.255.240.0,39392
7131,8.3.112.0,255.255.240.0,6939
14602,8.3.252.0,255.255.255.0,6939
11251,8.5.5.0,255.255.255.0,39392
17903,8.5.252.0,255.255.255.0,6939
33724,8.6.240.0,255.255.254.0,39392
27425,8.7.92.0,255.255.254.0,6939
18570,8.7.94.0,255.255.255.0,39392
13649,8.7.96.0,255.255.248.0,5405
30016,8.7.223.0,255.255.255.0,39392
15169,8.8.4.0,255.255.255.0,22356
35872,8.8.6.0,255.255.255.0,5405
394828,8.8.94.0,255.255.255.0,6939
13781,8.8.216.0,255.255.252.0,6939
396431,8.9.39.0,255.255.255.0,39392
62728,8.9.40.0,255.255.248.0,6939
62,8.9.239.0,255.255.255.0,39392
11168,8.10.65.0,255.255.255.0,39392
33182,8.10.120.0,255.255.255.0,263444
20454,8.10.160.0,255.255.254.0,6939
46887,8.11.166.0,255.255.255.0,39392
17035,8.11.200.0,255.255.255.0,39392
395505,8.12.29.0,255.255.255.0,6939
13767,8.12.72.0,255.255.252.0,6939
25674,8.12.76.0,255.255.255.0,39392
29152,8.12.112.0,255.255.255.0,6939
12025,8.12.246.0,255.255.254.0,6939
36236,8.14.32.0,255.255.255.0,24482
23338,8.14.84.0,255.255.252.0,39392
47631,8.14.119.0,255.255.255.0,39392
28469,8.14.224.0,255.255.224.0,6939
209,8.15.5.0,255.255.255.0,39392
18540,8.15.64.0,255.255.255.0,39392
18624,8.15.172.0,255.255.254.0,39392
46639,8.17.66.0,255.255.255.0,39392
36734,8.17.88.0,255.255.248.0,39392
40311,8.17.107.0,255.255.255.0,22356
40393,8.19.44.0,255.255.255.0,6939
13380,8.19.116.0,255.255.255.0,6939
53780,8.19.119.0,255.255.255.0,6939
32696,8.19.188.0,255.255.255.0,39392
23314,8.19.242.0,255.255.255.0,39392
35873,8.20.2.0,255.255.255.0,39392
10397,8.20.31.0,255.255.255.0,5405
394437,8.20.63.0,255.255.255.0,39392
30372,8.20.92.0,255.255.255.0,5405
11178,8.20.178.0,255.255.255.0,6939
63107,8.20.214.0,255.255.254.0,39392
33302,8.20.216.0,255.255.248.0,6939
23304,8.21.51.0,255.255.255.0,39392
33099,8.21.67.0,255.255.255.0,39392
40526,8.21.68.0,255.255.252.0,6939
22147,8.21.81.0,255.255.255.0,39392
2731,8.21.104.0,255.255.254.0,39392
136796,8.21.143.0,255.255.255.0,22356
32308,8.21.164.0,255.255.255.0,39392
53407,8.22.12.0,255.255.254.0,6939
3685,8.22.104.0,255.255.248.0,6939
13938,8.22.142.0,255.255.255.0,5405
19844,8.22.200.0,255.255.248.0,6939
27876,8.23.28.0,255.255.252.0,39392
136897,8.23.132.0,255.255.255.0,6939
23005,8.23.149.0,255.255.255.0,39392
46435,8.23.152.0,255.255.255.0,6939
53845,8.23.225.0,255.255.255.0,6939
14828,8.24.96.0,255.255.240.0,6939
33561,8.24.204.0,255.255.252.0,39392
16574,8.24.208.0,255.255.255.0,39392
24429,8.25.82.0,255.255.255.0,24482
25611,8.25.157.0,255.255.255.0,39392
55209,8.27.78.0,255.255.255.0,39392
40749,8.27.208.0,255.255.240.0,6939
62713,8.28.7.0,255.255.255.0,39392
103,8.28.178.0,255.255.254.0,6939
30536,8.28.184.0,255.255.248.0,6939
22898,8.28.240.0,255.255.240.0,6939
32378,8.29.49.0,255.255.255.0,39392
36730,8.29.72.0,255.255.248.0,39392
36444,8.29.128.0,255.255.240.0,6939
4455,8.29.192.0,255.255.248.0,4455
32419,8.29.208.0,255.255.255.0,39392
62614,8.29.213.0,255.255.255.0,39392
53720,8.30.4.0,255.255.255.0,39392
55270,8.30.125.0,255.255.255.0,39392
395368,8.31.32.0,255.255.240.0,39392
33616,8.33.16.0,255.255.252.0,6939
397849,8.33.38.0,255.255.255.0,6939
11475,8.33.46.0,255.255.254.0,6939
7381,8.33.80.0,255.255.240.0,5405
11071,8.33.139.0,255.255.255.0,39392
13984,8.34.27.0,255.255.255.0,6939
17378,8.34.28.0,255.255.252.0,6939
22616,8.34.34.0,255.255.255.0,39392
33570,8.34.47.0,255.255.255.0,6939
33695,8.34.124.0,255.255.252.0,6939
32278,8.34.174.0,255.255.254.0,6939
13750,8.35.148.0,255.255.255.0,39392
27447,8.36.84.0,255.255.255.0,6939
55256,8.36.116.0,255.255.255.0,263444
27381,8.36.162.0,255.255.255.0,5405
393552,8.36.226.0,255.255.254.0,6939
19256,8.36.230.0,255.255.254.0,6939
14155,8.36.240.0,255.255.240.0,6939
16491,8.37.96.0,255.255.255.0,6939
54994,8.37.238.0,255.255.255.0,5405
16504,8.38.33.0,255.255.255.0,39392
62802,8.38.223.0,255.255.255.0,6939
2639,8.39.54.0,255.255.254.0,6939
394973,8.39.87.0,255.255.255.0,39392
397423,8.39.234.0,255.255.254.0,5405
23118,8.40.48.0,255.255.240.0,39392
395584,8.40.118.0,255.255.254.0,39392
35986,8.40.160.0,255.255.252.0,39392
27195,8.41.31.0,255.255.255.0,39392
30262,8.41.102.0,255.255.255.0,39392
26038,8.41.135.0,255.255.255.0,6939
13727,8.42.8.0,255.255.255.0,6939
63474,8.42.99.0,255.255.255.0,6939
62955,8.42.112.0,255.255.240.0,6939
11272,8.42.176.0,255.255.240.0,39392
19021,8.43.40.0,255.255.254.0,39392
63264,8.44.4.0,255.255.254.0,39392
202,8.44.80.0,255.255.252.0,39392
26375,8.44.216.0,255.255.248.0,39392
17639,8.45.0.0,255.255.240.0,6939
17054,8.45.61.0,255.255.255.0,6939
17139,8.48.84.0,255.255.255.0,39392
134963,8.208.136.0,255.255.255.0,6939
46450,8.225.96.0,255.255.254.0,39392
138915,8.242.22.0,255.255.255.0,5405
3549,8.242.80.0,255.255.248.0,6939
264646,8.242.189.0,255.255.255.0,22356
52263,8.242.197.0,255.255.255.0,22356
7195,8.242.227.0,255.255.255.0,22356
263756,8.243.13.0,255.255.255.0,22356
15256,8.243.33.0,255.255.255.0,6939
272004,8.243.96.128,255.255.255.224,22356
27843,8.243.103.0,255.255.255.0,39392
271835,8.243.115.160,255.255.255.224,22356
36040,8.243.116.224,255.255.255.224,6939
262191,8.243.170.0,255.255.255.0,6939
262248,8.243.234.0,255.255.255.0,39392
19978,8.243.248.0,255.255.248.0,39392
26879,8.244.10.0,255.255.255.0,22356
13445,8.244.137.0,255.255.255.0,6939
33659,9.142.0.0,255.255.224.0,39392
11404,9.142.32.0,255.255.240.0,39392
7018,12.0.0.0,255.0.0.0,39392
14203,12.0.126.0,255.255.254.0,6939
2386,12.0.224.0,255.255.255.0,6939
109,12.5.186.0,255.255.254.0,6939
18434,12.6.9.0,255.255.255.0,6939
17253,12.8.54.0,255.255.255.0,6939
32869,12.13.40.0,255.255.248.0,6939
398337,12.13.173.0,255.255.255.0,39392
19111,12.13.211.0,255.255.255.0,39392
4185,12.14.12.0,255.255.255.0,39392
4473,12.17.241.0,255.255.255.0,39392
36178,12.20.60.0,255.255.254.0,39392
22249,12.20.188.0,255.255.255.0,39392
13760,12.21.155.0,255.255.255.0,39392
30452,12.22.178.0,255.255.254.0,39392
4546,12.24.112.0,255.255.255.0,6939
21619,12.25.95.0,255.255.255.0,39392
11520,12.26.124.0,255.255.255.0,6939
30517,12.27.195.0,255.255.255.0,39392
19449,12.28.196.0,255.255.255.0,39392
25924,12.30.121.0,255.255.255.0,39392
47039,12.32.185.0,255.255.255.0,6939
11273,12.33.109.0,255.255.255.0,22356
40934,12.34.97.0,255.255.255.0,6939
40233,12.34.126.0,255.255.255.0,39392
19229,12.37.153.0,255.255.255.0,6939
30182,12.41.85.0,255.255.255.0,6939
399240,12.42.147.0,255.255.255.0,39392
20057,12.72.0.0,255.255.128.0,5405
3423,12.96.43.0,255.255.255.0,39392
64243,12.104.109.0,255.255.255.0,6939
16618,12.104.196.0,255.255.255.0,6939
19240,12.106.86.0,255.255.255.0,39392
40631,12.129.82.0,255.255.255.0,39392
17088,12.130.13.0,255.255.255.0,6939
6389,12.130.209.0,255.255.255.0,39392
15085,12.131.100.0,255.255.254.0,39392
54420,12.132.105.0,255.255.255.0,5405
26881,12.145.20.0,255.255.255.0,39392
19244,12.145.193.0,255.255.255.0,39392
14858,12.147.32.0,255.255.255.0,39392
13652,12.149.40.0,255.255.255.0,39392
36136,12.149.218.0,255.255.255.0,39392
25932,12.150.167.0,255.255.255.0,39392
25921,12.152.107.0,255.255.255.0,39392
26854,12.152.252.0,255.255.255.0,6939
797,12.153.241.0,255.255.255.0,39392
11924,12.160.248.0,255.255.255.0,6939
1828,12.162.3.0,255.255.255.0,5405
11966,12.166.196.0,255.255.252.0,39392
55219,12.167.151.0,255.255.255.0,6939
26842,12.171.137.0,255.255.255.0,39392
27202,12.171.244.0,255.255.252.0,39392
46562,12.177.85.0,255.255.255.0,6939
33286,12.178.51.0,255.255.255.0,39392
31921,12.188.159.0,255.255.255.0,6939
18937,12.197.228.0,255.255.255.0,6939
14230,12.199.28.0,255.255.255.0,6939
46870,12.204.119.0,255.255.255.0,39392
11992,12.205.80.0,255.255.240.0,39392
22362,12.216.253.0,255.255.255.0,5405
7046,12.219.9.0,255.255.255.0,6939
13621,12.219.219.0,255.255.255.0,6939
40805,12.222.200.0,255.255.252.0,6939
25993,12.226.78.0,255.255.254.0,39392
62813,12.236.156.0,255.255.254.0,6939
46827,12.236.226.0,255.255.255.0,39392
3741,13.100.10.0,255.255.254.0,39392
14340,13.108.0.0,255.254.0.0,39392
55391,14.0.8.0,255.255.252.0,39392
24088,14.0.16.0,255.255.252.0,6939
38819,14.0.128.0,255.255.128.0,39392
55392,14.1.4.0,255.255.252.0,39392
10000,14.1.8.0,255.255.248.0,6939
45437,14.1.16.0,255.255.252.0,6939
46844,14.1.20.0,255.255.252.0,39392
63018,14.1.28.0,255.255.255.0,6939
45177,14.1.32.0,255.255.224.0,39392
14593,14.1.64.0,255.255.252.0,5405
139009,14.1.101.0,255.255.255.0,6939
9541,14.1.104.0,255.255.255.0,6939
45960,14.1.128.0,255.255.128.0,6939
4739,14.2.0.0,255.255.0.0,6939
7545,14.2.0.0,255.255.224.0,6939
4685,14.3.0.0,255.255.0.0,6939
2516,14.8.0.0,255.254.0.0,6939
131927,14.14.0.0,255.255.192.0,6939
23624,14.14.96.0,255.255.240.0,6939
131933,14.14.128.0,255.255.240.0,6939
24279,14.15.64.0,255.255.248.0,6939
151387,14.15.96.0,255.255.240.0,6939
58466,14.18.32.0,255.255.224.0,6939
134774,14.26.0.0,255.255.192.0,6939
4040,14.49.22.0,255.255.255.0,39392
17762,14.96.1.0,255.255.255.0,39392
45820,14.96.8.0,255.255.248.0,5405
9506,14.100.0.0,255.255.128.0,5405
18046,14.102.0.0,255.255.255.0,6939
18002,14.102.1.0,255.255.255.0,5405
133594,14.102.3.0,255.255.255.0,5405
43700,14.102.4.0,255.255.252.0,6939
201949,14.102.10.0,255.255.255.0,5405
153489,14.102.79.0,255.255.255.0,39392
8881,14.102.90.0,255.255.255.0,39392
45117,14.102.94.0,255.255.255.0,5405
64073,14.102.98.0,255.255.254.0,6939
35600,14.102.102.0,255.255.255.0,8218
17534,14.102.132.0,255.255.252.0,6939
7600,14.102.136.0,255.255.248.0,5405
45352,14.102.144.0,255.255.254.0,6939
55653,14.102.152.0,255.255.252.0,6939
17625,14.102.160.0,255.255.255.0,5405
134143,14.102.164.0,255.255.252.0,5405
135025,14.102.168.0,255.255.252.0,6939
54578,14.102.172.0,255.255.252.0,6939
134316,14.102.188.0,255.255.255.0,39392
21769,14.102.224.0,255.255.240.0,22356
53107,14.102.230.0,255.255.255.0,263444
215724,14.102.231.0,255.255.255.0,6939
48925,14.102.233.0,255.255.255.0,22356
211091,14.102.236.0,255.255.255.0,39392
45413,14.128.9.0,255.255.255.0,6939
10013,14.128.64.0,255.255.192.0,39392
18126,14.132.0.0,255.255.0.0,6939
9269,14.136.0.0,255.255.0.0,24482
10103,14.136.12.0,255.255.252.0,24482
55850,14.137.0.0,255.255.224.0,6939
135409,14.137.32.0,255.255.224.0,24482
4694,14.137.224.0,255.255.224.0,39392
10036,14.138.224.0,255.255.254.0,6939
55824,14.139.0.0,255.255.0.0,6939
4758,14.139.15.0,255.255.255.0,6939
6421,14.141.246.0,255.255.255.0,6939
45899,14.160.0.0,255.255.0.0,5405
150008,14.192.0.0,255.255.255.0,5405
400619,14.192.4.0,255.255.254.0,5405
139490,14.192.12.0,255.255.255.0,5405
132717,14.192.16.0,255.255.255.0,5405
17665,14.192.24.0,255.255.255.0,39392
45916,14.192.28.0,255.255.255.0,5405
135772,14.192.52.0,255.255.252.0,39392
58460,14.192.72.0,255.255.252.0,6939
152655,14.192.75.0,255.255.255.0,22356
131934,14.192.96.0,255.255.224.0,6939
133933,14.192.128.0,255.255.255.0,6939
45814,14.192.137.0,255.255.255.0,6939
9534,14.192.192.0,255.255.192.0,6939
55441,14.194.192.0,255.255.240.0,5405
132252,14.198.240.0,255.255.240.0,24482
45458,14.207.7.0,255.255.255.0,24482
133481,14.207.160.0,255.255.255.0,24482
135905,14.225.0.0,255.255.0.0,5405
13979,15.4.64.0,255.255.192.0,39392
2686,15.20.98.0,255.255.255.0,39392
2687,15.32.72.0,255.255.255.0,5405
25888,15.32.96.0,255.255.254.0,5405
33,15.65.192.0,255.255.248.0,39392
2154,15.90.164.0,255.255.252.0,39392
3360,15.176.32.0,255.255.240.0,8218
7057,15.195.0.0,255.255.0.0,6939
20055,15.211.0.0,255.255.0.0,6939
20115,16.14.192.0,255.255.248.0,6939
10796,16.14.248.0,255.255.248.0,6939
203329,16.41.252.0,255.255.255.0,5405
33363,16.98.0.0,255.255.192.0,6939
7843,16.191.0.0,255.255.254.0,6939
714,17.0.0.0,255.0.0.0,6939
3,18.0.0.0,255.255.0.0,6939
10578,18.2.0.0,255.255.224.0,6939
28857,20.154.66.0,255.255.254.0,1764
1764,20.154.73.0,255.255.255.0,1764
12252,23.0.144.0,255.255.240.0,6939
23693,23.0.208.0,255.255.252.0,6939
2860,23.1.4.0,255.255.252.0,39392
9498,23.1.36.0,255.255.252.0,39392
35994,23.1.232.0,255.255.255.0,22356
27789,23.3.72.0,255.255.255.0,6939
4761,23.3.76.0,255.255.252.0,6939
7713,23.11.48.0,255.255.240.0,6939
8781,23.15.44.0,255.255.252.0,5405
7922,23.24.0.0,255.254.0.0,39392
54600,23.26.24.0,255.255.252.0,6939
32613,23.26.32.0,255.255.255.0,39392
7385,23.26.38.0,255.255.255.0,39392
49770,23.26.41.0,255.255.255.0,6939
7979,23.26.62.0,255.255.254.0,5405
399486,23.26.76.0,255.255.254.0,39392
51847,23.26.80.0,255.255.255.0,5405
263812,23.26.114.0,255.255.255.0,6939
264409,23.26.115.0,255.255.255.0,6939
399646,23.26.125.0,255.255.255.0,6939
54309,23.26.141.0,255.255.255.0,5405
33601,23.26.144.0,255.255.255.0,39392
135375,23.26.198.0,255.255.255.0,6939
400810,23.26.227.0,255.255.255.0,6939
149440,23.26.237.0,255.255.255.0,6939
13737,23.26.250.0,255.255.255.0,6939
18779,23.27.3.0,255.255.255.0,6939
6939,23.27.29.0,255.255.255.0,6939
400402,23.27.96.0,255.255.255.0,5405
12083,23.27.205.0,255.255.255.0,6939
397032,23.27.211.0,255.255.255.0,22356
395434,23.29.16.0,255.255.254.0,6939
18712,23.29.32.0,255.255.240.0,39392
397325,23.29.49.0,255.255.255.0,39392
54098,23.29.53.0,255.255.255.0,6939
701,23.29.96.0,255.255.240.0,39392
32748,23.29.128.0,255.255.224.0,39392
47869,23.29.136.0,255.255.248.0,39392
22995,23.29.192.0,255.255.248.0,6939
36315,23.29.224.0,255.255.224.0,6939
9500,23.32.48.0,255.255.252.0,6939
9885,23.32.176.0,255.255.252.0,6939
45758,23.33.128.0,255.255.254.0,24482
9829,23.34.252.0,255.255.252.0,39392
24203,23.35.20.0,255.255.252.0,6939
45430,23.35.150.0,255.255.254.0,24482
4780,23.36.112.0,255.255.252.0,39392
7552,23.36.145.0,255.255.255.0,5405
9299,23.39.108.0,255.255.254.0,6939
55644,23.40.247.0,255.255.255.0,39392
7470,23.46.20.0,255.255.254.0,6939
1680,23.46.164.0,255.255.252.0,39392
38040,23.47.0.0,255.255.252.0,6939
8551,23.56.174.0,255.255.255.0,6939
5432,23.61.4.0,255.255.252.0,5405
24309,23.62.12.0,255.255.255.0,39392
394256,23.83.208.0,255.255.248.0,6939
63213,23.83.216.0,255.255.252.0,6939
25820,23.83.224.0,255.255.252.0,6939
10242,23.88.128.0,255.255.224.0,6939
36103,23.88.160.0,255.255.240.0,6939
138322,23.88.192.0,255.255.224.0,6939
47638,23.90.64.0,255.255.252.0,4455
32845,23.90.92.0,255.255.255.0,6939
16417,23.90.96.0,255.255.255.0,6939
7992,23.91.80.0,255.255.240.0,39392
135377,23.91.96.0,255.255.255.0,6939
4229,23.91.109.0,255.255.255.0,5405
5645,23.91.128.0,255.255.224.0,39392
36493,23.91.160.0,255.255.224.0,6939
11492,23.91.192.0,255.255.240.0,6939
11814,23.91.224.0,255.255.240.0,6939
62646,23.92.0.0,255.255.240.0,6939
63949,23.92.16.0,255.255.248.0,22356
19531,23.92.80.0,255.255.240.0,39392
40788,23.92.128.0,255.255.240.0,6939
32475,23.92.176.0,255.255.252.0,5405
13791,23.92.180.0,255.255.252.0,5405
12179,23.92.182.0,255.255.254.0,5405
10913,23.92.182.0,255.255.255.0,5405
12182,23.92.184.0,255.255.252.0,5405
31863,23.92.208.0,255.255.240.0,6939
46375,23.93.0.0,255.255.0.0,39392
20278,23.94.12.0,255.255.255.0,6939
20001,23.94.90.0,255.255.255.0,6939
14315,23.94.110.0,255.255.255.0,39392
18526,23.95.45.0,255.255.255.0,6939
399861,23.95.83.0,255.255.255.0,6939
135391,23.95.98.0,255.255.255.0,6939
39134,23.105.224.0,255.255.255.0,6939
54643,23.111.64.0,255.255.252.0,6939
11831,23.111.76.0,255.255.255.0,6939
393457,23.128.0.0,255.255.255.0,6939
401418,23.128.36.0,255.255.255.0,6939
401725,23.128.56.0,255.255.255.0,6939
32097,23.128.64.0,255.255.255.0,6939
53758,23.128.96.0,255.255.255.0,6939
53427,23.128.100.0,255.255.255.0,22356
40156,23.128.116.0,255.255.255.0,39392
16552,23.128.120.0,255.255.255.0,6939
62809,23.128.144.0,255.255.255.0,6939
8143,23.128.188.0,255.255.255.0,5405
55077,23.128.208.0,255.255.255.0,6939
138997,23.128.228.0,255.255.255.0,22356
400202,23.128.232.0,255.255.255.0,6939
53388,23.128.236.0,255.255.255.0,22356
53356,23.129.32.0,255.255.255.0,6939
396507,23.129.64.0,255.255.255.0,6939
13378,23.129.76.0,255.255.255.0,24482
18850,23.129.108.0,255.255.255.0,6939
399989,23.129.160.0,255.255.255.0,39392
33083,23.129.196.0,255.255.255.0,6939
16909,23.129.212.0,255.255.255.0,6939
62887,23.130.0.0,255.255.255.0,6939
153371,23.130.4.0,255.255.255.0,5405
395297,23.130.12.0,255.255.255.0,6939
11918,23.130.32.0,255.255.255.0,6939
26721,23.130.128.0,255.255.255.0,39392
52210,23.130.136.0,255.255.255.0,6939
212934,23.130.137.0,255.255.255.0,5405
7795,23.130.176.0,255.255.255.0,39392
7247,23.130.184.0,255.255.255.0,6939
394625,23.130.192.0,255.255.255.0,6939
25912,23.130.212.0,255.255.255.0,6939
20042,23.130.216.0,255.255.255.0,6939
26939,23.130.220.0,255.255.255.0,22356
53343,23.131.12.0,255.255.255.0,6939
32864,23.131.16.0,255.255.255.0,6939
149020,23.131.24.0,255.255.255.0,6939
396480,23.131.64.0,255.255.255.0,6939
16827,23.131.96.0,255.255.255.0,6939
13925,23.131.160.0,255.255.255.0,6939
16611,23.131.184.0,255.255.255.0,39392
25651,23.131.192.0,255.255.255.0,39392
46475,23.131.216.0,255.255.255.0,6939
152918,23.131.220.0,255.255.255.0,6939
36710,23.132.32.0,255.255.255.0,6939
42615,23.132.96.0,255.255.255.0,6939
398999,23.132.148.0,255.255.255.0,6939
400474,23.132.168.0,255.255.255.0,6939
18988,23.132.176.0,255.255.255.0,6939
30500,23.132.192.0,255.255.255.0,6939
400465,23.132.200.0,255.255.255.0,6939
7489,23.133.1.0,255.255.255.0,6939
16713,23.133.24.0,255.255.255.0,6939
7356,23.133.44.0,255.255.255.0,6939
26042,23.133.52.0,255.255.255.0,6939
8095,23.133.84.0,255.255.255.0,6939
8079,23.133.108.0,255.255.255.0,6939
25988,23.133.112.0,255.255.255.0,6939
46962,23.133.120.0,255.255.255.0,6939
22489,23.133.152.0,255.255.255.0,39392
11967,23.133.172.0,255.255.255.0,5405
23507,23.133.204.0,255.255.255.0,39392
54681,23.133.248.0,255.255.255.0,6939
394232,23.134.32.0,255.255.255.0,39392
213683,23.134.52.0,255.255.255.0,5405
924,23.134.88.0,255.255.255.0,5405
397554,23.134.144.0,255.255.255.0,6939
30549,23.134.160.0,255.255.255.0,6939
22462,23.134.192.0,255.255.252.0,39392
32329,23.135.32.0,255.255.255.0,6939
8796,23.135.56.0,255.255.255.0,39392
398482,23.135.88.0,255.255.255.0,39392
44570,23.135.148.0,255.255.255.0,6939
396842,23.135.160.0,255.255.255.0,6939
63072,23.135.176.0,255.255.255.0,6939
400555,23.135.200.0,255.255.255.0,6939
209109,23.135.220.0,255.255.255.0,6939
40111,23.135.224.0,255.255.255.0,39392
22241,23.135.236.0,255.255.255.0,39392
397952,23.135.240.0,255.255.255.0,6939
215248,23.136.20.0,255.255.255.0,5405
30456,23.136.28.0,255.255.255.0,5405
20119,23.136.80.0,255.255.255.0,6939
399558,23.136.82.0,255.255.255.0,39392
203939,23.136.116.0,255.255.255.0,6939
400146,23.136.136.0,255.255.255.0,6939
214483,23.136.164.0,255.255.255.0,6939
12282,23.136.168.0,255.255.255.0,39392
14445,23.136.184.0,255.255.255.0,39392
62754,23.136.208.0,255.255.255.0,39392
23428,23.136.232.0,255.255.255.0,6939
886,23.136.248.0,255.255.255.0,6939
399284,23.137.44.0,255.255.255.0,6939
16904,23.137.48.0,255.255.255.0,6939
63129,23.137.52.0,255.255.255.0,6939
1002,23.137.56.0,255.255.255.0,22356
45691,23.137.68.0,255.255.255.0,22356
29769,23.137.76.0,255.255.255.0,6939
893,23.137.88.0,255.255.255.0,6939
22295,23.137.105.0,255.255.255.0,6939
53698,23.137.120.0,255.255.255.0,6939
964,23.138.40.0,255.255.252.0,6939
29768,23.138.48.0,255.255.255.0,6939
1001,23.138.56.0,255.255.255.0,6939
19944,23.138.60.0,255.255.255.0,6939
36222,23.138.96.0,255.255.255.0,6939
267,23.138.112.0,255.255.252.0,6939
53732,23.138.128.0,255.255.254.0,6939
54566,23.138.140.0,255.255.255.0,6939
26286,23.138.156.0,255.255.255.0,39392
401371,23.138.188.0,255.255.255.0,5405
64260,23.138.192.0,255.255.255.0,6939
400414,23.138.200.0,255.255.255.0,39392
203062,23.138.204.0,255.255.255.0,5405
5555,23.138.224.0,255.255.255.0,6939
400282,23.139.8.0,255.255.255.0,39392
25735,23.139.24.0,255.255.255.0,22356
8025,23.139.48.0,255.255.255.0,39392
401731,23.139.60.0,255.255.255.0,6939
14570,23.139.120.0,255.255.255.0,22356
26073,23.139.160.0,255.255.255.0,6939
6461,23.139.176.0,255.255.255.0,39392
40536,23.139.196.0,255.255.255.0,6939
394019,23.139.248.0,255.255.255.0,39392
394678,23.140.0.0,255.255.255.0,6939
61400,23.140.40.0,255.255.255.0,6939
401753,23.140.68.0,255.255.255.0,6939
30542,23.140.80.0,255.255.255.0,6939
395100,23.140.112.0,255.255.255.0,6939
398493,23.140.140.0,255.255.255.0,6939
400719,23.140.168.0,255.255.255.0,6939
32281,23.140.184.0,255.255.255.0,6939
36002,23.141.4.0,255.255.255.0,5405
400771,23.141.40.0,255.255.255.0,6939
32678,23.141.80.0,255.255.255.0,6939
34553,23.141.112.0,255.255.255.0,6939
54004,23.141.124.0,255.255.255.0,6939
979,23.141.156.0,255.255.255.0,6939
397945,23.141.176.0,255.255.255.0,39392
31807,23.141.224.0,255.255.255.0,6939
61257,23.141.248.0,255.255.255.0,22356
30382,23.142.32.0,255.255.255.0,6939
397326,23.142.48.0,255.255.255.0,6939
203729,23.142.89.0,255.255.255.0,6939
33201,23.142.112.0,255.255.255.0,6939
13536,23.142.120.0,255.255.255.0,39392
210000,23.142.145.0,255.255.255.0,6939
151338,23.142.200.0,255.255.255.0,6939
208188,23.142.208.0,255.255.255.0,6939
6233,23.142.224.0,255.255.255.0,39392
393577,23.142.248.0,255.255.255.0,6939
1003,23.143.82.0,255.255.255.0,5405
399870,23.144.56.0,255.255.255.0,5405
62642,23.144.64.0,255.255.255.0,39392
397990,23.144.112.0,255.255.255.0,6939
47689,23.144.196.0,255.255.255.0,5405
1097,23.145.20.0,255.255.255.0,39392
395596,23.145.28.0,255.255.255.0,6939
13428,23.145.32.0,255.255.254.0,6939
11789,23.145.32.0,255.255.255.0,6939
400587,23.145.40.0,255.255.255.0,6939
50131,23.145.48.0,255.255.255.0,24482
999,23.145.72.0,255.255.255.0,22356
394144,23.145.160.0,255.255.255.0,6939
398065,23.145.176.0,255.255.255.0,6939
394109,23.146.0.0,255.255.255.0,39392
49585,23.146.24.0,255.255.255.0,6939
19523,23.146.32.0,255.255.255.0,6939
30114,23.146.88.0,255.255.255.0,6939
22961,23.146.120.0,255.255.255.0,6939
398041,23.146.136.0,255.255.255.0,6939
397391,23.146.144.0,255.255.255.0,39392
54429,23.146.168.0,255.255.255.0,6939
401973,23.146.172.0,255.255.255.0,6939
21804,23.146.176.0,255.255.255.0,6939
204844,23.146.248.0,255.255.255.0,6939
46824,23.147.8.0,255.255.255.0,6939
807,23.147.64.0,255.255.255.0,6939
18914,23.147.89.0,255.255.255.0,6939
398013,23.147.112.0,255.255.255.0,6939
142046,23.147.120.0,255.255.255.0,6939
37739,23.147.136.0,255.255.255.0,6939
400304,23.147.152.0,255.255.255.0,6939
398196,23.147.208.0,255.255.254.0,39392
33000,23.147.248.0,255.255.255.0,6939
25645,23.148.80.0,255.255.255.0,22356
63027,23.148.88.0,255.255.255.0,6939
396984,23.148.96.0,255.255.255.0,6939
59678,23.148.232.0,255.255.255.0,39392
397270,23.148.248.0,255.255.255.0,6939
35930,23.149.8.0,255.255.255.0,22356
398223,23.149.16.0,255.255.255.0,6939
44324,23.149.120.0,255.255.255.0,22356
20303,23.149.160.0,255.255.255.0,6939
32899,23.149.224.0,255.255.255.0,6939
394501,23.150.0.0,255.255.255.0,6939
400618,23.150.32.0,255.255.255.0,6939
63150,23.150.33.0,255.255.255.0,5405
62611,23.150.104.0,255.255.255.0,6939
397031,23.150.160.0,255.255.254.0,6939
26077,23.150.176.0,255.255.255.0,39392
26692,23.150.216.0,255.255.255.0,6939
396422,23.151.56.0,255.255.255.0,6939
64289,23.151.136.0,255.255.255.0,6939
210645,23.151.216.0,255.255.255.0,6939
396097,23.152.128.0,255.255.254.0,6939
13795,23.152.144.0,255.255.255.0,6939
7034,23.152.160.0,255.255.255.0,6939
19369,23.152.184.0,255.255.255.0,6939
393737,23.152.216.0,255.255.255.0,6939
35008,23.153.56.0,255.255.255.0,6939
57974,23.153.72.0,255.255.255.0,39392
22652,23.153.96.0,255.255.255.0,39392
54987,23.153.160.0,255.255.255.0,6939
40237,23.153.208.0,255.255.255.0,39392
397095,23.153.224.0,255.255.255.0,6939
52025,23.154.8.0,255.255.255.0,6939
54113,23.154.64.0,255.255.255.0,263444
399788,23.154.112.0,255.255.255.0,6939
397540,23.154.160.0,255.255.255.0,24482
394449,23.154.168.0,255.255.255.0,6939
398143,23.154.184.0,255.255.255.0,6939
22296,23.155.8.0,255.255.255.0,6939
400011,23.155.16.0,255.255.255.0,5405
63270,23.155.32.0,255.255.255.0,6939
812,23.155.64.0,255.255.255.0,6939
36027,23.155.80.0,255.255.255.0,6939
31989,23.155.168.0,255.255.255.0,6939
33576,23.156.32.0,255.255.255.0,39392
27168,23.156.80.0,255.255.255.0,39392
398358,23.156.176.0,255.255.255.0,6939
399392,23.156.184.0,255.255.255.0,6939
32217,23.156.192.0,255.255.255.0,6939
29727,23.156.208.0,255.255.255.0,39392
46109,23.156.248.0,255.255.255.0,6939
62538,23.157.112.0,255.255.254.0,6939
32872,23.157.120.0,255.255.255.0,6939
6145,23.157.136.0,255.255.255.0,6939
32913,23.157.152.0,255.255.255.0,39392
21700,23.157.160.0,255.255.255.0,39392
25944,23.157.168.0,255.255.255.0,6939
44592,23.157.176.0,255.255.255.0,5405
21527,23.157.240.0,255.255.255.0,6939
395853,23.158.16.0,255.255.255.0,6939
11611,23.158.112.0,255.255.255.0,6939
11878,23.158.232.0,255.255.255.0,24482
4556,23.159.0.0,255.255.255.0,5405
835,23.159.16.0,255.255.255.0,39392
53740,23.159.32.0,255.255.255.0,6939
397131,23.159.112.0,255.255.255.0,6939
46539,23.159.144.0,255.255.255.0,6939
63066,23.159.232.0,255.255.254.0,6939
216440,23.159.232.0,255.255.255.0,39392
40864,23.159.240.0,255.255.255.0,39392
800,23.160.32.0,255.255.255.0,6939
1100,23.160.48.0,255.255.255.0,39392
397041,23.160.96.0,255.255.255.0,6939
39937,23.160.120.0,255.255.255.0,6939
54148,23.160.152.0,255.255.255.0,5405
32526,23.160.168.0,255.255.255.0,6939
62668,23.160.224.0,255.255.255.0,6939
12131,23.161.32.0,255.255.255.0,6939
398447,23.161.80.0,255.255.255.0,6939
400529,23.161.168.0,255.255.255.0,22356
13356,23.161.200.0,255.255.255.0,6939
32444,23.162.32.0,255.255.255.0,6939
199310,23.162.120.0,255.255.255.0,6939
64256,23.162.128.0,255.255.255.0,6939
14860,23.162.160.0,255.255.255.0,6939
397142,23.163.32.0,255.255.255.0,6939
32181,23.163.144.0,255.255.255.0,39392
32945,23.163.232.0,255.255.255.0,6939
398764,23.164.48.0,255.255.255.0,39392
33755,23.164.56.0,255.255.255.0,6939
31998,23.164.80.0,255.255.255.0,6939
19382,23.164.96.0,255.255.255.0,6939
11775,23.164.104.0,255.255.255.0,6939
26561,23.164.152.0,255.255.255.0,22356
396100,23.164.168.0,255.255.255.0,39392
16696,23.164.176.0,255.255.255.0,6939
393434,23.164.224.0,255.255.255.0,39392
399226,23.165.72.0,255.255.255.0,39392
46733,23.165.136.0,255.255.255.0,6939
398698,23.165.176.0,255.255.255.0,6939
3214,23.165.200.0,255.255.255.0,39392
398712,23.165.240.0,255.255.255.0,6939
3367,23.166.0.0,255.255.255.0,6939
53684,23.166.56.0,255.255.255.0,39392
25892,23.166.144.0,255.255.255.0,39392
23379,23.167.48.0,255.255.255.0,39392
17387,23.167.72.0,255.255.255.0,6939
53301,23.167.88.0,255.255.255.0,6939
397654,23.167.192.0,255.255.255.0,6939
55016,23.167.224.0,255.255.255.0,6939
19651,23.168.8.0,255.255.255.0,6939
40343,23.168.64.0,255.255.255.0,6939
14971,23.168.96.0,255.255.255.0,39392
54082,23.168.104.0,255.255.255.0,6939
36165,23.168.112.0,255.255.255.0,6939
26006,23.168.136.0,255.255.255.0,39392
398960,23.168.144.0,255.255.255.0,6939
54980,23.169.32.0,255.255.255.0,6939
19045,23.169.64.0,255.255.254.0,39392
395823,23.169.176.0,255.255.255.0,6939
400919,23.169.200.0,255.255.255.0,6939
213550,23.169.225.0,255.255.255.0,6939
16970,23.169.240.0,255.255.255.0,39392
399503,23.170.8.0,255.255.255.0,6939
54632,23.170.32.0,255.255.255.0,6939
46766,23.170.72.0,255.255.255.0,6939
4906,23.170.112.0,255.255.255.0,39392
11117,23.171.8.0,255.255.255.0,6939
30690,23.171.72.0,255.255.255.0,6939
26520,23.171.88.0,255.255.255.0,5405
395502,23.171.112.0,255.255.255.0,6939
396313,23.171.128.0,255.255.255.0,6939
398962,23.171.240.0,255.255.255.0,24482
12243,23.172.0.0,255.255.255.0,6939
14928,23.172.16.0,255.255.255.0,39392
47272,23.172.120.0,255.255.255.0,5405
36858,23.172.184.0,255.255.255.0,6939
32595,23.172.200.0,255.255.254.0,6939
201217,23.172.200.0,255.255.255.0,6939
134176,23.172.217.0,255.255.255.0,22356
399055,23.173.16.0,255.255.255.0,6939
33452,23.173.32.0,255.255.255.0,6939
399242,23.173.80.0,255.255.255.0,6939
33039,23.173.104.0,255.255.255.0,6939
19740,23.173.112.0,255.255.255.0,6939
54364,23.173.240.0,255.255.255.0,6939
394868,23.174.0.0,255.255.252.0,39392
399338,23.174.48.0,255.255.255.0,6939
149513,23.174.104.0,255.255.255.0,6939
29774,23.174.120.0,255.255.255.0,39392
19684,23.174.152.0,255.255.255.0,6939
10804,23.174.216.0,255.255.255.0,39392
394233,23.174.224.0,255.255.255.0,39392
63296,23.174.240.0,255.255.255.0,6939
4508,23.175.32.0,255.255.255.0,6939
393626,23.175.64.0,255.255.255.0,6939
32943,23.175.168.0,255.255.255.0,6939
27523,23.175.184.0,255.255.255.0,6939
394367,23.176.0.0,255.255.255.0,6939
53680,23.176.24.0,255.255.255.0,39392
55009,23.176.32.0,255.255.255.0,6939
401008,23.176.72.0,255.255.255.0,39392
20029,23.176.96.0,255.255.255.0,6939
20220,23.176.144.0,255.255.255.0,6939
401021,23.176.152.0,255.255.255.0,5405
23459,23.176.216.0,255.255.255.0,5405
33491,23.177.32.0,255.255.255.0,39392
35990,23.177.48.0,255.255.255.0,6939
395719,23.177.104.0,255.255.255.0,6939
13693,23.177.112.0,255.255.255.0,39392
53334,23.178.64.0,255.255.255.0,6939
32169,23.178.152.0,255.255.255.0,39392
26370,23.178.224.0,255.255.255.0,6939
62838,23.179.32.0,255.255.255.0,6939
395417,23.179.40.0,255.255.255.0,6939
33541,23.180.64.0,255.255.255.0,6939
20335,23.180.88.0,255.255.255.0,39392
14807,23.180.104.0,255.255.255.0,6939
27597,23.180.144.0,255.255.255.0,39392
26253,23.180.192.0,255.255.255.0,6939
36198,23.181.64.0,255.255.255.0,6939
401139,23.181.168.0,255.255.255.0,6939
11367,23.181.240.0,255.255.255.0,39392
54804,23.182.48.0,255.255.255.0,6939
11029,23.182.216.0,255.255.255.0,39392
63311,23.182.232.0,255.255.255.0,4455
395657,23.183.0.0,255.255.255.0,6939
53667,23.183.80.0,255.255.255.0,6939
21903,23.183.104.0,255.255.255.0,6939
396998,23.183.240.0,255.255.255.0,6939
40124,23.184.56.0,255.255.255.0,6939
53597,23.184.80.0,255.255.255.0,6939
46829,23.184.88.0,255.255.255.0,6939
63394,23.184.112.0,255.255.255.0,6939
36064,23.184.168.0,255.255.255.0,6939
30265,23.184.248.0,255.255.255.0,39392
36382,23.185.24.0,255.255.255.0,6939
47055,23.185.136.0,255.255.255.0,5405
11358,23.186.184.0,255.255.255.0,5405
11722,23.186.208.0,255.255.255.0,39392
62467,23.186.248.0,255.255.255.0,39392
401332,23.188.56.0,255.255.255.0,6939
19465,23.188.176.0,255.255.255.0,39392
19625,23.188.240.0,255.255.255.0,6939
17077,23.189.65.0,255.255.255.0,39392
400070,23.189.80.0,255.255.255.0,6939
7352,23.189.128.0,255.255.255.0,6939
400926,23.189.152.0,255.255.255.0,39392
396357,23.189.176.0,255.255.255.0,39392
399606,23.190.176.0,255.255.255.0,6939
17290,23.190.216.0,255.255.255.0,6939
59895,23.190.232.0,255.255.255.0,6939
401361,23.190.248.0,255.255.255.0,6939
52376,23.204.102.0,255.255.255.0,22356
4657,23.205.208.0,255.255.252.0,6939
6057,23.208.208.0,255.255.252.0,39392
14522,23.209.96.0,255.255.252.0,6939
43766,23.209.112.0,255.255.252.0,6939
27947,23.219.144.0,255.255.252.0,6939
23881,23.226.0.0,255.255.255.0,22356
138415,23.226.48.0,255.255.240.0,6939
53755,23.226.64.0,255.255.240.0,6939
46687,23.226.96.0,255.255.248.0,6939
26076,23.226.104.0,255.255.252.0,6939
396904,23.226.120.0,255.255.255.0,39392
3842,23.226.224.0,255.255.248.0,6939
33548,23.227.96.0,255.255.224.0,39392
55081,23.227.128.0,255.255.224.0,39392
46320,23.227.208.0,255.255.252.0,39392
395301,23.227.216.0,255.255.255.0,6939
23316,23.227.224.0,255.255.224.0,4455
46573,23.228.64.0,255.255.255.0,39392
16591,23.228.128.0,255.255.192.0,6939
55286,23.229.0.0,255.255.252.0,22356
26496,23.229.128.0,255.255.128.0,22356
47553,23.230.32.0,255.255.255.0,22356
3561,23.230.194.0,255.255.255.0,39392
36327,23.232.0.0,255.255.128.0,6939
5769,23.233.128.0,255.255.128.0,39392
23096,23.235.50.0,255.255.255.0,39392
7782,23.235.96.0,255.255.240.0,6939
17476,23.235.168.0,255.255.255.0,5405
54641,23.235.192.0,255.255.240.0,39392
22611,23.235.208.0,255.255.240.0,5405
60558,23.235.232.0,255.255.248.0,6939
14813,23.236.0.0,255.255.240.0,6939
35916,23.236.72.0,255.255.255.0,22356
134835,23.236.73.0,255.255.255.0,6939
15054,23.236.80.0,255.255.240.0,6939
54290,23.238.0.0,255.255.128.0,39392
30475,23.239.192.0,255.255.240.0,6939
11776,23.244.0.0,255.255.128.0,39392
2906,23.246.0.0,255.255.192.0,6939
12271,23.246.64.0,255.255.192.0,6939
138152,23.247.128.0,255.255.255.0,5405
41378,23.247.132.0,255.255.255.0,22356
46997,23.247.136.0,255.255.254.0,6939
38008,23.247.138.0,255.255.254.0,6939
32703,23.247.180.0,255.255.255.0,39392
6327,23.247.196.0,255.255.252.0,39392
55201,23.247.202.0,255.255.254.0,6939
18883,23.247.204.0,255.255.252.0,6939
17017,23.247.236.0,255.255.252.0,6939
7794,23.248.0.0,255.255.128.0,39392
138195,23.248.246.0,255.255.255.0,5405
12119,23.249.32.0,255.255.240.0,6939
395846,23.249.64.0,255.255.240.0,39392
62627,23.249.128.0,255.255.255.0,6939
23520,23.249.136.0,255.255.255.0,6939
27602,23.249.171.0,255.255.255.0,6939
400113,23.249.173.0,255.255.255.0,39392
57795,23.249.232.0,255.255.248.0,39392
62468,23.251.32.0,255.255.255.0,5405
62610,23.251.33.0,255.255.255.0,24482
29752,23.251.35.0,255.255.255.0,5405
26827,23.251.64.0,255.255.224.0,39392
14265,23.251.192.0,255.255.224.0,39392
18615,23.252.0.0,255.255.240.0,39392
19257,23.252.64.0,255.255.255.0,5405
18450,23.252.112.0,255.255.255.0,6939
13351,23.252.128.0,255.255.240.0,6939
62886,23.252.144.0,255.255.248.0,6939
53848,23.252.176.0,255.255.240.0,6939
19994,23.253.0.0,255.255.192.0,5405
27357,23.253.128.0,255.255.224.0,5405
11351,24.24.0.0,255.255.192.0,6939
11426,24.25.0.0,255.255.192.0,6939
11427,24.26.192.0,255.255.192.0,6939
22516,24.27.128.0,255.255.255.0,6939
40285,24.31.6.0,255.255.255.0,39392
19108,24.31.17.0,255.255.255.0,39392
11976,24.35.128.0,255.255.255.0,6939
13825,24.35.192.0,255.255.240.0,39392
6128,24.38.0.0,255.255.128.0,6939
33759,24.38.10.0,255.255.255.0,6939
33141,24.38.20.0,255.255.255.0,39392
30104,24.38.90.0,255.255.255.0,39392
53482,24.38.97.0,255.255.255.0,39392
4181,24.40.80.0,255.255.240.0,6939
18474,24.40.96.0,255.255.224.0,6939
10011,24.41.112.0,255.255.240.0,6939
14638,24.41.128.0,255.255.128.0,6939
20412,24.42.228.0,255.255.255.0,6939
29866,24.48.128.0,255.255.224.0,39392
4922,24.49.0.0,255.255.224.0,39392
14291,24.49.32.0,255.255.224.0,39392
26801,24.49.64.0,255.255.224.0,39392
11232,24.49.112.0,255.255.240.0,6939
22646,24.49.144.0,255.255.240.0,6939
400511,24.49.145.0,255.255.255.0,6939
11290,24.49.224.0,255.255.224.0,39392
46449,24.50.144.0,255.255.240.0,39392
13807,24.51.32.0,255.255.248.0,6939
4474,24.51.50.0,255.255.254.0,6939
15146,24.51.64.0,255.255.192.0,6939
30404,24.51.192.0,255.255.224.0,39392
13490,24.52.64.0,255.255.224.0,6939
10971,24.52.128.0,255.255.224.0,6939
18260,24.53.192.0,255.255.224.0,6939
3737,24.55.128.0,255.255.224.0,39392
25853,24.75.160.0,255.255.240.0,39392
11260,24.89.192.0,255.255.192.0,39392
15344,24.92.144.0,255.255.254.0,6939
11955,24.94.224.0,255.255.224.0,6939
27364,24.101.0.0,255.255.224.0,39392
7725,24.104.42.0,255.255.255.0,39392
33651,24.104.72.0,255.255.255.0,39392
33662,24.104.75.0,255.255.255.0,39392
7016,24.104.143.0,255.255.255.0,39392
33652,24.104.146.0,255.255.255.0,39392
14299,24.104.148.0,255.255.254.0,6939
33287,24.104.156.0,255.255.255.0,39392
7311,24.104.160.0,255.255.240.0,6939
14901,24.120.232.0,255.255.255.0,6939
30036,24.129.208.0,255.255.240.0,6939
47524,24.133.0.0,255.255.252.0,6939
5690,24.138.96.0,255.255.224.0,39392
12097,24.140.0.0,255.255.240.0,6939
577,24.142.116.0,255.255.255.0,6939
13855,24.149.0.0,255.255.224.0,6939
270470,24.152.8.0,255.255.252.0,263444
270564,24.152.36.0,255.255.255.0,22356
269965,24.152.48.0,255.255.255.0,6939
267823,24.152.58.0,255.255.255.0,6939
270484,24.152.64.0,255.255.252.0,22356
52573,24.152.96.0,255.255.252.0,22356
265369,24.152.108.0,255.255.252.0,263444
270504,24.152.112.0,255.255.254.0,262355
270497,24.152.116.0,255.255.254.0,22356
7459,24.155.0.0,255.255.0.0,39392
54614,24.156.160.0,255.255.240.0,6939
17051,24.157.34.0,255.255.255.0,6939
12213,24.170.128.0,255.255.252.0,39392
32505,24.204.24.0,255.255.255.0,6939
11904,24.204.160.0,255.255.224.0,6939
35911,24.212.0.0,255.255.224.0,6939
21928,24.221.0.0,255.255.248.0,6939
13659,24.223.0.0,255.255.254.0,6939
10835,24.223.70.0,255.255.255.0,6939
12208,24.223.90.0,255.255.255.0,6939
27325,24.227.211.0,255.255.255.0,6939
132418,24.230.16.0,255.255.240.0,6939
32220,24.233.64.0,255.255.240.0,6939
35985,24.235.0.0,255.255.255.0,39392
6130,24.235.6.0,255.255.255.0,6939
393775,24.235.14.0,255.255.254.0,6939
8047,24.237.0.0,255.255.0.0,6939
19016,24.245.224.0,255.255.240.0,39392
45544,27.0.12.0,255.255.252.0,6939
55900,27.0.16.0,255.255.240.0,39392
17514,27.0.32.0,255.255.240.0,6939
45415,27.0.49.0,255.255.255.0,5405
131607,27.0.152.0,255.255.252.0,6939
45942,27.0.176.0,255.255.252.0,5405
24435,27.0.184.0,255.255.252.0,6939
59288,27.0.196.0,255.255.254.0,24482
23650,27.0.204.0,255.255.252.0,6939
24186,27.0.216.0,255.255.252.0,39392
205848,27.0.235.0,255.255.255.0,5405
45543,27.2.0.0,255.254.0.0,6939
17488,27.4.0.0,255.255.252.0,39392
58563,27.19.220.0,255.255.252.0,6939
148981,27.25.128.0,255.255.255.0,6939
9597,27.34.128.0,255.255.224.0,6939
9993,27.34.168.0,255.255.248.0,39392
38333,27.34.224.0,255.255.248.0,6939
45648,27.34.240.0,255.255.255.0,5405
17816,27.36.0.0,255.252.0.0,6939
17623,27.38.0.0,255.255.0.0,6939
17622,27.39.0.0,255.255.224.0,6939
131111,27.50.16.0,255.255.255.0,6939
38186,27.50.32.0,255.255.255.0,6939
45671,27.50.64.0,255.255.252.0,6939
9674,27.51.0.0,255.255.0.0,39392
132848,27.54.64.0,255.255.255.0,6939
38719,27.54.80.0,255.255.240.0,22356
45687,27.54.96.0,255.255.240.0,6939
58396,27.54.116.0,255.255.255.0,6939
24541,27.54.128.0,255.255.240.0,6939
38731,27.71.16.0,255.255.252.0,6939
7670,27.96.68.0,255.255.252.0,6939
38901,27.96.84.0,255.255.252.0,6939
134913,27.96.88.0,255.255.252.0,39392
132165,27.96.92.0,255.255.255.0,6939
17547,27.96.96.0,255.255.224.0,24482
18390,27.96.192.0,255.255.224.0,6939
17809,27.96.224.0,255.255.240.0,6939
10010,27.98.0.0,255.255.128.0,6939
18068,27.100.8.0,255.255.255.0,6939
136946,27.100.12.0,255.255.252.0,5405
59179,27.100.24.0,255.255.255.0,5405
23805,27.100.48.0,255.255.240.0,39392
17841,27.101.10.0,255.255.255.0,6939
4773,27.104.0.0,255.255.0.0,6939
18182,27.105.0.0,255.255.0.0,22356
4826,27.106.200.0,255.255.252.0,6939
6648,27.108.0.0,255.255.0.0,6939
45754,27.109.64.0,255.255.224.0,6939
18129,27.109.96.0,255.255.248.0,39392
45763,27.109.108.0,255.255.252.0,39392
45498,27.109.112.0,255.255.252.0,24482
136255,27.109.116.0,255.255.255.0,6939
4811,27.109.124.0,255.255.252.0,6939
4609,27.109.128.0,255.255.128.0,39392
8220,27.110.0.0,255.255.240.0,6939
10021,27.110.22.0,255.255.254.0,6939
9221,27.110.72.0,255.255.248.0,24482
23783,27.110.96.0,255.255.240.0,6939
23655,27.110.120.0,255.255.248.0,6939
21433,27.110.227.0,255.255.255.0,8218
24492,27.111.8.0,255.255.252.0,24482
55561,27.111.13.0,255.255.255.0,6939
58477,27.111.34.0,255.255.255.0,6939
45768,27.111.64.0,255.255.248.0,6939
46063,27.112.64.0,255.255.255.0,6939
140482,27.112.77.0,255.255.255.0,6939
136052,27.112.78.0,255.255.254.0,6939
63997,27.112.104.0,255.255.248.0,39392
9351,27.113.192.0,255.255.224.0,6939
9354,27.113.224.0,255.255.240.0,6939
9336,27.113.240.0,255.255.248.0,6939
4713,27.114.0.0,255.255.128.0,39392
7642,27.114.128.0,255.255.192.0,6939
17621,27.115.0.0,255.255.128.0,6939
45582,27.116.16.0,255.255.255.0,5405
17940,27.116.24.0,255.255.248.0,6939
55581,27.116.36.0,255.255.252.0,6939
17608,27.116.128.0,255.255.128.0,6939
55376,27.118.0.0,255.255.240.0,6939
7522,27.120.144.0,255.255.240.0,6939
55652,27.121.80.0,255.255.255.0,6939
55752,27.121.88.0,255.255.252.0,5405
56111,27.121.108.0,255.255.252.0,6939
18092,27.122.8.0,255.255.252.0,6939
55792,27.122.16.0,255.255.240.0,6939
63916,27.122.56.0,255.255.255.0,24482
9374,27.122.64.0,255.255.224.0,6939
38195,27.122.112.0,255.255.240.0,5405
58868,27.122.118.0,255.255.255.0,5405
4668,27.122.128.0,255.255.128.0,6939
38082,27.123.16.0,255.255.252.0,6939
133090,27.123.20.0,255.255.255.0,6939
55803,27.123.30.0,255.255.255.0,22356
10310,27.123.33.0,255.255.255.0,6939
24506,27.123.40.0,255.255.254.0,6939
23879,27.123.42.0,255.255.255.0,6939
38442,27.123.128.0,255.255.192.0,5405
55805,27.123.212.0,255.255.252.0,39392
58369,27.123.220.0,255.255.252.0,6939
132146,27.123.228.0,255.255.252.0,6939
137085,27.123.240.0,255.255.255.0,39392
132116,27.123.241.0,255.255.255.0,39392
133278,27.123.248.0,255.255.255.0,5405
134113,27.123.252.0,255.255.254.0,5405
151707,27.124.64.0,255.255.255.0,5405
55811,27.124.96.0,255.255.240.0,6939
10024,27.125.196.0,255.255.252.0,5405
55814,27.125.200.0,255.255.252.0,39392
38466,27.125.224.0,255.255.224.0,6939
55819,27.126.144.0,255.255.248.0,6939
55821,27.126.152.0,255.255.252.0,6939
45474,27.126.192.0,255.255.255.0,22356
2518,27.127.0.0,255.255.128.0,6939
7524,27.127.128.0,255.255.224.0,6939
9652,27.127.192.0,255.255.224.0,39392
38753,27.131.0.0,255.255.254.0,6939
55492,27.131.12.0,255.255.252.0,6939
23629,27.131.16.0,255.255.240.0,6939
23678,27.131.32.0,255.255.224.0,6939
38880,27.131.64.0,255.255.192.0,6939
24187,27.131.128.0,255.255.192.0,24482
45700,27.131.248.0,255.255.255.0,6939
395717,27.131.252.0,255.255.255.0,6939
9370,27.133.128.0,255.255.224.0,6939
7672,27.133.192.0,255.255.240.0,39392
17707,27.133.224.0,255.255.255.0,6939
58793,27.133.228.0,255.255.252.0,39392
9824,27.136.0.0,255.248.0.0,6939
23688,27.147.128.0,255.255.128.0,6939
133774,27.148.128.0,255.255.240.0,6939
133776,27.150.128.0,255.255.248.0,6939
9644,27.160.0.0,255.240.0.0,6939
134760,27.185.4.0,255.255.252.0,6939
55387,27.253.128.0,255.255.128.0,6939
4750,27.254.2.0,255.255.255.0,24482
135067,27.254.8.0,255.255.255.0,24482
9891,27.254.26.0,255.255.255.0,24482
63989,27.254.140.0,255.255.255.0,22356
58955,27.254.141.0,255.255.255.0,6939
142299,27.254.168.0,255.255.255.0,6939
17917,27.255.128.0,255.255.240.0,39392
21245,31.3.0.0,255.255.255.0,5405
5524,31.3.8.0,255.255.248.0,39392
47747,31.3.16.0,255.255.248.0,6939
28952,31.3.32.0,255.255.224.0,39392
196714,31.3.80.0,255.255.248.0,5405
43612,31.3.93.0,255.255.255.0,5405
35470,31.3.100.0,255.255.255.0,39392
197731,31.3.104.0,255.255.248.0,39392
199662,31.3.129.0,255.255.255.0,39392
51430,31.3.152.0,255.255.252.0,6939
200043,31.3.168.0,255.255.252.0,39392
48716,31.3.209.0,255.255.255.0,6939
12302,31.5.0.0,255.255.0.0,39392
198831,31.6.7.0,255.255.255.0,6939
149948,31.6.20.0,255.255.255.0,24482
62390,31.6.27.0,255.255.255.0,6939
39869,31.6.64.0,255.255.248.0,39392
34555,31.6.72.0,255.255.248.0,39392
34758,31.6.80.0,255.255.240.0,209531
21021,31.6.128.0,255.255.192.0,39392
29314,31.6.218.0,255.255.255.0,39392
50606,31.6.247.0,255.255.255.0,39392
20847,31.7.0.0,255.255.252.0,39392
8676,31.7.8.0,255.255.248.0,5405
57152,31.7.32.0,255.255.255.0,5405
35063,31.7.40.0,255.255.248.0,39392
34929,31.7.83.0,255.255.255.0,6939
213121,31.7.92.0,255.255.252.0,1764
56632,31.7.128.0,255.255.255.0,6939
56635,31.7.192.0,255.255.224.0,6939
21430,31.7.240.0,255.255.248.0,39392
28812,31.8.0.0,255.255.0.0,6939
48503,31.10.3.0,255.255.255.0,6939
35140,31.10.8.0,255.255.248.0,6939
42004,31.10.32.0,255.255.240.0,39392
35271,31.10.64.0,255.255.192.0,5405
6730,31.10.128.0,255.255.128.0,39392
6772,31.11.0.0,255.255.224.0,39392
41114,31.11.40.0,255.255.248.0,39392
29287,31.12.0.0,255.255.248.0,1764
3313,31.12.8.0,255.255.252.0,39392
61352,31.12.56.0,255.255.248.0,39392
215186,31.12.73.0,255.255.255.0,39120
42695,31.12.84.0,255.255.252.0,22356
59676,31.13.6.0,255.255.255.0,39392
32934,31.13.24.0,255.255.248.0,6939
8732,31.13.32.0,255.255.224.0,6939
49605,31.13.136.0,255.255.248.0,39392
44356,31.13.152.0,255.255.248.0,5405
196819,31.13.168.0,255.255.254.0,39392
24811,31.13.176.0,255.255.248.0,6939
12337,31.13.185.0,255.255.255.0,5405
57634,31.13.192.0,255.255.255.0,6939
14713,31.13.193.0,255.255.255.0,6939
34224,31.13.195.0,255.255.255.0,6939
44851,31.13.196.0,255.255.255.0,6939
42794,31.13.198.0,255.255.255.0,5405
29030,31.13.200.0,255.255.248.0,6939
215439,31.13.208.0,255.255.255.0,5405
208808,31.13.210.0,255.255.255.0,6939
47748,31.13.215.0,255.255.255.0,6939
212591,31.13.225.0,255.255.255.0,6939
60784,31.13.227.0,255.255.255.0,6939
215787,31.13.230.0,255.255.255.0,39392
61437,31.13.232.0,255.255.252.0,6939
60230,31.13.244.0,255.255.255.0,6939
199483,31.14.0.0,255.255.252.0,6939
33925,31.14.8.0,255.255.255.0,39392
201401,31.14.11.0,255.255.255.0,39392
49774,31.14.16.0,255.255.255.0,39392
40994,31.14.17.0,255.255.255.0,40994
2614,31.14.19.0,255.255.255.0,6939
9050,31.14.20.0,255.255.255.0,39392
56550,31.14.28.0,255.255.255.0,6939
8400,31.14.33.0,255.255.255.0,39392
31362,31.14.43.0,255.255.255.0,5405
8455,31.14.45.0,255.255.255.0,39392
208179,31.14.55.0,255.255.255.0,39392
33977,31.14.57.0,255.255.255.0,6939
47160,31.14.68.0,255.255.252.0,6939
21409,31.14.76.0,255.255.252.0,39392
57269,31.14.104.0,255.255.248.0,39392
25184,31.14.112.0,255.255.240.0,6939
206238,31.14.180.0,255.255.254.0,6939
207375,31.14.182.0,255.255.255.0,39392
212582,31.14.183.0,255.255.255.0,39392
206617,31.14.184.0,255.255.248.0,6939
211090,31.14.228.0,255.255.255.0,5405
210021,31.14.229.0,255.255.255.0,6939
201198,31.14.233.0,255.255.255.0,209531
56478,31.14.248.0,255.255.252.0,39392
25234,31.15.8.0,255.255.248.0,6939
52000,31.15.19.0,255.255.255.0,39392
44513,31.15.72.0,255.255.252.0,39392
51333,31.15.96.0,255.255.248.0,39392
56704,31.15.112.0,255.255.248.0,39392
3212,31.15.128.0,255.255.128.0,6939
34119,31.22.0.0,255.255.248.0,39392
15598,31.22.8.0,255.255.255.0,5405
203380,31.22.10.0,255.255.255.0,22356
35071,31.22.40.0,255.255.248.0,5405
13214,31.22.88.0,255.255.248.0,6939
30893,31.22.91.0,255.255.255.0,6939
197692,31.22.120.0,255.255.248.0,4455
42863,31.22.128.0,255.255.128.0,6939
16082,31.24.0.0,255.255.248.0,39392
8758,31.24.8.0,255.255.248.0,6939
49814,31.24.24.0,255.255.248.0,6939
61307,31.24.56.0,255.255.248.0,39392
197617,31.24.64.0,255.255.252.0,6939
48803,31.24.72.0,255.255.248.0,39392
198401,31.24.83.0,255.255.255.0,39392
62429,31.24.87.0,255.255.255.0,6939
12406,31.24.88.0,255.255.248.0,6939
9211,31.24.96.0,255.255.248.0,6939
60672,31.24.104.0,255.255.248.0,39392
15954,31.24.120.0,255.255.248.0,6939
39783,31.24.128.0,255.255.248.0,39392
203489,31.24.136.0,255.255.248.0,39392
49855,31.24.144.0,255.255.248.0,39392
8194,31.24.192.0,255.255.248.0,209531
12837,31.24.208.0,255.255.248.0,6939
12727,31.24.240.0,255.255.248.0,6939
216302,31.24.248.0,255.255.255.0,39392
41484,31.25.0.0,255.255.254.0,6939
51202,31.25.11.0,255.255.255.0,5405
35815,31.25.24.0,255.255.248.0,6939
44092,31.25.32.0,255.255.248.0,39392
51048,31.25.58.0,255.255.255.0,39392
57829,31.25.64.0,255.255.248.0,39392
34412,31.25.90.0,255.255.255.0,22356
202391,31.25.92.0,255.255.252.0,6939
206065,31.25.104.0,255.255.248.0,6939
46700,31.25.113.0,255.255.255.0,6939
61174,31.25.120.0,255.255.248.0,6939
197882,31.25.136.0,255.255.255.0,6939
197637,31.25.152.0,255.255.248.0,6939
8902,31.25.160.0,255.255.248.0,6939
43567,31.25.200.0,255.255.248.0,6939
56828,31.25.216.0,255.255.248.0,6939
49683,31.25.234.0,255.255.255.0,39392
29076,31.28.0.0,255.255.224.0,6939
28762,31.28.3.0,255.255.255.0,6939
3175,31.28.25.0,255.255.255.0,6939
48524,31.28.96.0,255.255.248.0,6939
15497,31.28.160.0,255.255.252.0,6939
12997,31.29.0.0,255.255.224.0,6939
43148,31.29.184.0,255.255.252.0,6939
16019,31.30.0.0,255.255.0.0,39392
1547,31.31.0.0,255.255.224.0,6939
15547,31.31.48.0,255.255.240.0,4455
21453,31.31.64.0,255.255.248.0,6939
197019,31.31.72.0,255.255.248.0,22356
47292,31.31.80.0,255.255.248.0,39392
198934,31.31.88.0,255.255.254.0,39392
6876,31.31.96.0,255.255.224.0,6939
199095,31.31.128.0,255.255.224.0,6939
59702,31.31.160.0,255.255.248.0,39392
20853,31.31.168.0,255.255.248.0,39392
9188,31.31.208.0,255.255.248.0,39392
197686,31.31.216.0,255.255.248.0,6939
197131,31.40.16.0,255.255.248.0,6939
49776,31.40.32.0,255.255.224.0,39392
35352,31.40.104.0,255.255.248.0,39392
39529,31.40.144.0,255.255.255.0,6939
206810,31.40.157.0,255.255.255.0,6939
211567,31.40.198.0,255.255.255.0,5405
213865,31.40.207.0,255.255.255.0,5405
198433,31.40.236.0,255.255.255.0,6939
25145,31.40.240.0,255.255.255.0,6939
208677,31.40.248.0,255.255.254.0,5405
214268,31.41.12.0,255.255.254.0,6939
56575,31.41.24.0,255.255.248.0,6939
48014,31.41.33.0,255.255.255.0,5405
197667,31.41.80.0,255.255.248.0,6939
41820,31.41.88.0,255.255.248.0,5405
35365,31.41.112.0,255.255.248.0,6939
48485,31.41.120.0,255.255.248.0,5405
12985,31.41.136.0,255.255.248.0,5405
57896,31.41.144.0,255.255.252.0,5405
205671,31.41.148.0,255.255.252.0,39392
197724,31.41.176.0,255.255.248.0,5405
42574,31.41.192.0,255.255.248.0,6939
15614,31.41.200.0,255.255.248.0,39392
206075,31.41.249.0,255.255.255.0,6939
210893,31.41.250.0,255.255.255.0,39392
49528,31.42.0.0,255.255.240.0,6939
8242,31.42.32.0,255.255.240.0,6939
20714,31.42.48.0,255.255.248.0,6939
203008,31.42.58.0,255.255.254.0,6939
24589,31.42.80.0,255.255.240.0,6939
201699,31.42.116.0,255.255.252.0,6939
9294,31.42.121.0,255.255.255.0,6939
200260,31.42.122.0,255.255.255.0,39392
210538,31.42.127.0,255.255.255.0,5405
49461,31.42.160.0,255.255.240.0,6939
212604,31.42.178.0,255.255.254.0,6939
21413,31.42.180.0,255.255.255.0,39392
50060,31.42.224.0,255.255.224.0,6939
50004,31.43.0.0,255.255.240.0,39392
30886,31.43.64.0,255.255.224.0,6939
48438,31.43.128.0,255.255.224.0,6939
42512,31.43.168.0,255.255.252.0,6939
212041,31.43.186.0,255.255.254.0,6939
43764,31.43.224.0,255.255.224.0,6939
208951,31.44.0.0,255.255.255.0,6939
200350,31.44.8.0,255.255.248.0,6939
197506,31.44.16.0,255.255.240.0,39392
5398,31.44.32.0,255.255.240.0,39392
35047,31.44.64.0,255.255.240.0,6939
29226,31.44.80.0,255.255.240.0,6939
21211,31.44.96.0,255.255.240.0,209531
42925,31.44.128.0,255.255.240.0,39392
31263,31.44.160.0,255.255.240.0,39392
197868,31.44.184.0,255.255.255.0,6939
3259,31.44.208.0,255.255.240.0,6939
44527,31.44.214.0,255.255.254.0,6939
199433,31.45.241.0,255.255.255.0,6939
38176,31.47.88.0,255.255.248.0,39392
8251,31.47.96.0,255.255.240.0,39392
8427,31.47.112.0,255.255.240.0,39392
34385,31.47.200.0,255.255.248.0,39392
150249,31.56.30.0,255.255.255.0,24482
202662,31.56.31.0,255.255.255.0,5405
207590,31.56.32.0,255.255.255.0,6939
150770,31.56.37.0,255.255.255.0,6939
214138,31.56.45.0,255.255.255.0,5405
395878,31.56.46.0,255.255.255.0,5405
215492,31.56.50.0,255.255.255.0,6939
213795,31.56.60.0,255.255.255.0,5405
142382,31.56.74.0,255.255.255.0,6939
56655,31.56.194.0,255.255.255.0,6939
22427,31.57.14.0,255.255.255.0,6939
153997,31.57.50.0,255.255.255.0,22356
36137,31.57.55.0,255.255.255.0,6939
135542,31.57.65.0,255.255.255.0,6939
133296,31.57.68.0,255.255.255.0,5405
61138,31.57.72.0,255.255.252.0,263444
205733,31.57.134.0,255.255.255.0,5405
29208,31.57.141.0,255.255.255.0,39392
263702,31.57.145.0,255.255.255.0,6939
216145,31.57.167.0,255.255.255.0,5405
266400,31.57.174.0,255.255.254.0,263444
133337,31.57.183.0,255.255.255.0,24482
215348,31.57.198.0,255.255.255.0,6939
214159,31.57.204.0,255.255.255.0,39392
26737,31.57.212.0,255.255.254.0,22356
4515,31.57.222.0,255.255.254.0,39392
398465,31.57.226.0,255.255.255.0,6939
56962,31.57.231.0,255.255.255.0,6939
395839,31.57.255.0,255.255.255.0,6939
214481,31.58.51.0,255.255.255.0,5405
20326,31.58.56.0,255.255.255.0,6939
60431,31.58.70.0,255.255.255.0,6939
216129,31.58.85.0,255.255.255.0,22356
216324,31.58.86.0,255.255.255.0,6939
395383,31.58.135.0,255.255.255.0,6939
209768,31.58.161.0,255.255.255.0,39392
213737,31.58.210.0,255.255.255.0,6939
209554,31.58.222.0,255.255.255.0,5405
208972,31.58.234.0,255.255.255.0,5405
204044,31.59.72.0,255.255.252.0,39392
3491,31.59.78.0,255.255.255.0,39392
153100,31.59.96.0,255.255.255.0,24482
213929,31.59.100.0,255.255.255.0,39392
34872,31.59.119.0,255.255.255.0,39392
6698,31.59.128.0,255.255.255.0,6939
5400,31.95.0.0,255.255.248.0,39392
51809,31.98.72.0,255.255.248.0,39392
56515,31.128.0.0,255.255.224.0,39392
215457,31.128.56.0,255.255.252.0,6939
215719,31.128.60.0,255.255.255.0,39392
3326,31.128.68.0,255.255.252.0,39392
51032,31.128.128.0,255.255.224.0,5405
48919,31.128.160.0,255.255.248.0,6939
35614,31.128.170.0,255.255.255.0,6939
44019,31.128.176.0,255.255.252.0,6939
41360,31.128.180.0,255.255.254.0,6939
210541,31.128.242.0,255.255.254.0,6939
41789,31.129.0.0,255.255.255.0,6939
51069,31.129.64.0,255.255.224.0,6939
48347,31.129.122.0,255.255.255.0,6939
51669,31.129.128.0,255.255.252.0,6939
24872,31.129.160.0,255.255.224.0,5405
47286,31.129.192.0,255.255.224.0,6939
50130,31.129.224.0,255.255.252.0,6939
50012,31.129.232.0,255.255.255.0,6939
49583,31.130.32.0,255.255.224.0,6939
15673,31.130.64.0,255.255.224.0,6939
56709,31.130.96.0,255.255.240.0,39392
56701,31.130.137.0,255.255.255.0,6939
49107,31.130.156.0,255.255.254.0,5405
39650,31.130.181.0,255.255.255.0,6939
56740,31.130.200.0,255.255.255.0,6939
39507,31.130.216.0,255.255.248.0,39392
12700,31.131.32.0,255.255.248.0,6939
41871,31.131.96.0,255.255.255.0,6939
48595,31.131.128.0,255.255.248.0,6939
20670,31.131.168.0,255.255.248.0,39392
15576,31.132.8.0,255.255.252.0,6939
211609,31.132.32.0,255.255.255.0,6939
204326,31.132.40.0,255.255.252.0,209531
210144,31.132.48.0,255.255.252.0,6939
56945,31.132.64.0,255.255.248.0,39392
47438,31.132.96.0,255.255.224.0,6939
51290,31.133.0.0,255.255.248.0,39392
30838,31.133.16.0,255.255.252.0,6939
204108,31.133.32.0,255.255.252.0,6939
52091,31.133.40.0,255.255.254.0,6939
202279,31.133.48.0,255.255.248.0,6939
39089,31.133.56.0,255.255.248.0,6939
48882,31.133.64.0,255.255.240.0,6939
48641,31.133.96.0,255.255.254.0,6939
61152,31.133.120.0,255.255.248.0,6939
57181,31.133.200.0,255.255.248.0,5405
50245,31.133.208.0,255.255.240.0,6939
47211,31.133.224.0,255.255.224.0,6939
56592,31.134.16.0,255.255.255.0,6939
50467,31.134.48.0,255.255.240.0,39392
56656,31.134.96.0,255.255.248.0,6939
48323,31.134.105.0,255.255.255.0,6939
49561,31.134.112.0,255.255.248.0,6939
56668,31.134.120.0,255.255.248.0,6939
42668,31.134.128.0,255.255.192.0,6939
35539,31.134.192.0,255.255.248.0,6939
56983,31.135.16.0,255.255.240.0,6939
48327,31.135.32.0,255.255.254.0,5405
43865,31.135.64.0,255.255.248.0,6939
57456,31.135.92.0,255.255.254.0,6939
42239,31.135.96.0,255.255.224.0,6939
20539,31.135.128.0,255.255.224.0,6939
57718,31.135.160.0,255.255.254.0,5405
59595,31.135.184.0,255.255.252.0,6939
57789,31.135.192.0,255.255.240.0,5405
44056,31.135.224.0,255.255.240.0,6939
21497,31.144.0.0,255.255.0.0,6939
15924,31.145.0.0,255.255.0.0,6939
50875,31.145.82.0,255.255.255.0,6939
2108,31.147.0.0,255.255.0.0,6939
207676,31.148.0.0,255.255.255.0,6939
44975,31.148.1.0,255.255.255.0,6939
60075,31.148.2.0,255.255.254.0,6939
49551,31.148.8.0,255.255.252.0,6939
204889,31.148.20.0,255.255.255.0,6939
49038,31.148.23.0,255.255.255.0,39392
60165,31.148.120.0,255.255.248.0,6939
61031,31.148.148.0,255.255.255.0,6939
212463,31.148.149.0,255.255.255.0,6939
202353,31.148.168.0,255.255.255.0,6939
62331,31.148.205.0,255.255.255.0,5405
1136,31.149.0.0,255.255.0.0,39392
9145,31.150.0.0,255.255.0.0,39392
6866,31.153.0.0,255.255.0.0,39392
197492,31.169.40.0,255.255.248.0,39392
50304,31.169.48.0,255.255.248.0,39392
15447,31.169.56.0,255.255.254.0,6939
56582,31.169.64.0,255.255.255.0,5405
62095,31.169.73.0,255.255.255.0,6939
62059,31.169.96.0,255.255.248.0,39392
199283,31.169.112.0,255.255.254.0,39392
44212,31.170.0.0,255.255.248.0,39392
197696,31.170.8.0,255.255.248.0,39392
8968,31.170.42.0,255.255.254.0,39392
55154,31.170.55.0,255.255.255.0,6939
201942,31.170.100.0,255.255.252.0,6939
42714,31.170.128.0,255.255.224.0,6939
35236,31.170.176.0,255.255.248.0,39392
206977,31.170.232.0,255.255.255.0,5405
29049,31.171.38.0,255.255.255.0,5405
207456,31.171.132.0,255.255.252.0,6939
197706,31.171.152.0,255.255.255.0,6939
60072,31.171.192.0,255.255.248.0,6939
51469,31.171.216.0,255.255.254.0,6939
41627,31.171.224.0,255.255.240.0,39392
50837,31.171.240.0,255.255.255.0,5405
50629,31.172.0.0,255.255.192.0,39392
44963,31.172.132.0,255.255.255.0,6939
1820,31.172.136.0,255.255.248.0,6939
41540,31.172.143.0,255.255.255.0,6939
8632,31.172.144.0,255.255.248.0,5405
41765,31.172.164.0,255.255.252.0,8218
15967,31.172.168.0,255.255.252.0,6939
31242,31.172.176.0,255.255.240.0,39392
31133,31.173.0.0,255.255.0.0,6939
25159,31.173.0.0,255.255.248.0,6939
29648,31.173.104.0,255.255.255.0,6939
31195,31.173.132.0,255.255.254.0,6939
31163,31.173.192.0,255.255.255.0,6939
50928,31.173.248.0,255.255.248.0,6939
9146,31.176.128.0,255.255.128.0,6939
47868,31.177.24.0,255.255.248.0,39392
56910,31.177.56.0,255.255.248.0,6939
48287,31.177.64.0,255.255.252.0,6939
44512,31.177.112.0,255.255.248.0,5405
9141,31.178.0.0,255.255.128.0,39392
201990,31.179.229.0,255.255.255.0,6939
16342,31.182.0.0,255.254.0.0,39392
51074,31.184.128.0,255.255.192.0,6939
57292,31.184.130.0,255.255.254.0,6939
48573,31.185.0.0,255.255.248.0,6939
41344,31.185.8.0,255.255.252.0,6939
48544,31.185.16.0,255.255.255.0,209531
211661,31.185.97.0,255.255.255.0,209531
43847,31.185.104.0,255.255.255.0,6939
12764,31.186.48.0,255.255.248.0,6939
57367,31.186.80.0,255.255.248.0,6939
20677,31.186.125.0,255.255.255.0,5405
35467,31.186.160.0,255.255.248.0,39392
29583,31.186.184.0,255.255.255.0,39392
15570,31.186.224.0,255.255.224.0,5405
30282,31.186.224.0,255.255.255.0,5405
393954,31.186.225.0,255.255.255.0,6939
29413,31.187.80.0,255.255.252.0,5405
201602,31.187.104.0,255.255.248.0,6939
51559,31.192.208.0,255.255.255.0,6939
56682,31.192.216.0,255.255.248.0,5405
135330,31.192.233.0,255.255.255.0,6939
61323,31.193.0.0,255.255.240.0,39392
15433,31.193.32.0,255.255.255.0,39392
56675,31.193.40.0,255.255.248.0,39392
47359,31.193.80.0,255.255.248.0,6939
29550,31.193.128.0,255.255.240.0,39392
31708,31.193.168.0,255.255.248.0,6939
48551,31.193.186.0,255.255.255.0,6939
49367,31.193.188.0,255.255.255.0,6939
43811,31.193.192.0,255.255.255.0,209531
197799,31.193.200.0,255.255.248.0,6939
29644,31.193.216.0,255.255.248.0,39392
56711,31.193.248.0,255.255.248.0,6939
12978,31.200.0.0,255.255.128.0,39392
13280,31.200.128.0,255.255.224.0,39392
12418,31.200.192.0,255.255.255.0,6939
196949,31.200.224.0,255.255.240.0,6939
216158,31.200.249.0,255.255.255.0,6939
42961,31.203.0.0,255.255.192.0,6939
50147,31.204.0.0,255.255.255.0,6939
31726,31.204.72.0,255.255.248.0,39392
56665,31.204.88.0,255.255.255.0,5405
51906,31.204.112.0,255.255.240.0,5405
13237,31.204.124.0,255.255.252.0,5405
39578,31.204.160.0,255.255.224.0,6939
8585,31.204.192.0,255.255.192.0,6939
41230,31.205.0.0,255.255.0.0,39392
19127,31.207.56.0,255.255.254.0,6939
44843,31.207.66.0,255.255.254.0,6939
209420,31.207.68.0,255.255.255.0,6939
62082,31.207.78.0,255.255.254.0,6939
45037,31.207.88.0,255.255.255.0,6939
31082,31.207.91.0,255.255.255.0,6939
25394,31.209.112.0,255.255.240.0,39392
43256,31.209.128.0,255.255.255.0,5405
51896,31.209.136.0,255.255.248.0,39392
6663,31.209.160.0,255.255.240.0,5405
56737,31.209.184.0,255.255.248.0,39392
6677,31.209.192.0,255.255.192.0,39392
14178,31.210.20.0,255.255.255.0,39392
60798,31.210.21.0,255.255.255.0,209531
42910,31.210.32.0,255.255.255.0,5405
60446,31.210.37.0,255.255.255.0,5405
51540,31.210.44.0,255.255.255.0,5405
42216,31.210.47.0,255.255.255.0,5405
42926,31.210.64.0,255.255.252.0,5405
39537,31.210.128.0,255.255.248.0,39392
43885,31.210.144.0,255.255.252.0,6939
16205,31.210.160.0,255.255.248.0,5405
25455,31.210.169.0,255.255.255.0,5405
39318,31.210.174.0,255.255.254.0,6939
35706,31.210.248.0,255.255.248.0,39392
56707,31.211.44.0,255.255.252.0,6939
56745,31.211.160.0,255.255.248.0,6939
33885,31.211.192.0,255.255.192.0,6939
41421,31.214.137.0,255.255.255.0,39392
58329,31.214.157.0,255.255.255.0,39392
57910,31.214.176.0,255.255.240.0,22356
34309,31.214.212.0,255.255.252.0,39392
57356,31.216.0.0,255.255.240.0,39392
48461,31.216.40.0,255.255.248.0,6939
213241,31.216.58.0,255.255.255.0,39392
210879,31.216.61.0,255.255.255.0,6939
15805,31.216.64.0,255.255.192.0,39392
28769,31.216.161.0,255.255.255.0,39392
21107,31.216.184.0,255.255.248.0,5405
5391,31.216.192.0,255.255.224.0,6939
50904,31.216.224.0,255.255.248.0,39392
16171,31.216.232.0,255.255.248.0,39392
29177,31.216.240.0,255.255.240.0,39392
58003,31.217.192.0,255.255.248.0,39392
31121,31.217.200.0,255.255.248.0,39392
20900,31.217.232.0,255.255.248.0,39392
49567,31.217.240.0,255.255.248.0,39392
7578,31.217.251.0,255.255.255.0,39392
31317,31.220.112.0,255.255.248.0,39392
15817,31.220.120.0,255.255.248.0,39392
31078,31.220.136.0,255.255.248.0,5405
198913,31.220.147.0,255.255.255.0,5405
59675,31.220.150.0,255.255.255.0,5405
29072,31.220.160.0,255.255.224.0,6939
15704,31.221.128.0,255.255.224.0,39392
57665,31.222.16.0,255.255.248.0,39392
12678,31.222.64.0,255.255.252.0,6939
197816,31.222.192.0,255.255.248.0,4455
206446,31.222.204.0,255.255.255.0,6939
48108,31.222.227.0,255.255.255.0,6939
12735,31.223.0.0,255.255.255.0,6939
25144,31.223.128.0,255.255.224.0,6939
28878,31.223.160.0,255.255.240.0,39392
49685,31.223.175.0,255.255.255.0,39392
59877,31.223.190.0,255.255.255.0,39392
47116,31.223.232.0,255.255.248.0,39392
47902,31.223.240.0,255.255.240.0,39392
2688,32.31.0.0,255.255.0.0,22356
134536,32.39.68.0,255.255.255.0,6939
14904,32.97.136.0,255.255.255.0,39392
19527,34.0.0.0,255.254.0.0,6939
139070,34.64.0.0,255.255.0.0,22356
139190,34.101.0.0,255.255.0.0,22356
36375,35.0.0.0,255.255.0.0,6939
231,35.8.0.0,255.248.0.0,6939
237,35.16.0.0,255.255.0.0,6939
19009,35.128.4.0,255.255.255.0,6939
11096,35.128.192.0,255.255.255.0,6939
22677,35.130.32.0,255.255.255.0,6939
33588,35.131.32.0,255.255.224.0,6939
396299,35.131.124.0,255.255.255.0,6939
45170,36.0.4.0,255.255.252.0,6939
2527,36.2.0.0,255.255.224.0,6939
58461,36.20.119.0,255.255.255.0,6939
140726,36.32.0.0,255.255.240.0,6939
4800,36.37.64.0,255.255.255.0,6939
38623,36.37.128.0,255.255.128.0,24482
142539,36.50.6.0,255.255.255.0,6939
137967,36.50.11.0,255.255.255.0,6939
38203,36.50.18.0,255.255.255.0,6939
150895,36.50.26.0,255.255.255.0,6939
134564,36.50.30.0,255.255.255.0,6939
152013,36.50.43.0,255.255.255.0,6939
138077,36.50.46.0,255.255.255.0,6939
55888,36.50.48.0,255.255.255.0,24482
152029,36.50.56.0,255.255.254.0,24482
152107,36.50.58.0,255.255.255.0,6939
131471,36.50.72.0,255.255.255.0,6939
138115,36.50.77.0,255.255.255.0,6939
151734,36.50.82.0,255.255.255.0,5405
3258,36.50.84.0,255.255.254.0,39392
58495,36.50.86.0,255.255.254.0,24482
141642,36.50.92.0,255.255.255.0,24482
152356,36.50.96.0,255.255.255.0,6939
56264,36.50.102.0,255.255.255.0,6939
152172,36.50.110.0,255.255.254.0,6939
63859,36.50.112.0,255.255.255.0,6939
149240,36.50.118.0,255.255.255.0,5405
137453,36.50.146.0,255.255.255.0,6939
152183,36.50.147.0,255.255.255.0,6939
152078,36.50.154.0,255.255.254.0,6939
151157,36.50.166.0,255.255.255.0,5405
141746,36.50.196.0,255.255.255.0,6939
149584,36.50.197.0,255.255.255.0,5405
58689,36.50.199.0,255.255.255.0,6939
147159,36.50.205.0,255.255.255.0,6939
152080,36.50.224.0,255.255.254.0,24482
150766,36.50.228.0,255.255.255.0,22356
136749,36.50.230.0,255.255.254.0,6939
140934,36.50.240.0,255.255.255.0,6939
205329,36.50.249.64,255.255.255.255,6939
138829,36.50.253.0,255.255.255.0,6939
55355,36.51.255.0,255.255.255.0,6939
140061,36.100.0.0,255.255.128.0,6939
134761,36.103.128.0,255.255.224.0,6939
17638,36.106.0.0,255.255.128.0,6939
141679,36.110.213.0,255.255.255.0,6939
4812,36.111.0.0,255.255.240.0,6939
38283,36.111.64.0,255.255.255.0,6939
134756,36.111.72.0,255.255.255.0,6939
9808,36.128.0.0,255.192.0.0,6939
56044,36.128.0.0,255.255.0.0,6939
132525,36.132.128.0,255.255.128.0,6939
56047,36.133.12.0,255.255.252.0,6939
56041,36.134.0.0,255.255.248.0,6939
38019,36.134.64.0,255.255.255.0,6939
134810,36.134.66.0,255.255.254.0,6939
24547,36.134.82.0,255.255.254.0,6939
56046,36.134.96.0,255.255.252.0,6939
56040,36.138.120.0,255.255.255.0,6939
141425,36.139.219.0,255.255.255.0,6939
139080,36.140.13.0,255.255.255.0,6939
24444,36.140.254.0,255.255.255.0,6939
24138,36.192.0.0,255.255.248.0,6939
38565,36.252.0.0,255.254.0.0,39392
18229,36.255.3.0,255.255.255.0,5405
134067,36.255.48.0,255.255.252.0,6939
135607,36.255.60.0,255.255.255.0,6939
137654,36.255.66.0,255.255.255.0,5405
58923,36.255.68.0,255.255.252.0,6939
24432,36.255.80.0,255.255.252.0,6939
132559,36.255.84.0,255.255.255.0,5405
58895,36.255.100.0,255.255.255.0,6939
24554,36.255.108.0,255.255.252.0,5405
38566,36.255.144.0,255.255.252.0,6939
135718,36.255.157.0,255.255.255.0,5405
55352,36.255.180.0,255.255.252.0,5405
62651,36.255.204.0,255.255.255.0,22356
24295,36.255.216.0,255.255.252.0,6939
134053,36.255.232.0,255.255.252.0,39392
208348,36.255.240.0,255.255.254.0,5405
134293,36.255.242.0,255.255.255.0,5405
134672,36.255.244.0,255.255.255.0,24482
135133,36.255.252.0,255.255.255.0,39392
206804,37.0.12.0,255.255.255.0,24482
50794,37.0.24.0,255.255.248.0,5405
28685,37.0.80.0,255.255.240.0,39392
34456,37.1.0.0,255.255.192.0,6939
50763,37.1.88.0,255.255.248.0,5405
35826,37.1.96.0,255.255.248.0,39392
49250,37.1.104.0,255.255.248.0,6939
50941,37.1.145.0,255.255.255.0,6939
48072,37.1.240.0,255.255.240.0,39392
25472,37.6.0.0,255.255.0.0,39392
31477,37.9.160.0,255.255.248.0,39392
51013,37.9.168.0,255.255.248.0,39392
25424,37.9.192.0,255.255.248.0,39392
57626,37.9.216.0,255.255.248.0,39392
12843,37.16.64.0,255.255.248.0,39392
201119,37.16.90.0,255.255.255.0,6939
51691,37.16.96.0,255.255.240.0,39392
42772,37.17.0.0,255.255.128.0,6939
61998,37.17.170.0,255.255.255.0,5405
58272,37.18.0.0,255.255.255.0,49544
60598,37.18.1.0,255.255.255.0,6939
198011,37.18.4.0,255.255.252.0,39392
204720,37.18.14.0,255.255.255.0,22356
48188,37.18.40.0,255.255.255.0,6939
48585,37.18.56.0,255.255.254.0,5405
203622,37.18.58.0,255.255.255.0,5405
204496,37.18.59.0,255.255.255.0,6939
206260,37.18.64.0,255.255.248.0,39392
200976,37.18.127.0,255.255.255.0,6939
203712,37.18.132.0,255.255.255.0,6939
48176,37.18.152.0,255.255.248.0,5405
5603,37.18.224.0,255.255.240.0,5405
198354,37.19.0.0,255.255.248.0,5405
34267,37.19.32.0,255.255.240.0,6939
44143,37.19.104.0,255.255.248.0,6939
8309,37.19.128.0,255.255.192.0,6939
60068,37.19.194.0,255.255.255.0,22356
211612,37.19.204.0,255.255.255.0,22356
48101,37.25.44.0,255.255.255.0,39392
57642,37.25.56.0,255.255.248.0,6939
6821,37.25.80.0,255.255.248.0,5405
13122,37.25.88.0,255.255.248.0,39392
201917,37.25.148.0,255.255.255.0,39392
198279,37.26.80.0,255.255.248.0,5405
206666,37.26.96.0,255.255.255.0,5405
209613,37.26.102.0,255.255.255.0,6939
34337,37.26.192.0,255.255.254.0,5405
28748,37.26.200.0,255.255.248.0,39392
57660,37.26.208.0,255.255.240.0,39392
31208,37.28.184.0,255.255.255.0,6939
12912,37.30.0.0,255.254.0.0,39392
202468,37.32.0.0,255.255.255.0,6939
208006,37.32.3.0,255.255.255.0,5405
47376,37.32.44.0,255.255.255.0,6939
35132,37.32.48.0,255.255.248.0,39392
57675,37.32.64.0,255.255.255.0,5405
13099,37.32.75.0,255.255.255.0,5405
200154,37.32.77.0,255.255.255.0,5405
202636,37.32.96.0,255.255.254.0,6939
8749,37.32.101.0,255.255.255.0,6939
5408,37.32.128.0,255.255.128.0,5405
16086,37.33.0.0,255.255.0.0,6939
198399,37.34.72.0,255.255.254.0,6939
43925,37.34.96.0,255.255.252.0,39392
29104,37.35.0.0,255.255.248.0,39392
39194,37.35.16.0,255.255.240.0,39392
33983,37.35.64.0,255.255.248.0,39392
49974,37.35.96.0,255.255.252.0,39392
25291,37.44.0.0,255.255.248.0,5405
6697,37.44.64.0,255.255.192.0,6939
13189,37.44.204.0,255.255.252.0,39392
42306,37.44.208.0,255.255.252.0,39392
49434,37.44.236.0,255.255.255.0,6939
209749,37.46.12.0,255.255.255.0,5405
48956,37.46.13.0,255.255.255.0,6939
43370,37.46.48.0,255.255.252.0,6939
24739,37.46.52.0,255.255.252.0,6939
15699,37.46.72.0,255.255.248.0,6939
29134,37.46.80.0,255.255.248.0,39392
56568,37.46.96.0,255.255.252.0,6939
6206,37.46.192.0,255.255.252.0,22356
39326,37.46.200.0,255.255.248.0,39392
13188,37.46.224.0,255.255.255.0,6939
206347,37.48.225.0,255.255.255.0,39392
35549,37.48.232.0,255.255.248.0,6939
21127,37.49.192.0,255.255.224.0,39392
3920,37.49.224.0,255.255.255.0,39392
57734,37.49.234.0,255.255.255.0,8218
50572,37.49.240.0,255.255.240.0,39392
6849,37.52.0.0,255.255.248.0,6939
48737,37.58.17.0,255.255.255.0,6939
198570,37.60.0.0,255.255.248.0,39392
198594,37.60.24.0,255.255.248.0,39392
49158,37.60.64.0,255.255.192.0,39392
29608,37.60.152.0,255.255.248.0,39392
201080,37.60.155.0,255.255.255.0,8218
29513,37.60.184.0,255.255.248.0,8218
1126,37.60.192.0,255.255.248.0,6939
28787,37.61.0.0,255.255.128.0,5405
51813,37.61.182.0,255.255.255.0,39392
57913,37.61.228.0,255.255.255.0,209531
41000,37.61.232.0,255.255.248.0,39392
210123,37.61.248.0,255.255.248.0,39392
15557,37.64.0.0,255.248.0.0,39392
198434,37.72.32.0,255.255.248.0,6939
24945,37.72.40.0,255.255.248.0,6939
61029,37.72.96.0,255.255.255.0,39392
38987,37.72.120.0,255.255.248.0,39392
56485,37.72.129.0,255.255.255.0,6939
60098,37.72.176.0,255.255.255.0,6939
34058,37.73.0.0,255.255.0.0,39392
34139,37.75.0.0,255.255.248.0,6939
201178,37.75.8.0,255.255.255.0,5405
33874,37.75.32.0,255.255.224.0,39392
13056,37.76.160.0,255.255.224.0,6939
39582,37.77.1.0,255.255.255.0,5405
31122,37.77.58.0,255.255.254.0,39392
47586,37.77.108.0,255.255.252.0,6939
212417,37.77.136.0,255.255.248.0,39392
48199,37.77.148.0,255.255.255.0,6939
43281,37.77.168.0,255.255.255.0,6939
28929,37.77.208.0,255.255.240.0,39392
8399,37.97.64.0,255.255.224.0,6939
8851,37.98.144.0,255.255.248.0,6939
24722,37.98.152.0,255.255.248.0,6939
47241,37.98.160.0,255.255.224.0,39392
57794,37.98.192.0,255.255.248.0,6939
16839,37.98.233.0,255.255.255.0,5405
47794,37.99.128.0,255.255.192.0,6939
48695,37.99.150.0,255.255.255.0,6939
198477,37.99.192.0,255.255.248.0,39392
48500,37.99.224.0,255.255.240.0,6939
45015,37.99.248.0,255.255.248.0,39120
41872,37.110.200.0,255.255.248.0,6939
48475,37.110.224.0,255.255.240.0,6939
50538,37.110.240.0,255.255.248.0,6939
198781,37.110.248.0,255.255.248.0,6939
133385,37.111.0.0,255.255.248.0,6939
24499,37.111.128.0,255.255.255.0,6939
24389,37.111.192.0,255.255.255.0,6939
21176,37.114.8.0,255.255.248.0,6939
200482,37.114.35.0,255.255.255.0,39392
20521,37.114.72.0,255.255.248.0,6939
60662,37.122.144.0,255.255.252.0,39392
47962,37.122.152.0,255.255.252.0,6939
25540,37.122.200.0,255.255.248.0,39392
35579,37.122.220.0,255.255.252.0,1764
51945,37.122.248.0,255.255.248.0,39392
48832,37.123.85.0,255.255.255.0,6939
35378,37.123.200.0,255.255.248.0,39392
215300,37.123.211.0,255.255.255.0,39392
50289,37.123.216.0,255.255.248.0,6939
8865,37.128.152.0,255.255.248.0,1764
198479,37.128.168.0,255.255.255.0,6939
15874,37.130.0.0,255.255.192.0,5405
50411,37.130.8.0,255.255.252.0,5405
34296,37.130.64.0,255.255.255.0,6939
199478,37.130.144.0,255.255.255.0,6939
34545,37.130.192.0,255.255.255.0,5405
205330,37.130.216.0,255.255.248.0,209531
202020,37.130.232.0,255.255.248.0,39392
47474,37.130.248.0,255.255.248.0,6939
51375,37.131.0.0,255.255.128.0,6939
35745,37.131.160.0,255.255.240.0,5405
60522,37.131.179.0,255.255.255.0,39392
25375,37.131.184.0,255.255.248.0,39392
44327,37.131.224.0,255.255.248.0,6939
61157,37.131.232.0,255.255.248.0,5405
15743,37.131.240.0,255.255.248.0,39392
200000,37.139.64.0,255.255.248.0,6939
50153,37.139.72.0,255.255.255.0,6939
35026,37.139.80.0,255.255.254.0,6939
198675,37.139.87.0,255.255.255.0,6939
12850,37.139.88.0,255.255.248.0,6939
57961,37.139.112.0,255.255.252.0,5405
8739,37.139.131.0,255.255.255.0,6939
41095,37.139.133.0,255.255.255.0,39392
57866,37.139.136.0,255.255.248.0,39392
42739,37.139.144.0,255.255.255.0,5405
25133,37.139.160.0,255.255.224.0,6939
3169,37.140.217.0,255.255.255.0,6939
44407,37.140.224.0,255.255.248.0,39392
202958,37.140.243.0,255.255.255.0,6939
34373,37.143.36.0,255.255.254.0,39392
20546,37.143.40.0,255.255.255.0,6939
29492,37.143.48.0,255.255.252.0,39392
198507,37.143.52.0,255.255.252.0,39392
199235,37.143.72.0,255.255.252.0,39392
196777,37.143.132.0,255.255.252.0,5405
51793,37.143.160.0,255.255.254.0,39392
34714,37.143.168.0,255.255.255.0,39392
29056,37.143.176.0,255.255.240.0,1764
43205,37.143.192.0,255.255.192.0,39392
31549,37.148.0.0,255.255.192.0,6939
205647,37.148.0.0,255.255.248.0,6939
20910,37.148.168.0,255.255.248.0,209531
58269,37.148.174.0,255.255.255.0,6939
61044,37.148.192.0,255.255.248.0,39392
34619,37.148.208.0,255.255.255.0,6939
39180,37.148.240.0,255.255.248.0,4455
57907,37.152.48.0,255.255.248.0,6939
211589,37.152.71.0,255.255.255.0,39392
196750,37.153.0.0,255.255.192.0,6939
41655,37.153.80.0,255.255.248.0,39392
26464,37.153.110.0,255.255.255.0,6939
39737,37.153.136.0,255.255.255.0,5405
39409,37.153.156.0,255.255.255.0,1764
216262,37.156.5.0,255.255.255.0,6939
203346,37.156.64.0,255.255.255.0,6939
200651,37.156.68.0,255.255.255.0,5405
8751,37.156.71.0,255.255.255.0,39392
206206,37.156.104.0,255.255.255.0,6939
1653,37.156.192.0,255.255.240.0,6939
62282,37.156.216.0,255.255.248.0,6939
8953,37.156.224.0,255.255.255.0,39392
41496,37.156.227.0,255.255.255.0,5405
198622,37.157.0.0,255.255.248.0,6939
6863,37.157.16.0,255.255.248.0,6939
31472,37.157.48.0,255.255.248.0,39392
3249,37.157.64.0,255.255.192.0,39392
57943,37.157.128.0,255.255.248.0,8218
8866,37.157.136.0,255.255.248.0,5405
6661,37.157.152.0,255.255.248.0,6939
43561,37.157.191.0,255.255.255.0,5405
42845,37.157.224.0,255.255.248.0,39392
29447,37.160.0.0,255.252.0.0,39392
39912,37.186.0.0,255.255.252.0,6939
8540,37.186.5.0,255.255.255.0,6939
48728,37.186.32.0,255.255.255.0,6939
50889,37.186.111.0,255.255.255.0,49544
20811,37.186.128.0,255.255.192.0,39392
25513,37.190.0.0,255.255.128.0,6939
57681,37.190.60.0,255.255.255.0,6939
48309,37.191.64.0,255.255.252.0,6939
42973,37.191.96.0,255.255.248.0,6939
202193,37.200.80.0,255.255.252.0,6939
24958,37.200.112.0,255.255.248.0,39392
24663,37.200.120.0,255.255.248.0,6939
6672,37.202.8.0,255.255.248.0,6939
47531,37.202.8.0,255.255.252.0,6939
62167,37.202.25.0,255.255.255.0,39392
6823,37.202.48.0,255.255.248.0,6939
8376,37.202.64.0,255.255.192.0,6939
214693,37.202.197.0,255.255.255.0,5405
213791,37.202.205.0,255.255.255.0,6939
272605,37.202.208.0,255.255.255.0,6939
267507,37.202.218.0,255.255.255.0,22356
12993,37.203.32.0,255.255.248.0,6939
44332,37.203.40.0,255.255.248.0,39392
206663,37.203.54.0,255.255.255.0,39392
39637,37.203.56.0,255.255.248.0,39392
50295,37.203.216.0,255.255.248.0,39392
44964,37.203.240.0,255.255.248.0,6939
21040,37.203.248.0,255.255.248.0,6939
41811,37.205.56.0,255.255.248.0,39392
58002,37.208.64.0,255.255.240.0,6939
41822,37.208.100.0,255.255.254.0,6939
58010,37.208.104.0,255.255.248.0,5405
29084,37.209.168.0,255.255.248.0,5405
12008,37.209.192.0,255.255.255.0,6939
31463,37.209.208.0,255.255.240.0,39392
16285,37.209.224.0,255.255.255.0,39392
9051,37.209.248.0,255.255.248.0,22356
42298,37.211.16.0,255.255.240.0,5405
43356,37.218.196.0,255.255.255.0,39392
47172,37.218.240.0,255.255.255.0,39392
47264,37.220.104.0,255.255.248.0,5405
50261,37.220.128.0,255.255.240.0,39392
13127,37.220.148.0,255.255.255.0,39392
196742,37.220.152.0,255.255.248.0,6939
34879,37.220.160.0,255.255.255.0,6939
201730,37.221.88.0,255.255.252.0,39392
200873,37.221.99.0,255.255.255.0,39392
198537,37.221.100.0,255.255.252.0,6939
12129,37.221.109.0,255.255.255.0,6939
33185,37.221.110.0,255.255.255.0,6939
51514,37.221.216.0,255.255.248.0,39392
198965,37.221.224.0,255.255.248.0,6939
39386,37.224.192.0,255.255.255.0,39392
35104,37.228.64.0,255.255.255.0,6939
34352,37.228.80.0,255.255.255.0,6939
39832,37.228.104.0,255.255.248.0,6939
50873,37.228.130.0,255.255.255.0,39392
204035,37.228.132.0,255.255.255.0,22356
209400,37.228.140.0,255.255.252.0,5405
270052,37.230.56.0,255.255.252.0,263444
203600,37.230.86.0,255.255.255.0,6939
201205,37.230.120.0,255.255.248.0,39392
210226,37.230.128.0,255.255.254.0,6939
200197,37.230.131.0,255.255.255.0,39392
197309,37.230.137.0,255.255.255.0,6939
212027,37.230.138.0,255.255.255.0,5405
48614,37.230.141.0,255.255.255.0,6939
48219,37.230.143.0,255.255.255.0,6939
197535,37.230.146.0,255.255.255.0,6939
60062,37.230.160.0,255.255.255.0,6939
42521,37.230.201.0,255.255.255.0,6939
48558,37.230.206.0,255.255.254.0,6939
201825,37.230.237.0,255.255.255.0,6939
56627,37.230.249.0,255.255.255.0,6939
47589,37.231.0.0,255.255.128.0,6939
31252,37.233.0.0,255.255.192.0,5405
35810,37.233.116.0,255.255.255.0,6939
20771,37.233.128.0,255.255.128.0,6939
50613,37.235.49.0,255.255.255.0,39392
28099,37.235.52.0,255.255.255.0,22356
58075,37.235.80.0,255.255.248.0,39392
35625,37.235.88.0,255.255.248.0,39392
39392,37.235.96.0,255.255.240.0,39392
35332,37.235.112.0,255.255.248.0,39392
41268,37.235.128.0,255.255.128.0,6939
25459,37.247.32.0,255.255.240.0,39392
34971,37.247.48.0,255.255.248.0,39392
34358,37.251.128.0,255.255.224.0,6939
29205,37.251.192.0,255.255.248.0,5405
59627,37.252.2.0,255.255.255.0,6939
34702,37.252.4.0,255.255.254.0,5405
58095,37.252.16.0,255.255.255.0,6939
196752,37.252.120.0,255.255.248.0,39392
48885,37.252.128.0,255.255.224.0,6939
29990,37.252.160.0,255.255.254.0,39392
44133,37.252.184.0,255.255.248.0,1764
44654,37.252.210.0,255.255.255.0,39392
393442,38.2.32.0,255.255.240.0,6939
7250,38.2.112.0,255.255.240.0,39392
32473,38.2.156.0,255.255.252.0,6939
21559,38.2.160.0,255.255.224.0,6939
26831,38.2.224.0,255.255.255.0,39392
16604,38.2.232.0,255.255.255.0,6939
20135,38.3.16.0,255.255.240.0,6939
398721,38.3.64.0,255.255.240.0,39392
274614,38.3.132.0,255.255.254.0,6939
52419,38.3.152.0,255.255.248.0,22356
138064,38.3.160.0,255.255.255.0,6939
273595,38.3.164.0,255.255.252.0,39392
61734,38.3.178.0,255.255.255.0,6939
265302,38.3.179.0,255.255.255.0,22356
140121,38.3.185.0,255.255.255.0,5405
264255,38.3.208.0,255.255.252.0,6939
270984,38.3.212.0,255.255.252.0,22356
203217,38.3.232.0,255.255.254.0,6939
398993,38.6.0.0,255.255.192.0,5405
398823,38.6.64.0,255.255.192.0,6939
271899,38.7.0.0,255.255.248.0,6939
28398,38.7.16.0,255.255.248.0,6939
263725,38.7.24.0,255.255.255.0,6939
265867,38.7.102.0,255.255.254.0,39392
272962,38.7.106.0,255.255.255.0,6939
272112,38.7.137.0,255.255.255.0,6939
205423,38.7.148.0,255.255.252.0,39392
399898,38.7.152.0,255.255.252.0,6939
207136,38.7.158.0,255.255.254.0,39392
268205,38.7.224.0,255.255.224.0,22356
56087,38.9.0.0,255.255.254.0,6939
264397,38.9.4.0,255.255.252.0,22356
265721,38.9.16.0,255.255.255.0,6939
267749,38.9.38.0,255.255.255.0,39392
17426,38.9.60.0,255.255.255.0,6939
266475,38.9.112.0,255.255.255.0,6939
23679,38.9.128.0,255.255.254.0,6939
272836,38.9.192.0,255.255.240.0,22356
271188,38.9.215.0,255.255.255.0,22356
271957,38.9.216.0,255.255.248.0,22356
135814,38.10.1.0,255.255.255.0,6939
267034,38.10.83.0,255.255.255.0,22356
136244,38.10.88.0,255.255.254.0,6939
267521,38.10.96.0,255.255.252.0,22356
270375,38.10.100.0,255.255.254.0,22356
264962,38.10.103.0,255.255.255.0,263444
263189,38.10.104.0,255.255.252.0,22356
263684,38.10.112.0,255.255.252.0,22356
263689,38.10.132.0,255.255.252.0,6939
272447,38.10.152.0,255.255.254.0,22356
269931,38.10.247.0,255.255.255.0,6939
269730,38.10.248.0,255.255.254.0,6939
139923,38.12.34.0,255.255.255.0,6939
151630,38.12.248.0,255.255.255.0,6939
27611,38.13.40.0,255.255.248.0,39392
25668,38.13.64.0,255.255.224.0,6939
17223,38.15.184.0,255.255.255.0,39392
29863,38.15.188.0,255.255.255.0,39392
272122,38.17.128.0,255.255.128.0,39392
27924,38.18.32.0,255.255.224.0,6939
32277,38.18.96.0,255.255.224.0,6939
40281,38.18.136.0,255.255.248.0,39392
141167,38.18.224.0,255.255.252.0,6939
28458,38.19.39.0,255.255.255.0,6939
270075,38.19.40.0,255.255.252.0,22356
272273,38.19.52.0,255.255.255.0,263444
22724,38.19.64.0,255.255.240.0,6939
263693,38.19.90.0,255.255.255.0,39392
269898,38.19.100.0,255.255.255.0,22356
31942,38.19.189.0,255.255.255.0,6939
9186,38.19.200.0,255.255.252.0,39392
265688,38.19.212.0,255.255.254.0,6939
52800,38.19.218.0,255.255.254.0,263444
273133,38.19.228.0,255.255.252.0,24482
264509,38.19.232.0,255.255.254.0,22356
150555,38.19.236.0,255.255.255.0,24482
28546,38.19.240.0,255.255.255.0,6939
265561,38.19.252.0,255.255.255.0,6939
52875,38.20.8.0,255.255.252.0,22356
26110,38.20.134.0,255.255.255.0,6939
138296,38.20.140.0,255.255.252.0,5405
63131,38.20.160.0,255.255.240.0,39392
134497,38.20.178.0,255.255.255.0,6939
397545,38.20.192.0,255.255.248.0,6939
399337,38.20.224.0,255.255.252.0,39392
40545,38.21.40.0,255.255.248.0,6939
13692,38.21.56.0,255.255.248.0,6939
136336,38.21.68.0,255.255.255.0,39392
262231,38.21.80.0,255.255.240.0,22356
55140,38.21.144.0,255.255.240.0,6939
11550,38.22.128.0,255.255.240.0,39392
28439,38.22.164.0,255.255.252.0,6939
265605,38.22.169.0,255.255.255.0,6939
21554,38.23.32.0,255.255.224.0,6939
265691,38.25.0.0,255.255.128.0,22356
61461,38.25.128.0,255.255.128.0,6939
53338,38.26.16.0,255.255.240.0,39392
29571,38.26.128.0,255.255.128.0,39392
23114,38.27.96.0,255.255.248.0,39392
14277,38.27.112.0,255.255.252.0,6939
11686,38.29.170.0,255.255.255.0,6939
2637,38.29.188.0,255.255.255.0,39392
400194,38.30.160.0,255.255.224.0,6939
216138,38.30.192.0,255.255.240.0,6939
23532,38.30.253.0,255.255.255.0,6939
46957,38.34.192.0,255.255.224.0,39392
30444,38.34.224.0,255.255.224.0,39392
33164,38.35.32.0,255.255.224.0,5405
265509,38.35.128.0,255.255.248.0,39392
394432,38.38.192.0,255.255.192.0,6939
139659,38.38.250.0,255.255.254.0,5405
203223,38.39.128.0,255.255.248.0,39392
40029,38.39.160.0,255.255.240.0,6939
269832,38.41.0.0,255.255.224.0,39392
26223,38.41.64.0,255.255.255.0,6939
53256,38.41.96.0,255.255.240.0,39392
6405,38.41.112.0,255.255.252.0,39392
13415,38.41.124.0,255.255.252.0,6939
3132,38.41.186.0,255.255.255.0,24482
271907,38.41.188.0,255.255.255.0,6939
266044,38.41.196.0,255.255.252.0,22356
203667,38.41.200.0,255.255.248.0,5405
264764,38.41.224.0,255.255.224.0,6939
133360,38.43.64.0,255.255.254.0,6939
327786,38.43.72.0,255.255.252.0,6939
268952,38.43.76.0,255.255.255.0,22356
269656,38.43.90.0,255.255.254.0,22356
399804,38.43.93.0,255.255.255.0,6939
269501,38.43.100.0,255.255.252.0,262355
61884,38.43.104.0,255.255.252.0,6939
33139,38.43.112.0,255.255.248.0,6939
272935,38.43.122.0,255.255.255.0,6939
46632,38.44.0.0,255.255.248.0,6939
272083,38.44.16.0,255.255.255.0,6939
267845,38.44.32.0,255.255.255.0,6939
37517,38.44.64.0,255.255.240.0,6939
64134,38.44.240.0,255.255.255.0,6939
142393,38.44.248.0,255.255.255.0,24482
393632,38.45.19.0,255.255.255.0,6939
13319,38.45.20.0,255.255.252.0,6939
35592,38.45.80.0,255.255.252.0,39392
19969,38.45.98.0,255.255.255.0,6939
137182,38.45.112.0,255.255.252.0,6939
46414,38.46.32.0,255.255.254.0,5405
393670,38.46.52.0,255.255.254.0,6939
398704,38.46.72.0,255.255.248.0,6939
14103,38.46.88.0,255.255.248.0,6939
394140,38.46.136.0,255.255.252.0,39392
398991,38.46.142.0,255.255.254.0,22356
138456,38.46.158.0,255.255.254.0,6939
142307,38.46.232.0,255.255.255.0,6939
38235,38.47.32.0,255.255.248.0,6939
133524,38.47.40.0,255.255.248.0,6939
136491,38.47.51.0,255.255.255.0,24482
149042,38.47.52.0,255.255.254.0,5405
9381,38.47.61.0,255.255.255.0,24482
140570,38.47.62.0,255.255.255.0,24482
932,38.47.96.0,255.255.224.0,6939
147019,38.47.128.0,255.255.255.0,6939
140443,38.47.176.0,255.255.255.0,6939
140227,38.47.192.0,255.255.255.0,6939
26133,38.49.224.0,255.255.224.0,6939
13576,38.50.52.0,255.255.252.0,6939
263262,38.50.56.0,255.255.252.0,22356
264758,38.50.60.0,255.255.255.0,22356
14979,38.50.64.0,255.255.248.0,6939
263834,38.50.96.0,255.255.224.0,22356
266539,38.50.128.0,255.255.224.0,39392
264685,38.51.22.0,255.255.255.0,39392
52322,38.51.26.0,255.255.255.0,22356
271942,38.51.52.0,255.255.255.0,6939
27813,38.51.64.0,255.255.240.0,39392
272102,38.51.120.0,255.255.255.0,6939
58952,38.51.128.0,255.255.252.0,24482
272111,38.51.132.0,255.255.255.0,6939
264111,38.51.152.0,255.255.255.0,22356
263686,38.51.228.0,255.255.252.0,6939
267708,38.51.232.0,255.255.252.0,6939
28032,38.51.248.0,255.255.252.0,22356
33152,38.52.0.0,255.255.192.0,6939
12150,38.52.64.0,255.255.224.0,22356
11172,38.52.116.0,255.255.254.0,6939
135300,38.52.120.0,255.255.248.0,6939
61512,38.52.132.0,255.255.252.0,22356
61622,38.52.149.0,255.255.255.0,22356
272851,38.52.152.0,255.255.248.0,22356
12684,38.52.172.0,255.255.252.0,22356
273026,38.52.182.0,255.255.254.0,39392
11432,38.52.204.0,255.255.255.0,263444
61598,38.52.206.0,255.255.255.0,22356
52468,38.52.211.0,255.255.255.0,22356
63139,38.54.46.0,255.255.255.0,5405
14430,38.55.80.0,255.255.255.0,6939
1054,38.55.108.0,255.255.255.0,6939
61817,38.56.0.0,255.255.240.0,22356
52945,38.56.16.0,255.255.252.0,22356
272276,38.56.22.0,255.255.255.0,22356
210129,38.56.32.0,255.255.224.0,6939
266734,38.56.76.0,255.255.252.0,6939
272873,38.56.83.0,255.255.255.0,22356
64116,38.56.96.0,255.255.255.0,39392
272848,38.56.97.0,255.255.255.0,22356
273950,38.56.98.0,255.255.255.0,39392
271803,38.56.103.0,255.255.255.0,6939
272806,38.56.108.0,255.255.255.0,6939
64146,38.56.120.0,255.255.255.0,39392
61765,38.56.196.0,255.255.255.0,22356
61770,38.56.240.0,255.255.252.0,22356
28451,38.56.248.0,255.255.255.0,6939
13631,38.57.54.0,255.255.255.0,6939
53764,38.57.96.0,255.255.255.0,39392
34756,38.57.106.0,255.255.255.0,6939
1031,38.57.115.0,255.255.255.0,39392
14016,38.57.187.0,255.255.255.0,39392
46783,38.57.234.0,255.255.255.0,39392
263167,38.58.32.0,255.255.255.0,6939
212087,38.58.40.0,255.255.255.0,6939
132139,38.58.109.0,255.255.255.0,6939
270126,38.58.144.0,255.255.254.0,39392
33037,38.58.196.0,255.255.255.0,39392
4226,38.59.192.0,255.255.254.0,39392
397162,38.59.222.0,255.255.255.0,6939
396420,38.62.64.0,255.255.255.0,6939
393437,38.64.76.0,255.255.255.0,5405
36062,38.64.81.0,255.255.255.0,5405
47027,38.64.204.0,255.255.252.0,6939
394284,38.64.222.0,255.255.255.0,6939
26523,38.64.244.0,255.255.255.0,6939
270158,38.65.174.0,255.255.255.0,22356
54240,38.65.204.0,255.255.254.0,39392
33097,38.65.223.0,255.255.255.0,6939
16524,38.66.48.0,255.255.254.0,6939
138998,38.66.108.0,255.255.252.0,6939
19754,38.67.10.0,255.255.255.0,6939
36054,38.67.21.0,255.255.255.0,39392
18859,38.67.32.0,255.255.224.0,6939
150150,38.67.211.0,255.255.255.0,22356
20205,38.67.212.0,255.255.254.0,6939
54650,38.68.2.0,255.255.255.0,39392
269946,38.68.176.0,255.255.255.0,22356
40220,38.68.251.0,255.255.255.0,6939
36225,38.69.129.0,255.255.255.0,24482
11077,38.69.130.0,255.255.255.0,6939
10099,38.69.152.0,255.255.255.0,6939
33604,38.69.196.0,255.255.252.0,6939
394684,38.69.222.0,255.255.254.0,39392
21788,38.70.24.0,255.255.254.0,6939
63897,38.70.74.0,255.255.255.0,24482
45250,38.70.77.0,255.255.255.0,24482
36445,38.70.160.0,255.255.240.0,6939
399647,38.70.188.0,255.255.252.0,6939
32212,38.70.200.0,255.255.248.0,39392
63981,38.71.22.0,255.255.255.0,6939
137816,38.71.47.0,255.255.255.0,6939
54620,38.72.76.0,255.255.255.0,6939
150447,38.72.88.0,255.255.255.0,6939
151704,38.72.138.0,255.255.254.0,5405
59538,38.75.44.0,255.255.255.0,6939
55285,38.75.194.0,255.255.255.0,39392
16724,38.75.229.0,255.255.255.0,6939
57624,38.76.16.0,255.255.255.0,39392
27257,38.76.71.0,255.255.255.0,6939
263767,38.76.136.0,255.255.252.0,6939
137897,38.76.140.0,255.255.255.0,22356
152565,38.76.192.0,255.255.240.0,5405
268314,38.76.224.0,255.255.240.0,263444
18530,38.76.240.0,255.255.254.0,6939
136510,38.76.247.0,255.255.255.0,39392
55066,38.76.248.0,255.255.255.0,39392
274105,38.76.250.0,255.255.255.0,6939
7828,38.77.37.0,255.255.255.0,6939
28394,38.77.68.0,255.255.252.0,22356
32098,38.77.72.0,255.255.255.0,39392
400043,38.77.227.0,255.255.255.0,39392
399077,38.77.232.0,255.255.255.0,5405
393294,38.77.248.0,255.255.255.0,5405
267700,38.78.150.0,255.255.255.0,39392
32890,38.78.194.0,255.255.254.0,6939
63397,38.79.7.0,255.255.255.0,39392
137526,38.79.142.0,255.255.255.0,6939
43376,38.79.154.0,255.255.255.0,6939
135188,38.80.32.0,255.255.255.0,5405
26413,38.80.82.0,255.255.254.0,6939
395748,38.81.101.0,255.255.255.0,39392
22742,38.81.108.0,255.255.252.0,6939
29838,38.81.194.0,255.255.255.0,6939
212616,38.82.22.0,255.255.255.0,6939
394034,38.83.38.0,255.255.254.0,6939
149485,38.83.62.0,255.255.255.0,22356
17216,38.83.128.0,255.255.252.0,6939
56504,38.83.202.0,255.255.255.0,39392
21826,38.84.58.0,255.255.255.0,6939
138571,38.84.168.0,255.255.248.0,5405
394356,38.86.64.0,255.255.252.0,39392
63351,38.86.161.0,255.255.255.0,39392
14877,38.87.49.0,255.255.255.0,6939
16698,38.87.72.0,255.255.248.0,6939
399728,38.87.123.0,255.255.255.0,6939
36640,38.87.240.0,255.255.252.0,39392
26479,38.88.24.0,255.255.248.0,39392
26968,38.88.80.0,255.255.255.0,6939
25837,38.89.164.0,255.255.255.0,39392
62523,38.89.244.0,255.255.252.0,6939
3653,38.91.54.0,255.255.255.0,22356
30247,38.92.4.0,255.255.254.0,6939
136744,38.92.36.0,255.255.254.0,6939
27759,38.92.116.0,255.255.252.0,6939
47096,38.92.128.0,255.255.252.0,6939
15011,38.92.152.0,255.255.252.0,39392
395466,38.92.160.0,255.255.248.0,6939
26725,38.93.184.0,255.255.248.0,6939
27578,38.94.112.0,255.255.252.0,6939
27335,38.94.165.0,255.255.255.0,39392
22687,38.95.98.0,255.255.255.0,6939
212628,38.95.160.0,255.255.255.0,6939
40128,38.95.220.0,255.255.252.0,39392
11888,38.96.244.0,255.255.255.0,6939
40511,38.98.1.0,255.255.255.0,6939
54270,38.98.62.0,255.255.255.0,39392
266694,38.98.65.0,255.255.255.0,263444
64010,38.98.98.0,255.255.255.0,6939
26068,38.98.180.0,255.255.255.0,6939
19214,38.99.49.0,255.255.255.0,6939
30103,38.99.124.0,255.255.255.0,6939
20075,38.100.22.0,255.255.255.0,39392
208621,38.101.112.0,255.255.255.0,5405
64208,38.101.150.0,255.255.255.0,39392
7219,38.101.217.0,255.255.255.0,6939
40470,38.102.69.0,255.255.255.0,6939
132641,38.102.78.0,255.255.255.0,24482
21886,38.103.42.0,255.255.255.0,39392
15301,38.103.166.0,255.255.255.0,6939
14380,38.103.172.0,255.255.252.0,6939
19955,38.103.189.0,255.255.255.0,39392
23486,38.103.228.0,255.255.252.0,39392
44431,38.105.15.0,255.255.255.0,6939
14969,38.105.200.0,255.255.255.0,5405
30666,38.105.204.0,255.255.252.0,39392
30593,38.105.239.0,255.255.255.0,39392
396850,38.106.128.0,255.255.248.0,39392
141983,38.106.187.0,255.255.255.0,6939
53865,38.107.82.0,255.255.255.0,5405
7341,38.107.152.0,255.255.252.0,39392
393398,38.107.221.0,255.255.255.0,6939
399521,38.108.9.0,255.255.255.0,6939
42228,38.108.97.0,255.255.255.0,4455
25788,38.108.229.0,255.255.255.0,39392
40841,38.108.243.0,255.255.255.0,6939
60800,38.109.11.0,255.255.255.0,39392
54087,38.109.67.0,255.255.255.0,39392
14163,38.109.104.0,255.255.255.0,39392
46484,38.109.230.0,255.255.254.0,39392
26747,38.109.236.0,255.255.252.0,6939
63010,38.110.48.0,255.255.255.0,6939
394111,38.110.132.0,255.255.252.0,39392
135069,38.110.164.0,255.255.252.0,6939
22006,38.110.240.0,255.255.248.0,6939
32489,38.111.104.0,255.255.255.0,24482
10111,38.111.220.0,255.255.255.0,6939
22926,38.114.64.0,255.255.248.0,6939
34,38.115.62.0,255.255.255.0,6939
208962,38.117.87.0,255.255.255.0,39392
19116,38.119.167.0,255.255.255.0,6939
9246,38.121.24.0,255.255.248.0,6939
13845,38.121.74.0,255.255.255.0,6939
394065,38.121.181.0,255.255.255.0,6939
266841,38.121.208.0,255.255.240.0,22356
11597,38.123.84.0,255.255.255.0,6939
36443,38.123.90.0,255.255.254.0,6939
152644,38.123.103.0,255.255.255.0,5405
401322,38.123.174.0,255.255.255.0,39392
399790,38.124.141.0,255.255.255.0,6939
2711,38.124.248.0,255.255.255.0,39392
10886,38.124.249.0,255.255.255.0,6939
14350,38.125.29.0,255.255.255.0,39392
4058,38.125.165.0,255.255.255.0,5405
204731,38.126.80.0,255.255.240.0,39392
46131,38.126.176.0,255.255.248.0,6939
25829,38.127.143.0,255.255.255.0,6939
36703,38.128.98.0,255.255.255.0,39392
36666,38.128.236.0,255.255.254.0,6939
141140,38.129.9.0,255.255.255.0,6939
400687,38.129.10.0,255.255.255.0,39392
200904,38.130.75.0,255.255.255.0,6939
33623,38.130.158.0,255.255.254.0,39392
139056,38.130.248.0,255.255.252.0,6939
263237,38.131.8.0,255.255.255.0,6939
63242,38.131.224.0,255.255.252.0,39392
19122,38.132.48.0,255.255.240.0,39392
30298,38.133.68.0,255.255.254.0,6939
11191,38.133.96.0,255.255.252.0,39392
40123,38.133.160.0,255.255.255.0,5405
20200,38.135.184.0,255.255.252.0,22356
133661,38.137.0.0,255.255.192.0,39392
262474,38.137.184.0,255.255.248.0,22356
64130,38.137.193.0,255.255.255.0,22356
272978,38.137.198.0,255.255.255.0,22356
273934,38.137.200.0,255.255.254.0,39392
18519,38.137.224.0,255.255.248.0,6939
50115,38.137.248.0,255.255.252.0,6939
395478,38.141.44.0,255.255.252.0,39392
263807,38.143.152.0,255.255.255.0,22356
398448,38.146.80.0,255.255.255.0,6939
13977,38.147.211.0,255.255.255.0,39392
153098,38.150.18.0,255.255.254.0,24482
17893,38.150.36.0,255.255.254.0,6939
18013,38.150.93.0,255.255.255.0,6939
272118,38.150.94.0,255.255.255.0,22356
24534,38.150.100.0,255.255.255.0,6939
52762,38.156.0.0,255.255.252.0,263444
272156,38.156.13.0,255.255.255.0,22356
265622,38.156.15.0,255.255.255.0,22356
265435,38.156.24.0,255.255.254.0,22356
267242,38.156.64.0,255.255.252.0,22356
272739,38.156.71.0,255.255.255.0,22356
202561,38.156.72.0,255.255.255.0,5405
273678,38.156.90.0,255.255.255.0,263444
151006,38.156.95.0,255.255.255.0,24482
263793,38.156.96.0,255.255.224.0,22356
152475,38.156.240.0,255.255.254.0,6939
27951,38.156.255.0,255.255.255.0,22356
33647,38.158.32.0,255.255.224.0,6939
6208,38.158.208.0,255.255.240.0,6939
27976,38.159.40.0,255.255.248.0,39392
265634,38.159.160.0,255.255.252.0,39392
263532,38.159.168.0,255.255.252.0,262355
263462,38.159.188.0,255.255.252.0,22356
4618,38.159.240.0,255.255.240.0,6939
266853,38.172.40.0,255.255.255.0,6939
135834,38.172.43.0,255.255.255.0,5405
60847,38.172.48.0,255.255.255.0,6939
266072,38.172.141.0,255.255.255.0,263444
140026,38.172.142.0,255.255.255.0,6939
53162,38.172.192.0,255.255.255.0,22356
266732,38.172.194.0,255.255.255.0,22356
214331,38.172.195.0,255.255.255.0,22356
199221,38.172.201.0,255.255.255.0,39392
150161,38.175.0.0,255.255.252.0,6939
20318,38.175.64.0,255.255.224.0,6939
917,38.175.96.0,255.255.255.0,22356
35487,38.175.112.0,255.255.255.0,22356
15081,38.179.0.0,255.255.192.0,6939
24516,38.179.96.0,255.255.224.0,39392
10929,38.180.12.0,255.255.254.0,6939
135357,38.181.128.0,255.255.128.0,6939
213753,38.182.0.0,255.255.252.0,6939
140224,38.182.136.0,255.255.255.0,6939
269641,38.183.94.0,255.255.255.0,22356
147185,38.183.96.0,255.255.255.0,5405
268085,38.183.124.0,255.255.252.0,263444
140457,38.183.144.0,255.255.252.0,24482
273084,38.183.182.0,255.255.254.0,39392
273380,38.183.204.0,255.255.252.0,22356
152372,38.183.218.0,255.255.255.0,6939
19112,38.187.128.0,255.255.240.0,39392
984,38.187.210.0,255.255.255.0,22356
266757,38.188.60.0,255.255.255.0,6939
138754,38.188.65.0,255.255.255.0,6939
273656,38.188.104.0,255.255.252.0,263444
213305,38.188.112.0,255.255.240.0,5405
147279,38.188.203.0,255.255.255.0,5405
266809,38.188.240.0,255.255.255.0,6939
27887,38.189.128.0,255.255.224.0,6939
269690,38.190.12.0,255.255.252.0,263444
272942,38.190.26.0,255.255.254.0,6939
273765,38.190.28.0,255.255.252.0,22356
266020,38.190.73.0,255.255.255.0,39392
273624,38.190.76.0,255.255.254.0,22356
214206,38.190.133.0,255.255.255.0,39392
133199,38.190.192.0,255.255.192.0,6939
61615,38.191.36.0,255.255.252.0,22356
273067,38.191.84.0,255.255.252.0,39392
139989,38.191.91.0,255.255.255.0,6939
149718,38.191.122.0,255.255.255.0,6939
264023,38.191.124.0,255.255.252.0,263444
273103,38.191.192.0,255.255.255.0,22356
267335,38.191.232.0,255.255.252.0,22356
273456,38.196.148.0,255.255.255.0,39392
142362,38.196.156.0,255.255.254.0,24482
137551,38.196.182.0,255.255.254.0,6939
151690,38.196.186.0,255.255.255.0,5405
273312,38.196.224.0,255.255.254.0,39392
273335,38.196.250.0,255.255.255.0,22356
272711,38.199.0.0,255.255.255.0,6939
269804,38.199.71.0,255.255.255.0,22356
267705,38.199.112.0,255.255.248.0,6939
135097,38.207.122.0,255.255.255.0,6939
52507,38.210.60.0,255.255.255.0,39392
265590,38.210.68.0,255.255.255.0,6939
267833,38.210.101.0,255.255.255.0,22356
263656,38.210.180.0,255.255.252.0,22356
210099,38.210.193.0,255.255.255.0,5405
64123,38.210.207.0,255.255.255.0,39392
265484,38.210.228.0,255.255.252.0,22356
273408,38.210.255.0,255.255.255.0,263444
45410,38.211.6.0,255.255.255.0,39392
213685,38.211.7.0,255.255.255.0,5405
263016,38.211.12.0,255.255.252.0,263444
152032,38.211.24.0,255.255.255.0,6939
265798,38.211.32.0,255.255.255.0,39392
17557,38.211.45.0,255.255.255.0,6939
135847,38.211.52.0,255.255.255.0,5405
269010,38.211.96.0,255.255.254.0,22356
272721,38.211.101.0,255.255.255.0,39392
268335,38.211.113.0,255.255.255.0,263444
274042,38.211.120.0,255.255.252.0,22356
64139,38.211.147.0,255.255.255.0,6939
274607,38.211.155.0,255.255.255.0,263444
37381,38.211.208.0,255.255.255.0,6939
328442,38.211.216.0,255.255.255.0,6939
263152,38.211.234.0,255.255.255.0,22356
137853,38.211.246.0,255.255.254.0,6939
272713,38.211.248.0,255.255.255.0,22356
263966,38.211.252.0,255.255.255.0,263444
4581,38.212.0.0,255.255.192.0,6939
262282,38.224.16.0,255.255.255.0,263444
272030,38.224.20.0,255.255.255.0,22356
273339,38.224.30.0,255.255.254.0,22356
270949,38.224.100.0,255.255.255.0,263444
202675,38.224.108.0,255.255.255.0,6939
141312,38.224.112.0,255.255.255.0,39392
268471,38.224.128.0,255.255.254.0,22356
38001,38.224.132.0,255.255.254.0,6939
266444,38.224.134.0,255.255.255.0,263444
272190,38.224.137.0,255.255.255.0,22356
268207,38.224.144.0,255.255.252.0,263444
272195,38.224.182.0,255.255.254.0,263444
329429,38.224.184.0,255.255.255.0,5405
61642,38.224.192.0,255.255.240.0,22356
270457,38.224.215.0,255.255.255.0,22356
272626,38.224.240.0,255.255.252.0,263444
273573,38.224.248.0,255.255.254.0,22356
27729,38.225.80.0,255.255.252.0,6939
263098,38.225.208.0,255.255.255.0,22356
269070,38.225.219.0,255.255.255.0,263444
27884,38.225.232.0,255.255.252.0,6939
271341,38.225.244.0,255.255.255.0,22356
274726,38.225.246.0,255.255.254.0,22356
262342,38.226.2.0,255.255.255.0,263444
268707,38.226.3.0,255.255.255.0,22356
52465,38.226.15.0,255.255.255.0,22356
263035,38.226.18.0,255.255.255.0,22356
272464,38.226.19.0,255.255.255.0,22356
327987,38.226.22.0,255.255.255.0,6939
264628,38.226.100.0,255.255.252.0,6939
266080,38.226.106.0,255.255.254.0,22356
28585,38.226.110.0,255.255.255.0,6939
268248,38.226.112.0,255.255.254.0,22356
274757,38.226.114.0,255.255.254.0,22356
38826,38.226.122.0,255.255.254.0,6939
267797,38.226.160.0,255.255.240.0,6939
271023,38.226.184.0,255.255.248.0,22356
61768,38.226.196.0,255.255.255.0,263444
264244,38.226.200.0,255.255.255.0,263444
265620,38.226.201.0,255.255.255.0,6939
329437,38.226.202.0,255.255.255.0,6939
267427,38.226.204.0,255.255.254.0,22356
267578,38.226.206.0,255.255.254.0,22356
56106,38.226.247.0,255.255.255.0,22356
272925,38.226.251.0,255.255.255.0,39392
23028,38.229.33.0,255.255.255.0,6939
398113,38.229.96.0,255.255.224.0,6939
213122,38.240.49.0,255.255.255.0,22356
48945,38.242.160.0,255.255.248.0,39392
62682,38.246.48.0,255.255.248.0,39392
263242,38.246.58.0,255.255.255.0,22356
274748,38.246.78.0,255.255.254.0,22356
27323,38.246.149.0,255.255.255.0,6939
131274,38.247.67.0,255.255.255.0,6939
26225,38.247.123.0,255.255.255.0,263444
1421,38.247.184.0,255.255.248.0,6939
272022,38.250.4.0,255.255.255.0,6939
61866,38.250.88.0,255.255.252.0,263444
263516,38.250.92.0,255.255.254.0,263444
264838,38.250.99.0,255.255.255.0,22356
269843,38.250.115.0,255.255.255.0,6939
61503,38.250.124.0,255.255.252.0,6939
262354,38.250.200.0,255.255.254.0,22356
264524,38.250.202.0,255.255.254.0,22356
52613,38.250.204.0,255.255.254.0,22356
273461,38.250.224.0,255.255.252.0,22356
268696,38.250.240.0,255.255.252.0,22356
28213,38.250.252.0,255.255.254.0,39392
328539,38.252.32.0,255.255.255.0,5405
266366,38.252.64.0,255.255.252.0,39392
40880,38.252.76.0,255.255.252.0,6939
267120,38.252.80.0,255.255.255.0,22356
272610,38.252.148.0,255.255.254.0,6939
398947,38.252.192.0,255.255.252.0,39392
273000,38.252.208.0,255.255.255.0,22356
273976,38.252.217.0,255.255.255.0,6939
273044,38.253.64.0,255.255.254.0,39392
45650,38.253.67.0,255.255.255.0,39392
134177,38.253.70.0,255.255.254.0,5405
400699,38.253.72.0,255.255.255.0,6939
13876,38.253.112.0,255.255.254.0,39392
141146,38.253.239.0,255.255.255.0,24482
142386,38.253.240.0,255.255.255.0,24482
22874,38.254.20.0,255.255.255.0,39392
264605,38.254.96.0,255.255.252.0,6939
139628,38.254.120.0,255.255.252.0,6939
35699,38.254.126.0,255.255.255.0,39392
133982,38.254.160.0,255.255.255.0,5405
9922,39.1.0.0,255.255.240.0,6939
18419,39.1.96.0,255.255.240.0,6939
141031,39.34.168.0,255.255.255.0,6939
142403,39.109.104.0,255.255.255.0,24482
24400,39.134.86.0,255.255.254.0,6939
56048,39.134.133.0,255.255.255.0,6939
7896,40.135.25.0,255.255.255.0,6939
36994,41.0.0.0,255.255.0.0,39392
8452,41.32.0.0,255.240.0.0,6939
37168,41.48.0.0,255.248.0.0,6939
37105,41.56.0.0,255.255.0.0,6939
36866,41.57.96.0,255.255.240.0,6939
37442,41.57.124.0,255.255.252.0,6939
36923,41.58.0.0,255.255.0.0,6939
33765,41.59.0.0,255.255.0.0,6939
327795,41.59.251.0,255.255.255.0,6939
37332,41.60.32.0,255.255.248.0,39392
36943,41.61.0.0,255.255.0.0,39392
37705,41.62.0.0,255.255.0.0,39392
37037,41.63.128.0,255.255.240.0,6939
36907,41.63.160.0,255.255.240.0,6939
37009,41.63.192.0,255.255.192.0,22356
36992,41.64.0.0,255.255.0.0,6939
51265,41.66.64.0,255.255.192.0,1764
37179,41.66.128.0,255.255.192.0,5405
29614,41.66.192.0,255.255.192.0,6939
36974,41.67.64.0,255.255.240.0,6939
30998,41.67.128.0,255.255.192.0,6939
24835,41.68.0.0,255.254.0.0,6939
37053,41.71.0.0,255.255.128.0,6939
20598,41.71.128.0,255.255.255.0,6939
37154,41.72.96.0,255.255.224.0,6939
37153,41.72.128.0,255.255.224.0,5405
30985,41.73.96.0,255.255.224.0,39392
30988,41.73.128.0,255.255.248.0,39392
37350,41.73.158.0,255.255.255.0,6939
36965,41.73.160.0,255.255.224.0,6939
37035,41.73.192.0,255.255.224.0,6939
36930,41.73.192.0,255.255.255.0,6939
16284,41.73.224.0,255.255.255.0,6939
37292,41.74.0.0,255.255.248.0,6939
36963,41.74.48.0,255.255.240.0,6939
37228,41.74.160.0,255.255.240.0,5405
37235,41.74.192.0,255.255.252.0,39392
11259,41.74.240.0,255.255.240.0,6939
36924,41.75.64.0,255.255.240.0,6939
37282,41.75.80.0,255.255.240.0,39392
37276,41.75.96.0,255.255.240.0,39392
37187,41.75.112.0,255.255.240.0,6939
36968,41.75.128.0,255.255.240.0,6939
37113,41.75.160.0,255.255.240.0,6939
37133,41.75.208.0,255.255.240.0,6939
42235,41.76.0.0,255.255.248.0,39392
37057,41.76.16.0,255.255.248.0,39392
37333,41.76.32.0,255.255.255.0,5405
30999,41.76.40.0,255.255.248.0,6939
37525,41.76.56.0,255.255.248.0,39392
37209,41.76.80.0,255.255.255.0,6939
327979,41.76.104.0,255.255.248.0,6939
37172,41.76.112.0,255.255.248.0,39392
37199,41.76.128.0,255.255.248.0,6939
37223,41.76.144.0,255.255.248.0,6939
37230,41.76.152.0,255.255.255.0,6939
37219,41.76.168.0,255.255.248.0,6939
37225,41.76.176.0,255.255.248.0,6939
37280,41.76.192.0,255.255.255.0,6939
37239,41.76.200.0,255.255.248.0,6939
37611,41.76.208.0,255.255.248.0,6939
37254,41.76.216.0,255.255.248.0,6939
327693,41.76.224.0,255.255.248.0,6939
37678,41.76.240.0,255.255.248.0,6939
37287,41.77.0.0,255.255.248.0,6939
37098,41.77.8.0,255.255.255.0,6939
37673,41.77.24.0,255.255.252.0,6939
37670,41.77.48.0,255.255.248.0,6939
36985,41.77.56.0,255.255.248.0,39392
37063,41.77.72.0,255.255.248.0,6939
37515,41.77.96.0,255.255.248.0,6939
32653,41.77.152.0,255.255.248.0,22356
37398,41.77.168.0,255.255.252.0,39392
37447,41.77.220.0,255.255.255.0,6939
37353,41.78.4.0,255.255.252.0,39392
37661,41.78.8.0,255.255.252.0,6939
37119,41.78.16.0,255.255.255.0,6939
37159,41.78.28.0,255.255.252.0,39392
37157,41.78.36.0,255.255.252.0,39392
37440,41.78.57.0,255.255.255.0,6939
37371,41.78.72.0,255.255.255.0,6939
37184,41.78.76.0,255.255.252.0,6939
37018,41.78.80.0,255.255.252.0,6939
37192,41.78.88.0,255.255.252.0,6939
14988,41.78.92.0,255.255.252.0,6939
37211,41.78.108.0,255.255.252.0,6939
37229,41.78.136.0,255.255.252.0,6939
36909,41.78.168.0,255.255.252.0,6939
36920,41.78.172.0,255.255.255.0,6939
37675,41.78.184.0,255.255.255.0,6939
37271,41.78.188.0,255.255.252.0,39392
37453,41.78.192.0,255.255.255.0,6939
22351,41.78.196.0,255.255.255.0,6939
37308,41.78.208.0,255.255.255.0,6939
327698,41.78.212.0,255.255.252.0,39392
37317,41.78.220.0,255.255.252.0,39392
37491,41.78.228.0,255.255.252.0,22356
37302,41.78.232.0,255.255.252.0,5405
37294,41.78.248.0,255.255.252.0,6939
37305,41.79.8.0,255.255.252.0,6939
37314,41.79.20.0,255.255.252.0,6939
37406,41.79.24.0,255.255.252.0,6939
37336,41.79.44.0,255.255.252.0,6939
37337,41.79.48.0,255.255.255.0,6939
37343,41.79.60.0,255.255.254.0,6939
37347,41.79.64.0,255.255.255.0,6939
37349,41.79.68.0,255.255.252.0,6939
37352,41.79.76.0,255.255.252.0,6939
37358,41.79.80.0,255.255.252.0,6939
37363,41.79.92.0,255.255.252.0,39392
37368,41.79.104.0,255.255.252.0,6939
37315,41.79.108.0,255.255.252.0,6939
37575,41.79.124.0,255.255.252.0,6939
37395,41.79.136.0,255.255.252.0,6939
37403,41.79.148.0,255.255.252.0,6939
132692,41.79.175.0,255.255.255.0,6939
37412,41.79.180.0,255.255.255.0,6939
328471,41.79.192.0,255.255.252.0,39392
37425,41.79.196.0,255.255.252.0,6939
328366,41.79.212.0,255.255.252.0,5405
327794,41.79.220.0,255.255.255.0,6939
37545,41.79.224.0,255.255.252.0,6939
37677,41.79.233.0,255.255.255.0,6939
37236,41.79.240.0,255.255.252.0,6939
33771,41.80.0.0,255.254.0.0,6939
37061,41.80.32.0,255.255.248.0,6939
8346,41.82.0.0,255.254.0.0,39392
37273,41.84.192.0,255.255.224.0,6939
19711,41.84.224.0,255.255.224.0,6939
22355,41.85.0.0,255.255.128.0,6939
28683,41.85.160.0,255.255.224.0,6939
37183,41.85.192.0,255.255.255.0,6939
36958,41.86.32.0,255.255.224.0,6939
10474,41.86.109.0,255.255.255.0,39392
37480,41.86.128.0,255.255.224.0,6939
37090,41.86.224.0,255.255.224.0,39392
37248,41.87.64.0,255.255.224.0,6939
206283,41.87.88.0,255.255.252.0,22356
37100,41.87.96.0,255.255.224.0,39392
36925,41.87.128.0,255.255.224.0,39392
33763,41.87.176.0,255.255.248.0,6939
36914,41.89.0.0,255.255.0.0,6939
36955,41.92.201.0,255.255.255.0,6939
37182,41.93.0.0,255.255.128.0,6939
36947,41.96.0.0,255.240.0.0,5405
16637,41.112.0.0,255.240.0.0,6939
24863,41.128.0.0,255.255.0.0,6939
20011,41.132.0.0,255.255.192.0,39392
23889,41.136.0.0,255.255.0.0,6939
36884,41.137.0.0,255.255.0.0,39392
198949,41.137.107.0,255.255.255.0,22356
37385,41.138.32.0,255.255.240.0,6939
37124,41.138.80.0,255.255.248.0,6939
37136,41.138.88.0,255.255.252.0,6939
36916,41.138.92.0,255.255.252.0,6939
25543,41.138.96.0,255.255.224.0,6939
30619,41.138.225.0,255.255.255.0,6939
328306,41.138.245.0,255.255.255.0,5405
6713,41.140.0.0,255.252.0.0,39392
5713,41.144.0.0,255.248.0.0,6939
16058,41.158.0.0,255.254.0.0,6939
36937,41.160.0.0,255.240.0.0,39392
36874,41.177.0.0,255.255.0.0,22356
37028,41.183.0.0,255.255.0.0,6939
29091,41.184.0.0,255.255.0.0,6939
36890,41.186.0.0,255.255.0.0,6939
20928,41.187.0.0,255.255.0.0,6939
37054,41.188.0.0,255.255.192.0,6939
37084,41.188.128.0,255.255.192.0,6939
30986,41.189.160.0,255.255.224.0,6939
30990,41.189.224.0,255.255.255.0,6939
37076,41.190.1.0,255.255.255.0,6939
37030,41.190.88.0,255.255.252.0,6939
37638,41.190.232.0,255.255.254.0,6939
37190,41.191.68.0,255.255.252.0,39392
37087,41.191.96.0,255.255.252.0,6939
37094,41.191.104.0,255.255.255.0,39392
11845,41.193.0.0,255.255.0.0,6939
37619,41.197.0.0,255.255.0.0,5405
329523,41.198.188.0,255.255.255.0,6939
33779,41.200.64.0,255.255.192.0,5405
25818,41.202.32.0,255.255.224.0,6939
36912,41.202.192.0,255.255.224.0,6939
328198,41.202.224.0,255.255.224.0,6939
37148,41.203.64.0,255.255.224.0,6939
36970,41.203.117.0,255.255.255.0,6939
37269,41.203.118.0,255.255.255.0,6939
29918,41.203.160.0,255.255.240.0,39392
33567,41.203.176.0,255.255.240.0,6939
36864,41.203.192.0,255.255.240.0,8218
36902,41.203.240.0,255.255.240.0,6939
32398,41.204.0.0,255.255.224.0,6939
15964,41.204.64.0,255.255.224.0,6939
328411,41.204.96.0,255.255.248.0,5405
30992,41.205.0.0,255.255.224.0,6939
36905,41.205.64.0,255.255.224.0,6939
29465,41.206.0.0,255.255.224.0,6939
15808,41.206.32.0,255.255.224.0,6939
36915,41.207.64.0,255.255.224.0,6939
36868,41.207.128.0,255.255.255.0,6939
24691,41.207.160.0,255.255.224.0,6939
37540,41.207.248.0,255.255.252.0,6939
21003,41.208.64.0,255.255.192.0,5405
9129,41.209.3.0,255.255.255.0,6939
15706,41.209.64.0,255.255.192.0,6939
20294,41.210.128.0,255.255.192.0,6939
15399,41.212.0.0,255.255.128.0,6939
37002,41.213.128.0,255.255.248.0,6939
36962,41.216.64.0,255.255.224.0,6939
37088,41.216.160.0,255.255.240.0,6939
213035,41.216.181.0,255.255.255.0,6939
37672,41.216.232.0,255.255.255.0,6939
37340,41.217.0.0,255.255.254.0,6939
36908,41.217.200.0,255.255.252.0,6939
37125,41.217.204.0,255.255.255.0,6939
37109,41.217.220.0,255.255.252.0,39392
37482,41.217.240.0,255.255.255.0,39392
37196,41.219.0.0,255.255.224.0,6939
29032,41.220.0.0,255.255.254.0,6939
37204,41.220.16.0,255.255.240.0,6939
25139,41.220.32.0,255.255.240.0,6939
36945,41.220.192.0,255.255.248.0,6939
36865,41.221.64.0,255.255.240.0,6939
37075,41.221.80.0,255.255.240.0,6939
17400,41.221.240.0,255.255.255.0,6939
37143,41.222.56.0,255.255.252.0,6939
36938,41.222.78.0,255.255.255.0,6939
37622,41.222.96.0,255.255.252.0,6939
328446,41.222.120.0,255.255.255.0,5405
37049,41.222.136.0,255.255.252.0,39392
25163,41.222.150.0,255.255.255.0,6939
36913,41.222.184.0,255.255.252.0,6939
37020,41.222.196.0,255.255.255.0,6939
37415,41.222.216.0,255.255.252.0,6939
37055,41.222.228.0,255.255.252.0,6939
37011,41.222.236.0,255.255.252.0,6939
36917,41.223.40.0,255.255.255.0,6939
37665,41.223.48.0,255.255.252.0,6939
36926,41.223.57.0,255.255.255.0,6939
37014,41.223.72.0,255.255.252.0,6939
37414,41.223.104.0,255.255.255.0,6939
328250,41.223.108.0,255.255.255.0,6939
37013,41.223.228.0,255.255.252.0,6939
37008,41.223.232.0,255.255.252.0,6939
32437,41.223.244.0,255.255.252.0,6939
2609,41.224.0.0,255.248.0.0,39392
37492,41.224.0.0,255.255.224.0,39392
327934,41.224.41.0,255.255.255.0,39392
37693,41.227.64.0,255.255.224.0,39392
37504,41.231.6.0,255.255.255.0,39392
37684,41.242.0.0,255.255.252.0,6939
37685,41.242.4.0,255.255.252.0,39392
37688,41.242.48.0,255.255.255.0,6939
37605,41.242.64.0,255.255.255.0,6939
328036,41.242.80.0,255.255.252.0,39392
37613,41.242.112.0,255.255.252.0,6939
22690,41.242.140.0,255.255.252.0,6939
328594,41.242.152.0,255.255.248.0,6939
327708,41.243.63.0,255.255.255.0,6939
56140,42.0.28.0,255.255.255.0,6939
46015,42.1.60.0,255.255.252.0,6939
131429,42.1.64.0,255.255.254.0,5405
55690,42.62.176.0,255.255.255.0,24482
58542,42.81.0.0,255.255.0.0,6939
18135,42.83.0.0,255.255.192.0,39392
24151,42.83.128.0,255.255.255.0,6939
135918,42.96.0.0,255.255.252.0,6939
131423,42.96.16.0,255.255.252.0,6939
45903,42.96.32.0,255.255.224.0,6939
38732,42.96.32.0,255.255.255.0,6939
38733,42.96.33.0,255.255.255.0,6939
23661,42.123.32.0,255.255.252.0,6939
17682,42.187.124.0,255.255.252.0,6939
38365,42.199.0.0,255.255.128.0,6939
19551,42.200.61.0,255.255.255.0,6939
17799,42.248.152.0,255.255.248.0,6939
139341,43.131.10.0,255.255.255.0,5405
18004,43.152.164.0,255.255.255.0,6939
131161,43.222.0.0,255.255.0.0,39392
38631,43.223.0.0,255.255.0.0,5405
131646,43.224.23.0,255.255.255.0,6939
9873,43.224.36.0,255.255.252.0,6939
45558,43.224.43.0,255.255.255.0,6939
138950,43.224.56.0,255.255.252.0,6939
17559,43.224.60.0,255.255.252.0,6939
132167,43.224.84.0,255.255.255.0,6939
133847,43.224.88.0,255.255.252.0,6939
58682,43.224.115.0,255.255.255.0,6939
9441,43.224.116.0,255.255.255.0,6939
132347,43.224.120.0,255.255.255.0,6939
132124,43.224.124.0,255.255.252.0,39392
56268,43.224.128.0,255.255.252.0,39392
17439,43.224.136.0,255.255.255.0,5405
139021,43.224.152.0,255.255.254.0,6939
45701,43.224.168.0,255.255.255.0,6939
133159,43.224.180.0,255.255.252.0,5405
18200,43.224.192.0,255.255.252.0,5405
133234,43.224.220.0,255.255.255.0,5405
4808,43.224.240.0,255.255.255.0,6939
63855,43.224.244.0,255.255.254.0,39392
131291,43.224.251.0,255.255.255.0,6939
64006,43.225.12.0,255.255.252.0,6939
55862,43.225.16.0,255.255.255.0,5405
133685,43.225.20.0,255.255.255.0,39392
58511,43.225.32.0,255.255.252.0,6939
133929,43.225.59.0,255.255.255.0,6939
59162,43.225.68.0,255.255.255.0,5405
142488,43.225.72.0,255.255.254.0,5405
133676,43.225.74.0,255.255.255.0,5405
133865,43.225.84.0,255.255.254.0,5405
136030,43.225.98.0,255.255.255.0,6939
4594,43.225.100.0,255.255.252.0,6939
38478,43.225.105.0,255.255.255.0,24482
132198,43.225.108.0,255.255.255.0,6939
45269,43.225.144.0,255.255.252.0,6939
133115,43.225.156.0,255.255.255.0,24482
133001,43.225.160.0,255.255.254.0,5405
134884,43.225.168.0,255.255.254.0,5405
58921,43.225.176.0,255.255.255.0,6939
58965,43.225.192.0,255.255.252.0,5405
963,43.225.196.0,255.255.255.0,39392
45753,43.225.197.0,255.255.255.0,6939
133878,43.225.200.0,255.255.252.0,6939
137691,43.225.208.0,255.255.252.0,6939
135244,43.226.2.0,255.255.254.0,5405
137236,43.226.12.0,255.255.252.0,6939
38851,43.226.232.0,255.255.252.0,6939
136480,43.227.12.0,255.255.252.0,6939
132770,43.227.20.0,255.255.255.0,39392
38532,43.227.231.0,255.255.255.0,6939
63928,43.227.237.0,255.255.255.0,6939
45235,43.227.244.0,255.255.252.0,5405
56309,43.228.84.0,255.255.252.0,6939
18001,43.228.108.0,255.255.252.0,6939
17882,43.228.128.0,255.255.255.0,6939
64096,43.228.180.0,255.255.252.0,6939
24550,43.228.192.0,255.255.252.0,6939
134809,43.228.200.0,255.255.252.0,6939
6364,43.228.212.0,255.255.252.0,24482
133073,43.228.227.0,255.255.255.0,24482
132923,43.228.228.0,255.255.254.0,39392
142520,43.228.230.0,255.255.255.0,5405
63932,43.229.12.0,255.255.252.0,6939
23949,43.229.20.0,255.255.255.0,6939
63888,43.229.28.0,255.255.255.0,6939
132280,43.229.44.0,255.255.252.0,6939
6507,43.229.64.0,255.255.252.0,6939
45433,43.229.72.0,255.255.255.0,5405
136039,43.229.124.0,255.255.252.0,39392
153706,43.229.153.0,255.255.255.0,6939
59165,43.229.224.0,255.255.252.0,39392
58558,43.230.5.0,255.255.255.0,6939
132825,43.230.10.0,255.255.255.0,6939
38769,43.230.28.0,255.255.255.0,6939
43519,43.230.48.0,255.255.255.0,39392
134375,43.230.64.0,255.255.252.0,5405
140900,43.230.92.0,255.255.255.0,6939
18106,43.230.96.0,255.255.254.0,6939
132754,43.230.104.0,255.255.252.0,39392
58907,43.230.108.0,255.255.252.0,6939
133954,43.230.120.0,255.255.252.0,6939
45725,43.230.152.0,255.255.252.0,24482
133647,43.230.156.0,255.255.255.0,5405
56082,43.230.188.0,255.255.254.0,6939
23673,43.230.192.0,255.255.252.0,24482
132335,43.230.200.0,255.255.255.0,5405
135386,43.230.204.0,255.255.252.0,6939
133380,43.231.0.0,255.255.255.0,6939
55944,43.231.28.0,255.255.255.0,5405
58765,43.231.48.0,255.255.255.0,5405
133648,43.231.56.0,255.255.252.0,39392
56229,43.231.72.0,255.255.255.0,6939
4816,43.231.96.0,255.255.252.0,6939
150706,43.231.184.0,255.255.255.0,5405
137443,43.231.185.0,255.255.255.0,5405
149014,43.231.187.0,255.255.255.0,5405
132255,43.231.192.0,255.255.252.0,6939
132245,43.231.203.0,255.255.255.0,39392
136902,43.231.205.0,255.255.255.0,39392
134069,43.231.224.0,255.255.252.0,6939
131303,43.231.228.0,255.255.255.0,6939
133712,43.231.248.0,255.255.255.0,5405
17506,43.232.0.0,255.252.0.0,39392
58640,43.239.68.0,255.255.255.0,5405
24459,43.239.96.0,255.255.254.0,6939
132829,43.239.100.0,255.255.255.0,6939
138598,43.239.101.0,255.255.255.0,6939
10143,43.239.102.0,255.255.255.0,5405
38726,43.239.188.0,255.255.252.0,5405
138663,43.239.204.0,255.255.255.0,6939
136780,43.239.206.0,255.255.254.0,6939
56201,43.239.212.0,255.255.254.0,22356
45538,43.239.224.0,255.255.252.0,6939
56109,43.239.233.0,255.255.255.0,6939
58906,43.240.5.0,255.255.255.0,39392
56030,43.240.32.0,255.255.252.0,6939
133389,43.240.40.0,255.255.252.0,5405
17709,43.240.104.0,255.255.252.0,39392
38794,43.240.112.0,255.255.252.0,24482
58713,43.240.120.0,255.255.254.0,6939
138421,43.240.125.0,255.255.255.0,6939
150210,43.240.226.0,255.255.255.0,6939
142360,43.240.227.0,255.255.255.0,6939
58389,43.240.228.0,255.255.255.0,6939
58552,43.240.229.0,255.255.255.0,6939
136308,43.240.232.0,255.255.255.0,39392
58678,43.241.28.0,255.255.255.0,5405
45638,43.241.52.0,255.255.255.0,6939
134033,43.241.64.0,255.255.255.0,5405
140174,43.241.66.0,255.255.255.0,5405
58910,43.241.96.0,255.255.252.0,6939
18033,43.241.106.0,255.255.255.0,6939
133720,43.241.124.0,255.255.255.0,5405
152087,43.241.246.0,255.255.254.0,6939
55359,43.242.41.0,255.255.255.0,6939
134366,43.242.52.0,255.255.255.0,39392
55649,43.242.140.0,255.255.252.0,39392
58627,43.242.236.0,255.255.255.0,6939
132787,43.242.244.0,255.255.255.0,5405
56294,43.243.0.0,255.255.255.0,6939
132857,43.243.56.0,255.255.254.0,39392
132268,43.243.58.0,255.255.254.0,6939
150027,43.243.80.0,255.255.255.0,5405
138546,43.243.96.0,255.255.252.0,39392
133606,43.243.120.0,255.255.252.0,6939
59257,43.243.132.0,255.255.252.0,6939
24122,43.243.204.0,255.255.255.0,6939
132996,43.243.212.0,255.255.255.0,6939
58779,43.243.224.0,255.255.254.0,6939
38583,43.243.236.0,255.255.255.0,6939
55766,43.243.238.0,255.255.255.0,5405
55555,43.245.28.0,255.255.252.0,6939
139898,43.245.56.0,255.255.252.0,22356
132405,43.245.72.0,255.255.248.0,6939
58666,43.245.80.0,255.255.252.0,6939
55427,43.245.92.0,255.255.252.0,6939
133130,43.245.112.0,255.255.252.0,263444
133944,43.245.116.0,255.255.254.0,22356
58717,43.245.140.0,255.255.252.0,5405
131476,43.245.169.0,255.255.255.0,22356
133043,43.245.172.0,255.255.252.0,6939
58505,43.245.176.0,255.255.255.0,5405
55666,43.245.184.0,255.255.252.0,6939
58376,43.245.188.0,255.255.252.0,6939
24323,43.245.192.0,255.255.255.0,6939
59318,43.245.200.0,255.255.254.0,6939
131207,43.245.202.0,255.255.255.0,6939
9260,43.245.205.0,255.255.255.0,6939
58752,43.245.232.0,255.255.254.0,6939
56186,43.245.240.0,255.255.252.0,39392
135076,43.245.244.0,255.255.252.0,6939
142502,43.246.104.0,255.255.255.0,6939
142501,43.246.105.0,255.255.255.0,6939
134326,43.246.136.0,255.255.252.0,39392
134294,43.246.140.0,255.255.255.0,5405
136639,43.246.160.0,255.255.255.0,5405
17666,43.246.164.0,255.255.255.0,24482
139076,43.246.199.0,255.255.255.0,6939
137449,43.246.202.0,255.255.255.0,6939
132883,43.246.208.0,255.255.255.0,24482
141742,43.246.216.0,255.255.252.0,6939
141711,43.246.224.0,255.255.255.0,6939
56132,43.246.232.0,255.255.252.0,6939
132751,43.246.240.0,255.255.255.0,5405
38320,43.247.12.0,255.255.252.0,6939
59322,43.247.16.0,255.255.252.0,6939
24523,43.247.20.0,255.255.254.0,24482
133613,43.247.24.0,255.255.252.0,6939
45312,43.247.32.0,255.255.252.0,6939
17887,43.247.56.0,255.255.252.0,6939
9268,43.247.64.0,255.255.252.0,39392
134555,43.247.80.0,255.255.252.0,6939
55947,43.247.156.0,255.255.255.0,39392
132761,43.247.160.0,255.255.252.0,5405
45267,43.247.172.0,255.255.252.0,6939
18103,43.248.24.0,255.255.255.0,6939
9297,43.248.44.0,255.255.252.0,39392
132529,43.248.52.0,255.255.252.0,263444
151712,43.248.58.0,255.255.254.0,5405
132296,43.248.68.0,255.255.252.0,39392
55341,43.248.72.0,255.255.252.0,5405
53587,43.248.168.0,255.255.255.0,6939
58474,43.248.212.0,255.255.255.0,6939
15412,43.248.216.0,255.255.252.0,6939
133275,43.248.237.0,255.255.255.0,5405
59217,43.248.248.0,255.255.252.0,6939
58927,43.249.116.0,255.255.252.0,6939
58405,43.249.184.0,255.255.255.0,6939
132449,43.249.196.0,255.255.255.0,24482
45298,43.249.208.0,255.255.252.0,24482
9266,43.250.24.0,255.255.252.0,263444
131459,43.250.40.0,255.255.252.0,39392
141177,43.250.48.0,255.255.254.0,39392
50049,43.250.52.0,255.255.252.0,6939
133352,43.250.76.0,255.255.255.0,24482
23888,43.250.84.0,255.255.255.0,6939
132110,43.250.104.0,255.255.255.0,6939
141718,43.250.124.0,255.255.255.0,5405
133315,43.250.132.0,255.255.252.0,5405
151999,43.250.182.0,255.255.254.0,24482
132615,43.250.224.0,255.255.252.0,39392
10084,43.250.232.0,255.255.255.0,39392
45356,43.250.240.0,255.255.252.0,39392
7483,43.251.56.0,255.255.254.0,22356
136462,43.251.64.0,255.255.255.0,24482
45766,43.251.84.0,255.255.252.0,6939
17766,43.251.108.0,255.255.252.0,6939
24028,43.251.136.0,255.255.255.0,6939
45780,43.251.152.0,255.255.254.0,6939
57433,43.251.162.0,255.255.255.0,6939
45804,43.251.168.0,255.255.255.0,5405
46023,43.252.8.0,255.255.252.0,6939
131178,43.252.16.0,255.255.252.0,6939
45144,43.252.36.0,255.255.255.0,6939
38277,43.252.40.0,255.255.255.0,6939
137872,43.252.52.0,255.255.255.0,24482
55785,43.252.68.0,255.255.252.0,6939
38758,43.252.72.0,255.255.252.0,6939
132420,43.252.88.0,255.255.255.0,5405
17465,43.252.92.0,255.255.252.0,39392
142327,43.252.104.0,255.255.255.0,6939
45305,43.252.105.0,255.255.255.0,24482
135126,43.252.112.0,255.255.252.0,6939
35908,43.252.120.0,255.255.252.0,6939
10032,43.252.132.0,255.255.255.0,6939
58404,43.252.136.0,255.255.255.0,24482
56233,43.252.144.0,255.255.254.0,6939
149746,43.252.158.0,255.255.255.0,6939
45884,43.252.204.0,255.255.252.0,5405
142132,43.252.211.0,255.255.255.0,6939
133469,43.252.220.0,255.255.254.0,39392
58481,43.252.222.0,255.255.255.0,6939
55701,43.252.236.0,255.255.254.0,6939
10226,43.252.244.0,255.255.252.0,6939
23860,43.252.248.0,255.255.252.0,5405
17686,43.253.0.0,255.255.192.0,6939
131149,43.254.16.0,255.255.252.0,39392
134331,43.254.32.0,255.255.252.0,5405
18059,43.254.80.0,255.255.255.0,6939
134542,43.254.100.0,255.255.255.0,6939
56272,43.254.108.0,255.255.255.0,5405
58482,43.254.124.0,255.255.252.0,6939
131447,43.254.132.0,255.255.252.0,6939
136523,43.254.133.0,255.255.255.0,6939
135063,43.254.134.0,255.255.255.0,6939
58659,43.254.204.0,255.255.254.0,5405
131584,43.255.12.0,255.255.252.0,6939
18119,43.255.24.0,255.255.252.0,6939
23620,43.255.40.0,255.255.252.0,6939
23884,43.255.60.0,255.255.255.0,24482
58424,43.255.112.0,255.255.254.0,6939
58436,43.255.124.0,255.255.252.0,6939
23838,43.255.160.0,255.255.252.0,6939
135817,43.255.164.0,255.255.252.0,5405
7377,44.0.0.0,255.128.0.0,5405
6140,44.2.52.0,255.255.254.0,6939
30640,44.4.128.0,255.255.252.0,39392
46577,44.6.128.0,255.255.255.0,6939
195,44.8.5.0,255.255.255.0,5405
198785,44.9.0.0,255.255.240.0,6939
49268,44.11.0.0,255.255.0.0,209531
63479,44.12.6.0,255.255.255.0,6939
226,44.16.15.0,255.255.255.0,6939
25905,44.26.164.0,255.255.255.0,6939
202340,44.30.22.0,255.255.255.0,6939
44354,44.30.31.0,255.255.255.0,5405
215296,44.30.34.0,255.255.255.0,5405
139299,44.30.35.0,255.255.255.0,6939
53988,44.30.48.0,255.255.255.0,6939
212415,44.30.50.0,255.255.255.0,5405
137399,44.30.65.0,255.255.255.0,22356
48777,44.31.0.0,255.255.252.0,5405
211638,44.31.6.0,255.255.255.0,5405
206477,44.31.16.0,255.255.255.0,5405
38074,44.31.25.0,255.255.255.0,6939
57483,44.31.27.0,255.255.255.0,5405
135421,44.31.30.0,255.255.255.0,6939
215563,44.31.32.0,255.255.255.0,5405
211244,44.31.38.0,255.255.255.0,5405
4764,44.31.39.0,255.255.255.0,39392
262985,44.31.41.0,255.255.255.0,22356
6556,44.31.46.0,255.255.255.0,6939
200334,44.31.49.0,255.255.255.0,5405
208907,44.31.52.0,255.255.255.0,5405
16942,44.31.57.0,255.255.255.0,6939
4540,44.31.63.0,255.255.255.0,6939
210821,44.31.68.0,255.255.255.0,5405
38254,44.31.69.0,255.255.255.0,6939
34019,44.31.71.0,255.255.255.0,8218
210667,44.31.80.0,255.255.255.0,5405
39401,44.31.90.0,255.255.255.0,5405
39702,44.31.99.0,255.255.255.0,5405
51574,44.31.121.0,255.255.255.0,6939
396503,44.31.125.0,255.255.255.0,6939
203478,44.31.126.0,255.255.255.0,39392
11994,44.31.128.0,255.255.252.0,6939
197922,44.31.138.0,255.255.254.0,39392
199518,44.31.140.0,255.255.255.0,6939
13132,44.31.143.0,255.255.255.0,39392
398419,44.31.168.0,255.255.255.0,6939
202224,44.31.176.0,255.255.255.0,5405
43406,44.31.191.0,255.255.255.0,39392
18451,44.31.194.0,255.255.255.0,6939
57883,44.31.204.0,255.255.252.0,5405
212245,44.31.218.0,255.255.255.0,5405
32681,44.31.228.0,255.255.255.0,6939
150325,44.31.252.0,255.255.255.0,6939
17705,44.31.255.0,255.255.255.0,6939
208563,44.32.70.0,255.255.255.0,5405
149766,44.32.80.0,255.255.248.0,24482
214930,44.32.90.0,255.255.255.0,5405
37989,44.32.99.0,255.255.255.0,6939
399888,44.32.102.0,255.255.255.0,6939
214380,44.32.106.0,255.255.254.0,5405
203649,44.32.142.0,255.255.255.0,6939
210890,44.32.151.0,255.255.255.0,5405
209650,44.32.157.0,255.255.255.0,5405
51087,44.32.175.0,255.255.255.0,39392
214575,44.32.192.0,255.255.255.0,5405
6181,44.32.193.0,255.255.255.0,6939
204003,44.32.197.0,255.255.255.0,5405
6315,44.40.48.0,255.255.255.0,6939
54489,44.110.0.0,255.255.255.0,39392
25999,44.135.160.0,255.255.248.0,6939
23181,44.135.168.0,255.255.254.0,6939
26288,44.135.197.0,255.255.255.0,6939
22113,44.135.199.0,255.255.255.0,6939
9449,44.136.124.0,255.255.255.0,6939
38220,44.136.139.0,255.255.255.0,6939
38887,44.136.158.0,255.255.254.0,263444
56199,44.136.161.0,255.255.255.0,6939
1101,44.137.0.0,255.255.0.0,6939
1213,44.155.0.0,255.255.0.0,6939
200373,45.3.32.0,255.255.255.0,39392
25255,45.3.56.0,255.255.255.0,1764
1312,45.3.64.0,255.255.192.0,6939
265662,45.4.0.0,255.255.252.0,6939
262643,45.4.4.0,255.255.252.0,22356
262459,45.4.20.0,255.255.252.0,22356
266036,45.4.28.0,255.255.252.0,22356
273683,45.4.40.0,255.255.252.0,22356
266037,45.4.48.0,255.255.252.0,22356
266040,45.4.52.0,255.255.252.0,22356
266038,45.4.56.0,255.255.252.0,22356
266039,45.4.60.0,255.255.252.0,39392
28220,45.4.64.0,255.255.252.0,22356
266069,45.4.68.0,255.255.252.0,22356
265933,45.4.80.0,255.255.252.0,39392
262234,45.4.84.0,255.255.255.0,22356
266071,45.4.120.0,255.255.252.0,22356
22869,45.4.128.0,255.255.252.0,6939
266062,45.4.132.0,255.255.252.0,263444
266049,45.4.144.0,255.255.252.0,22356
55293,45.4.172.0,255.255.252.0,39392
266097,45.4.176.0,255.255.254.0,22356
266429,45.4.178.0,255.255.255.0,22356
266089,45.4.188.0,255.255.252.0,22356
266087,45.4.192.0,255.255.255.0,22356
263238,45.4.200.0,255.255.252.0,6939
266060,45.4.224.0,255.255.255.0,263444
266059,45.4.232.0,255.255.252.0,22356
11835,45.4.236.0,255.255.252.0,263444
265661,45.4.252.0,255.255.254.0,263444
265695,45.5.8.0,255.255.252.0,6939
16906,45.5.12.0,255.255.255.0,39392
266068,45.5.14.0,255.255.255.0,22356
266083,45.5.16.0,255.255.252.0,39392
266931,45.5.32.0,255.255.252.0,22356
266107,45.5.44.0,255.255.252.0,22356
266081,45.5.48.0,255.255.252.0,22356
266082,45.5.72.0,255.255.252.0,263444
265680,45.5.76.0,255.255.255.0,6939
52974,45.5.80.0,255.255.252.0,6939
266084,45.5.88.0,255.255.252.0,22356
28419,45.5.92.0,255.255.252.0,39392
266096,45.5.104.0,255.255.252.0,22356
266092,45.5.108.0,255.255.255.0,22356
266094,45.5.112.0,255.255.252.0,39392
265684,45.5.116.0,255.255.255.0,22356
266098,45.5.136.0,255.255.252.0,22356
269633,45.5.140.0,255.255.252.0,6939
266103,45.5.144.0,255.255.252.0,22356
266114,45.5.156.0,255.255.252.0,6939
266194,45.5.177.0,255.255.255.0,22356
266105,45.5.196.0,255.255.252.0,22356
266106,45.5.200.0,255.255.252.0,263444
266100,45.5.208.0,255.255.254.0,263444
266101,45.5.212.0,255.255.252.0,22356
263569,45.5.220.0,255.255.252.0,39392
265686,45.6.4.0,255.255.255.0,39392
265819,45.6.8.0,255.255.252.0,6939
266117,45.6.12.0,255.255.252.0,22356
266119,45.6.16.0,255.255.252.0,39392
266118,45.6.24.0,255.255.252.0,22356
266121,45.6.28.0,255.255.252.0,22356
270814,45.6.32.0,255.255.252.0,263444
266152,45.6.36.0,255.255.252.0,22356
16371,45.6.48.0,255.255.252.0,39392
266129,45.6.92.0,255.255.252.0,22356
266185,45.6.96.0,255.255.252.0,263444
266181,45.6.100.0,255.255.252.0,22356
266130,45.6.108.0,255.255.252.0,6939
266131,45.6.112.0,255.255.252.0,6939
266157,45.6.116.0,255.255.254.0,22356
266136,45.6.136.0,255.255.252.0,22356
28649,45.6.148.0,255.255.252.0,22356
266231,45.6.156.0,255.255.252.0,39392
266196,45.6.160.0,255.255.255.0,263444
266140,45.6.164.0,255.255.252.0,22356
266138,45.6.168.0,255.255.252.0,263444
266139,45.6.172.0,255.255.252.0,22356
266232,45.6.180.0,255.255.252.0,22356
266164,45.6.184.0,255.255.252.0,263444
266169,45.6.188.0,255.255.254.0,263444
266545,45.6.192.0,255.255.252.0,263444
266246,45.6.204.0,255.255.252.0,6939
266250,45.6.208.0,255.255.252.0,22356
266247,45.6.216.0,255.255.252.0,6939
266248,45.6.220.0,255.255.252.0,263444
265724,45.6.224.0,255.255.252.0,22356
61649,45.6.232.0,255.255.252.0,22356
264386,45.6.240.0,255.255.255.0,263444
266606,45.7.12.0,255.255.252.0,6939
266560,45.7.16.0,255.255.252.0,263444
52892,45.7.20.0,255.255.252.0,22356
266568,45.7.24.0,255.255.255.0,22356
266565,45.7.40.0,255.255.255.0,22356
265534,45.7.44.0,255.255.255.0,39392
28146,45.7.48.0,255.255.255.0,22356
266561,45.7.60.0,255.255.255.0,6939
20207,45.7.96.0,255.255.252.0,22356
266583,45.7.100.0,255.255.255.0,22356
28598,45.7.104.0,255.255.252.0,263444
266571,45.7.108.0,255.255.252.0,22356
266573,45.7.112.0,255.255.252.0,6939
266584,45.7.116.0,255.255.252.0,263444
53062,45.7.128.0,255.255.255.0,263444
265535,45.7.137.0,255.255.255.0,6939
266605,45.7.144.0,255.255.252.0,22356
266593,45.7.152.0,255.255.252.0,263444
262729,45.7.156.0,255.255.252.0,22356
266592,45.7.164.0,255.255.252.0,22356
266591,45.7.172.0,255.255.252.0,22356
266626,45.7.176.0,255.255.252.0,6939
266599,45.7.180.0,255.255.255.0,22356
266607,45.7.192.0,255.255.252.0,22356
266608,45.7.196.0,255.255.252.0,22356
266614,45.7.200.0,255.255.252.0,22356
28580,45.7.204.0,255.255.252.0,22356
28201,45.7.212.0,255.255.252.0,22356
266598,45.7.220.0,255.255.252.0,22356
52368,45.7.228.0,255.255.255.0,22356
266602,45.7.232.0,255.255.252.0,22356
52444,45.7.240.0,255.255.252.0,39392
206276,45.8.12.0,255.255.252.0,39392
49468,45.8.45.0,255.255.255.0,5405
49478,45.8.91.0,255.255.255.0,6939
62010,45.8.110.0,255.255.255.0,6939
4785,45.8.115.0,255.255.255.0,39392
44205,45.8.120.0,255.255.252.0,39392
199508,45.8.128.0,255.255.252.0,39392
200370,45.8.160.0,255.255.255.0,6939
57025,45.8.204.0,255.255.255.0,22356
210732,45.8.205.0,255.255.255.0,39392
203473,45.8.231.0,255.255.255.0,6939
49033,45.8.236.0,255.255.252.0,39392
31736,45.8.240.0,255.255.252.0,6939
4842,45.9.11.0,255.255.255.0,6939
211393,45.9.23.0,255.255.255.0,39392
62206,45.9.29.0,255.255.255.0,6939
209046,45.9.44.0,255.255.252.0,6939
51964,45.9.52.0,255.255.255.0,6939
35421,45.9.56.0,255.255.255.0,39392
202942,45.9.64.0,255.255.255.0,5405
33986,45.9.96.0,255.255.252.0,6939
12709,45.9.100.0,255.255.252.0,39392
212327,45.9.136.0,255.255.252.0,5405
204161,45.9.140.0,255.255.255.0,5405
211619,45.9.156.0,255.255.255.0,6939
133495,45.9.157.0,255.255.255.0,6939
42864,45.9.169.0,255.255.255.0,5405
42490,45.9.180.0,255.255.252.0,39392
62142,45.9.192.0,255.255.255.0,6939
211366,45.9.193.0,255.255.255.0,6939
208975,45.9.195.0,255.255.255.0,6939
51920,45.9.200.0,255.255.252.0,5405
35793,45.9.208.0,255.255.252.0,6939
59909,45.9.220.0,255.255.252.0,1764
51616,45.9.224.0,255.255.252.0,39392
57608,45.9.233.0,255.255.255.0,5405
5588,45.9.235.0,255.255.255.0,5405
209859,45.10.0.0,255.255.255.0,39392
207054,45.10.12.0,255.255.252.0,39392
39521,45.10.16.0,255.255.255.0,6939
23422,45.10.21.0,255.255.255.0,6939
203050,45.10.37.0,255.255.255.0,6939
57521,45.10.39.0,255.255.255.0,5405
198034,45.10.44.0,255.255.255.0,39392
57752,45.10.45.0,255.255.255.0,39392
25431,45.10.48.0,255.255.255.0,6939
59514,45.10.88.0,255.255.255.0,6939
210874,45.10.100.0,255.255.252.0,6939
213220,45.10.111.0,255.255.255.0,6939
61154,45.10.136.0,255.255.255.0,6939
2821,45.10.139.0,255.255.255.0,6939
47954,45.10.140.0,255.255.252.0,6939
214941,45.10.151.0,255.255.255.0,22356
207137,45.10.157.0,255.255.255.0,5405
16262,45.10.174.0,255.255.255.0,6939
198330,45.10.180.0,255.255.252.0,6939
208837,45.10.190.0,255.255.255.0,39392
29075,45.10.224.0,255.255.254.0,39392
57724,45.10.240.0,255.255.255.0,6939
30823,45.11.16.0,255.255.252.0,5405
62103,45.11.23.0,255.255.255.0,5405
40401,45.11.36.0,255.255.255.0,6939
202004,45.11.60.0,255.255.252.0,6939
134823,45.11.78.0,255.255.255.0,6939
57695,45.11.104.0,255.255.254.0,22356
23961,45.11.104.0,255.255.255.0,22356
201333,45.11.116.0,255.255.252.0,39392
39761,45.11.132.0,255.255.252.0,39392
200851,45.11.160.0,255.255.252.0,49544
216323,45.11.199.0,255.255.255.0,6939
39090,45.11.204.0,255.255.252.0,39392
49824,45.12.24.0,255.255.255.0,5405
208959,45.12.61.0,255.255.255.0,22356
131642,45.12.62.0,255.255.254.0,6939
216300,45.12.68.0,255.255.255.0,6939
8412,45.12.96.0,255.255.255.0,39392
60150,45.12.100.0,255.255.252.0,5405
59780,45.12.116.0,255.255.252.0,5405
61397,45.12.156.0,255.255.252.0,39392
553,45.12.171.0,255.255.255.0,39392
201838,45.12.172.0,255.255.252.0,39392
202914,45.12.178.0,255.255.255.0,39392
680,45.12.192.0,255.255.252.0,39392
202596,45.12.240.0,255.255.252.0,39392
60377,45.13.4.0,255.255.252.0,39392
60757,45.13.16.0,255.255.254.0,6939
49910,45.13.24.0,255.255.255.0,5405
33922,45.13.52.0,255.255.252.0,209531
208956,45.13.65.0,255.255.255.0,6939
51548,45.13.96.0,255.255.252.0,39392
2027,45.13.104.0,255.255.252.0,6939
34854,45.13.118.0,255.255.255.0,39392
212815,45.13.119.0,255.255.255.0,6939
200781,45.13.124.0,255.255.252.0,39392
212700,45.13.146.0,255.255.254.0,39392
199275,45.13.156.0,255.255.252.0,39392
206014,45.13.156.0,255.255.255.0,39392
48213,45.13.172.0,255.255.252.0,8218
204995,45.13.220.0,255.255.255.0,39392
1759,45.14.40.0,255.255.252.0,39392
42032,45.14.60.0,255.255.252.0,5405
206499,45.14.68.0,255.255.255.0,39392
35758,45.14.73.0,255.255.255.0,6939
215424,45.14.76.0,255.255.252.0,39392
57389,45.14.92.0,255.255.252.0,39392
8888,45.14.105.0,255.255.255.0,6939
6768,45.14.108.0,255.255.252.0,6939
215955,45.14.167.0,255.255.255.0,5405
208924,45.14.172.0,255.255.255.0,22356
200187,45.14.173.0,255.255.255.0,6939
31742,45.14.228.0,255.255.252.0,39392
206236,45.14.232.0,255.255.254.0,39392
13009,45.14.252.0,255.255.255.0,39392
3342,45.15.7.0,255.255.255.0,39392
49775,45.15.40.0,255.255.255.0,39392
12357,45.15.48.0,255.255.252.0,6939
28875,45.15.80.0,255.255.255.0,5405
34568,45.15.100.0,255.255.255.0,5405
33984,45.15.101.0,255.255.255.0,39392
60042,45.15.157.0,255.255.255.0,6939
57986,45.15.200.0,255.255.255.0,6939
33930,45.15.212.0,255.255.252.0,39392
197915,45.15.216.0,255.255.252.0,5405
57468,45.15.220.0,255.255.252.0,8218
48399,45.15.254.0,255.255.255.0,6939
19787,45.33.202.0,255.255.254.0,39392
15305,45.33.222.0,255.255.254.0,39392
998,45.38.26.0,255.255.255.0,6939
40950,45.38.51.0,255.255.255.0,5405
62160,45.38.85.0,255.255.255.0,22356
64445,45.38.99.0,255.255.255.0,39392
268624,45.39.210.0,255.255.255.0,22356
5009,45.41.16.0,255.255.252.0,39392
399924,45.41.32.0,255.255.255.0,6939
62874,45.41.128.0,255.255.252.0,39392
22653,45.41.186.0,255.255.254.0,39392
33154,45.41.203.0,255.255.255.0,39392
54841,45.41.236.0,255.255.252.0,6939
397301,45.41.253.0,255.255.255.0,6939
33339,45.42.28.0,255.255.252.0,6939
51791,45.42.42.0,255.255.255.0,5405
33132,45.42.56.0,255.255.248.0,39392
21743,45.42.141.0,255.255.255.0,39392
398335,45.42.156.0,255.255.252.0,39392
396509,45.42.160.0,255.255.252.0,22356
395768,45.42.192.0,255.255.252.0,39392
399135,45.42.244.0,255.255.255.0,6939
204928,45.42.247.0,255.255.255.0,39392
398395,45.43.12.0,255.255.254.0,6939
201106,45.43.29.0,255.255.255.0,6939
5089,45.43.168.0,255.255.252.0,39392
53828,45.43.240.0,255.255.240.0,6939
54198,45.44.103.0,255.255.255.0,39392
30221,45.45.139.0,255.255.255.0,39392
399760,45.45.148.0,255.255.255.0,6939
32030,45.45.168.0,255.255.255.0,6939
32298,45.45.171.0,255.255.255.0,39392
22534,45.45.180.0,255.255.252.0,6939
395567,45.45.213.0,255.255.255.0,6939
1011,45.45.248.0,255.255.255.0,6939
63911,45.54.11.0,255.255.255.0,24482
29997,45.54.64.0,255.255.255.0,40994
64200,45.56.203.0,255.255.255.0,6939
11979,45.56.208.0,255.255.248.0,39392
40092,45.56.216.0,255.255.248.0,22356
203101,45.56.224.0,255.255.248.0,39392
18447,45.58.62.0,255.255.255.0,39392
19679,45.58.64.0,255.255.240.0,6939
13347,45.58.251.0,255.255.255.0,39392
54182,45.59.72.0,255.255.248.0,6939
11796,45.59.108.0,255.255.252.0,6939
906,45.59.184.0,255.255.255.0,6939
52041,45.61.173.0,255.255.255.0,5405
29848,45.62.0.0,255.255.224.0,39392
31882,45.62.128.0,255.255.224.0,39392
13150,45.62.176.0,255.255.255.0,22356
31798,45.62.192.0,255.255.255.0,6939
38778,45.64.4.0,255.255.254.0,24482
45773,45.64.24.0,255.255.255.0,6939
38841,45.64.28.0,255.255.252.0,6939
9650,45.64.68.0,255.255.252.0,6939
134739,45.64.72.0,255.255.255.0,6939
135360,45.64.97.0,255.255.255.0,6939
45786,45.64.100.0,255.255.252.0,6939
133399,45.64.116.0,255.255.252.0,39392
9927,45.64.120.0,255.255.255.0,6939
45634,45.64.128.0,255.255.252.0,6939
134844,45.64.148.0,255.255.252.0,6939
38200,45.64.164.0,255.255.255.0,6939
132933,45.64.188.0,255.255.252.0,5405
18015,45.64.203.0,255.255.255.0,6939
132563,45.64.216.0,255.255.255.0,5405
131627,45.64.228.0,255.255.252.0,6939
17924,45.64.240.0,255.255.252.0,6939
17660,45.64.248.0,255.255.252.0,39392
18024,45.64.251.0,255.255.255.0,39392
45294,45.64.252.0,255.255.255.0,6939
134134,45.65.58.0,255.255.255.0,6939
265715,45.65.148.0,255.255.252.0,22356
7063,45.65.156.0,255.255.252.0,22356
266266,45.65.180.0,255.255.255.0,39392
28343,45.65.196.0,255.255.252.0,263444
266268,45.65.208.0,255.255.252.0,263444
266525,45.65.212.0,255.255.252.0,6939
266725,45.65.224.0,255.255.252.0,22356
262617,45.65.228.0,255.255.252.0,22356
269822,45.65.232.0,255.255.252.0,22356
35360,45.66.4.0,255.255.252.0,6939
207668,45.66.20.0,255.255.254.0,39392
50107,45.66.24.0,255.255.252.0,6939
200736,45.66.40.0,255.255.252.0,6939
31287,45.66.44.0,255.255.255.0,6939
35224,45.66.76.0,255.255.252.0,39392
13135,45.66.88.0,255.255.252.0,6939
50017,45.66.88.0,255.255.255.0,5405
31617,45.66.100.0,255.255.252.0,209531
43619,45.66.108.0,255.255.252.0,39392
24929,45.66.140.0,255.255.252.0,6939
212751,45.66.144.0,255.255.255.0,22356
141968,45.66.153.0,255.255.255.0,24482
35482,45.66.180.0,255.255.255.0,39392
201746,45.66.212.0,255.255.254.0,6939
209408,45.66.224.0,255.255.252.0,39392
203434,45.66.232.0,255.255.254.0,5405
39257,45.67.28.0,255.255.252.0,39392
209805,45.67.32.0,255.255.255.0,5405
202838,45.67.33.0,255.255.255.0,6939
139648,45.67.53.0,255.255.255.0,22356
211858,45.67.82.0,255.255.255.0,8218
207910,45.67.83.0,255.255.255.0,8218
209970,45.67.112.0,255.255.252.0,209531
62013,45.67.118.0,255.255.254.0,6939
39679,45.67.156.0,255.255.255.0,39392
215366,45.67.157.0,255.255.255.0,39392
39878,45.67.168.0,255.255.252.0,39392
39328,45.67.180.0,255.255.252.0,6939
273189,45.67.246.0,255.255.254.0,6939
64150,45.68.33.0,255.255.255.0,22356
64112,45.68.47.0,255.255.255.0,22356
273165,45.68.52.0,255.255.255.0,22356
274106,45.68.96.0,255.255.255.0,22356
265817,45.70.8.0,255.255.255.0,22356
267544,45.70.32.0,255.255.252.0,22356
264162,45.70.52.0,255.255.252.0,22356
267566,45.70.64.0,255.255.252.0,22356
265447,45.70.72.0,255.255.255.0,262355
267616,45.70.92.0,255.255.252.0,263444
267567,45.70.100.0,255.255.252.0,6939
61937,45.70.104.0,255.255.252.0,263444
267563,45.70.128.0,255.255.252.0,22356
263537,45.70.140.0,255.255.252.0,263444
267654,45.70.156.0,255.255.252.0,22356
267575,45.70.160.0,255.255.252.0,22356
267576,45.70.176.0,255.255.252.0,22356
267594,45.70.188.0,255.255.252.0,22356
267587,45.70.212.0,255.255.252.0,22356
267588,45.70.216.0,255.255.255.0,22356
265826,45.70.228.0,255.255.252.0,22356
267610,45.70.248.0,255.255.252.0,22356
267595,45.71.12.0,255.255.252.0,39392
262689,45.71.24.0,255.255.252.0,22356
268738,45.71.28.0,255.255.252.0,22356
267634,45.71.40.0,255.255.255.0,22356
273316,45.71.42.0,255.255.254.0,6939
265830,45.71.44.0,255.255.252.0,6939
27983,45.71.56.0,255.255.252.0,6939
264525,45.71.80.0,255.255.252.0,6939
267618,45.71.88.0,255.255.255.0,22356
267614,45.71.108.0,255.255.252.0,39392
267620,45.71.124.0,255.255.252.0,22356
267664,45.71.132.0,255.255.252.0,22356
266917,45.71.140.0,255.255.252.0,22356
267638,45.71.160.0,255.255.252.0,263444
267621,45.71.164.0,255.255.252.0,262355
3816,45.71.180.0,255.255.255.0,39392
262186,45.71.181.0,255.255.255.0,6939
267642,45.71.192.0,255.255.252.0,22356
265828,45.71.196.0,255.255.252.0,22356
28100,45.71.204.0,255.255.255.0,39392
269597,45.71.208.0,255.255.252.0,39392
267623,45.71.212.0,255.255.254.0,22356
267629,45.71.216.0,255.255.252.0,6939
26292,45.73.128.0,255.255.240.0,39392
34450,45.74.3.0,255.255.255.0,5405
38628,45.75.0.0,255.255.128.0,6939
49425,45.75.128.0,255.255.128.0,39392
23252,45.78.96.0,255.255.224.0,6939
150436,45.78.192.0,255.255.248.0,5405
41652,45.80.0.0,255.255.252.0,39392
47454,45.80.40.0,255.255.252.0,39392
208954,45.80.44.0,255.255.252.0,6939
39640,45.80.82.0,255.255.255.0,6939
208905,45.80.88.0,255.255.252.0,6939
208898,45.80.132.0,255.255.254.0,39392
25581,45.81.12.0,255.255.252.0,4455
211056,45.81.16.0,255.255.255.0,22356
328543,45.81.34.0,255.255.255.0,6939
43197,45.81.37.0,255.255.255.0,6939
41644,45.81.64.0,255.255.252.0,39392
208859,45.81.144.0,255.255.255.0,6939
64236,45.81.150.0,255.255.255.0,6939
216392,45.81.152.0,255.255.254.0,6939
42487,45.81.172.0,255.255.252.0,8218
52075,45.81.196.0,255.255.252.0,39392
60456,45.81.204.0,255.255.252.0,6939
20565,45.81.208.0,255.255.252.0,22356
60439,45.82.92.0,255.255.255.0,22356
42184,45.82.124.0,255.255.252.0,39392
60587,45.82.168.0,255.255.252.0,1764
200023,45.82.184.0,255.255.252.0,39392
50316,45.82.202.0,255.255.255.0,39392
59842,45.82.208.0,255.255.255.0,6939
212372,45.83.0.0,255.255.254.0,6939
212396,45.83.30.0,255.255.255.0,39392
208821,45.83.32.0,255.255.255.0,5405
204548,45.83.41.0,255.255.255.0,39392
29014,45.83.108.0,255.255.252.0,5405
21476,45.83.156.0,255.255.252.0,39392
57793,45.83.168.0,255.255.252.0,6939
42156,45.83.172.0,255.255.252.0,49544
211588,45.83.205.0,255.255.255.0,39392
39351,45.83.220.0,255.255.255.0,39392
203391,45.83.248.0,255.255.255.0,40994
8342,45.84.3.0,255.255.255.0,6939
39591,45.84.4.0,255.255.252.0,39392
32338,45.84.28.0,255.255.254.0,6939
35710,45.84.32.0,255.255.255.0,6939
213746,45.84.76.0,255.255.254.0,39392
21056,45.84.140.0,255.255.252.0,39392
206805,45.84.152.0,255.255.254.0,6939
59466,45.84.172.0,255.255.252.0,6939
211659,45.84.178.0,255.255.255.0,6939
199364,45.84.192.0,255.255.255.0,6939
208802,45.84.200.0,255.255.252.0,6939
208591,45.84.208.0,255.255.252.0,6939
60667,45.84.211.0,255.255.255.0,6939
135392,45.84.242.0,255.255.255.0,5405
208791,45.85.36.0,255.255.252.0,6939
200245,45.85.44.0,255.255.252.0,39392
208016,45.85.48.0,255.255.252.0,6939
58317,45.85.72.0,255.255.255.0,39392
48448,45.85.73.0,255.255.255.0,39392
198545,45.85.80.0,255.255.252.0,39392
9100,45.85.96.0,255.255.255.0,6939
35394,45.85.136.0,255.255.252.0,39392
44489,45.85.172.0,255.255.252.0,39392
50247,45.85.184.0,255.255.254.0,5405
199980,45.85.208.0,255.255.252.0,5405
206703,45.85.252.0,255.255.252.0,39392
199439,45.86.32.0,255.255.255.0,6939
49088,45.86.108.0,255.255.252.0,6939
213392,45.86.126.0,255.255.255.0,5405
9044,45.86.132.0,255.255.254.0,39392
209433,45.86.136.0,255.255.255.0,39392
21368,45.86.137.0,255.255.255.0,39392
199348,45.86.148.0,255.255.252.0,39392
212794,45.86.152.0,255.255.255.0,6939
200950,45.86.153.0,255.255.255.0,6939
15969,45.86.212.0,255.255.252.0,5405
48294,45.86.222.0,255.255.254.0,4455
208732,45.87.32.0,255.255.252.0,6939
206476,45.87.64.0,255.255.252.0,39392
208725,45.87.76.0,255.255.252.0,5405
53808,45.87.102.0,255.255.254.0,6939
51247,45.87.107.0,255.255.255.0,39392
42280,45.87.122.0,255.255.255.0,6939
208398,45.87.132.0,255.255.252.0,39392
47447,45.87.136.0,255.255.255.0,39392
208879,45.87.140.0,255.255.252.0,6939
48596,45.87.158.0,255.255.254.0,5405
208949,45.88.0.0,255.255.255.0,5405
57255,45.88.4.0,255.255.255.0,5405
203976,45.88.36.0,255.255.255.0,5405
786,45.88.80.0,255.255.254.0,39392
209693,45.88.88.0,255.255.255.0,5405
47159,45.88.94.0,255.255.254.0,5405
48025,45.88.96.0,255.255.255.0,39392
30081,45.88.132.0,255.255.252.0,6939
216384,45.88.159.0,255.255.255.0,6939
200232,45.88.226.0,255.255.255.0,6939
36231,45.88.228.0,255.255.255.0,6939
49415,45.88.232.0,255.255.255.0,39392
62321,45.89.8.0,255.255.255.0,39392
212280,45.89.20.0,255.255.255.0,6939
204582,45.89.22.0,255.255.255.0,6939
265919,45.89.30.0,255.255.255.0,263444
207044,45.89.44.0,255.255.252.0,39392
29611,45.89.56.0,255.255.252.0,39392
49418,45.89.62.0,255.255.255.0,5405
211358,45.89.149.0,255.255.255.0,6939
205614,45.89.160.0,255.255.252.0,39392
48112,45.89.164.0,255.255.252.0,39392
204989,45.89.168.0,255.255.252.0,39392
28716,45.89.180.0,255.255.252.0,39392
34947,45.89.200.0,255.255.255.0,6939
202087,45.89.212.0,255.255.252.0,6939
203140,45.90.2.0,255.255.254.0,6939
201228,45.90.10.0,255.255.255.0,5405
34927,45.90.18.0,255.255.255.0,5405
8896,45.90.36.0,255.255.255.0,39392
201933,45.90.42.0,255.255.255.0,6939
20911,45.90.90.0,255.255.254.0,5405
34819,45.90.100.0,255.255.252.0,39392
39421,45.90.160.0,255.255.255.0,6939
47755,45.90.164.0,255.255.252.0,5405
208449,45.90.168.0,255.255.255.0,39392
209993,45.90.192.0,255.255.252.0,39392
9312,45.90.208.0,255.255.255.0,6939
26141,45.90.237.0,255.255.255.0,39392
212190,45.90.239.0,255.255.255.0,6939
35278,45.91.8.0,255.255.255.0,6939
59645,45.91.12.0,255.255.252.0,5405
215250,45.91.12.0,255.255.255.0,5405
48886,45.91.68.0,255.255.252.0,39392
203059,45.91.120.0,255.255.255.0,209531
208627,45.91.126.0,255.255.255.0,8218
9335,45.91.132.0,255.255.255.0,6939
208608,45.91.204.0,255.255.252.0,6939
31276,45.91.212.0,255.255.252.0,6939
25082,45.91.216.0,255.255.252.0,5405
214743,45.91.224.0,255.255.255.0,22356
212655,45.92.44.0,255.255.252.0,39392
213027,45.92.48.0,255.255.252.0,39392
200424,45.92.56.0,255.255.255.0,6939
204818,45.92.108.0,255.255.252.0,8218
13002,45.92.131.0,255.255.255.0,6939
58096,45.93.4.0,255.255.252.0,6939
142578,45.93.18.0,255.255.254.0,39392
207176,45.93.48.0,255.255.252.0,39392
57393,45.93.62.0,255.255.254.0,6939
62241,45.93.132.0,255.255.252.0,6939
209687,45.93.156.0,255.255.252.0,6939
47377,45.93.164.0,255.255.254.0,39392
35444,45.93.220.0,255.255.252.0,5405
204457,45.94.5.0,255.255.255.0,5405
8895,45.94.15.0,255.255.255.0,6939
20766,45.94.17.0,255.255.255.0,39392
201211,45.94.21.0,255.255.255.0,6939
199775,45.94.32.0,255.255.252.0,39392
62386,45.94.94.0,255.255.255.0,5405
42148,45.94.116.0,255.255.252.0,6939
52193,45.94.140.0,255.255.252.0,6939
208594,45.94.148.0,255.255.255.0,6939
214922,45.94.213.0,255.255.255.0,6939
208592,45.94.216.0,255.255.255.0,6939
57814,45.95.20.0,255.255.255.0,6939
210805,45.95.22.0,255.255.255.0,6939
206892,45.95.44.0,255.255.252.0,5405
200303,45.95.52.0,255.255.252.0,5405
50124,45.95.113.0,255.255.255.0,39392
212983,45.95.188.0,255.255.255.0,6939
213494,45.95.189.0,255.255.255.0,6939
132137,45.112.0.0,255.255.255.0,39392
45230,45.112.60.0,255.255.255.0,5405
133605,45.112.72.0,255.255.255.0,5405
134078,45.112.76.0,255.255.252.0,24482
45455,45.112.140.0,255.255.252.0,6939
45769,45.112.144.0,255.255.255.0,5405
715,45.112.180.0,255.255.252.0,6939
134088,45.112.196.0,255.255.252.0,6939
133660,45.112.200.0,255.255.255.0,5405
4638,45.112.224.0,255.255.252.0,5405
63956,45.112.244.0,255.255.252.0,39392
55577,45.112.252.0,255.255.252.0,39392
45179,45.113.8.0,255.255.252.0,6939
63959,45.113.32.0,255.255.255.0,6939
38084,45.113.36.0,255.255.252.0,6939
140627,45.113.82.0,255.255.255.0,6939
58715,45.113.132.0,255.255.252.0,6939
133012,45.113.164.0,255.255.255.0,6939
55967,45.113.192.0,255.255.255.0,39392
199752,45.113.236.0,255.255.255.0,39392
215512,45.113.237.0,255.255.255.0,6939
38278,45.114.28.0,255.255.252.0,6939
133695,45.114.48.0,255.255.255.0,5405
63969,45.114.85.0,255.255.255.0,6939
134116,45.114.88.0,255.255.252.0,6939
134451,45.114.118.0,255.255.255.0,6939
45194,45.114.156.0,255.255.255.0,39392
50292,45.114.220.0,255.255.252.0,39392
132168,45.114.236.0,255.255.252.0,6939
134138,45.115.20.0,255.255.252.0,6939
142647,45.115.42.0,255.255.255.0,6939
137166,45.115.52.0,255.255.255.0,5405
58731,45.115.72.0,255.255.255.0,6939
133593,45.115.76.0,255.255.252.0,5405
23674,45.115.84.0,255.255.255.0,6939
134026,45.115.104.0,255.255.252.0,5405
55828,45.115.112.0,255.255.252.0,6939
63873,45.115.136.0,255.255.254.0,6939
132960,45.115.172.0,255.255.255.0,5405
134022,45.115.184.0,255.255.255.0,5405
9253,45.115.196.0,255.255.252.0,24482
18222,45.115.216.0,255.255.255.0,6939
31972,45.115.228.0,255.255.252.0,5405
134160,45.115.232.0,255.255.252.0,6939
23752,45.116.20.0,255.255.252.0,6939
58898,45.116.112.0,255.255.252.0,39392
139468,45.116.134.0,255.255.254.0,39392
133823,45.116.156.0,255.255.254.0,6939
133301,45.116.228.0,255.255.252.0,39392
135724,45.117.28.0,255.255.255.0,5405
9484,45.117.32.0,255.255.252.0,39392
150774,45.117.61.0,255.255.255.0,6939
135341,45.117.62.0,255.255.255.0,6939
134190,45.117.123.0,255.255.255.0,5405
58762,45.117.180.0,255.255.255.0,5405
4628,45.117.188.0,255.255.252.0,24482
215385,45.117.232.0,255.255.252.0,39392
133421,45.117.236.0,255.255.252.0,6939
45355,45.117.240.0,255.255.252.0,5405
7629,45.118.36.0,255.255.252.0,6939
133957,45.118.68.0,255.255.255.0,6939
131717,45.118.112.0,255.255.255.0,24482
45557,45.118.136.0,255.255.252.0,6939
133652,45.118.164.0,255.255.254.0,39392
134220,45.118.188.0,255.255.252.0,6939
45905,45.118.244.0,255.255.255.0,6939
13444,45.119.6.0,255.255.255.0,5405
134674,45.119.28.0,255.255.255.0,39392
9732,45.119.92.0,255.255.252.0,22356
59185,45.119.112.0,255.255.252.0,39392
56300,45.119.152.0,255.255.255.0,24482
133136,45.119.156.0,255.255.255.0,24482
131435,45.119.216.0,255.255.252.0,22356
131418,45.119.240.0,255.255.252.0,5405
59191,45.120.56.0,255.255.254.0,39392
63996,45.120.112.0,255.255.252.0,6939
132934,45.120.124.0,255.255.252.0,39392
56147,45.120.228.0,255.255.252.0,6939
132300,45.121.60.0,255.255.255.0,24482
132447,45.121.88.0,255.255.255.0,6939
56149,45.121.160.0,255.255.252.0,5405
32590,45.121.184.0,255.255.255.0,32590
137991,45.121.188.0,255.255.255.0,6939
131702,45.121.217.0,255.255.255.0,6939
133797,45.122.56.0,255.255.252.0,6939
133403,45.122.228.0,255.255.255.0,6939
133287,45.123.4.0,255.255.252.0,39392
17483,45.123.24.0,255.255.255.0,5405
133398,45.123.88.0,255.255.255.0,6939
134094,45.123.116.0,255.255.255.0,6939
152049,45.123.140.0,255.255.254.0,24482
152026,45.123.142.0,255.255.255.0,24482
141490,45.123.216.0,255.255.254.0,39392
134196,45.124.24.0,255.255.252.0,6939
55705,45.124.108.0,255.255.255.0,5405
135846,45.124.140.0,255.255.255.0,5405
133255,45.124.144.0,255.255.252.0,39392
10122,45.124.252.0,255.255.255.0,6939
56308,45.125.20.0,255.255.252.0,6939
64047,45.125.112.0,255.255.255.0,6939
10105,45.125.124.0,255.255.255.0,5405
9287,45.125.128.0,255.255.252.0,6939
149535,45.125.152.0,255.255.255.0,5405
132220,45.125.153.0,255.255.255.0,5405
45469,45.125.156.0,255.255.255.0,5405
24183,45.125.168.0,255.255.252.0,6939
45896,45.125.200.0,255.255.252.0,5405
138995,45.125.216.0,255.255.255.0,6939
63526,45.125.220.0,255.255.255.0,6939
133880,45.125.228.0,255.255.255.0,24482
134544,45.126.0.0,255.255.255.0,24482
4646,45.126.4.0,255.255.255.0,24482
132540,45.126.20.0,255.255.255.0,39392
64300,45.126.40.0,255.255.254.0,24482
132647,45.126.56.0,255.255.255.0,6939
56241,45.126.152.0,255.255.255.0,24482
134014,45.126.168.0,255.255.255.0,39392
17451,45.126.184.0,255.255.252.0,6939
132986,45.126.188.0,255.255.252.0,5405
11179,45.126.244.0,255.255.255.0,6939
133000,45.126.252.0,255.255.255.0,39392
134937,45.127.104.0,255.255.255.0,5405
45284,45.127.108.0,255.255.255.0,39392
17726,45.127.152.0,255.255.252.0,24482
23944,45.127.164.0,255.255.252.0,6939
134687,45.127.187.0,255.255.255.0,24482
17771,45.127.190.0,255.255.255.0,39392
38244,45.127.252.0,255.255.252.0,6939
201290,45.128.0.0,255.255.252.0,39392
208569,45.128.8.0,255.255.252.0,39392
208126,45.128.68.0,255.255.255.0,5405
39201,45.128.69.0,255.255.255.0,5405
12571,45.128.100.0,255.255.252.0,39392
43073,45.128.108.0,255.255.252.0,5405
50979,45.128.151.0,255.255.255.0,39392
208566,45.128.216.0,255.255.255.0,39392
6681,45.128.218.0,255.255.255.0,39392
51659,45.129.2.0,255.255.254.0,6939
34080,45.129.24.0,255.255.252.0,39392
44076,45.129.40.0,255.255.248.0,39392
198769,45.129.76.0,255.255.255.0,6939
204049,45.129.77.0,255.255.255.0,6939
51531,45.129.80.0,255.255.252.0,6939
212123,45.129.94.0,255.255.255.0,5405
207960,45.129.95.0,255.255.255.0,5405
201094,45.129.97.0,255.255.255.0,6939
208522,45.129.100.0,255.255.252.0,39392
209810,45.129.106.0,255.255.255.0,39392
48518,45.129.108.0,255.255.252.0,39392
203172,45.129.144.0,255.255.252.0,49544
60501,45.129.160.0,255.255.252.0,39392
205185,45.129.172.0,255.255.252.0,39392
58280,45.129.224.0,255.255.252.0,6939
24482,45.129.229.0,255.255.255.0,24482
208540,45.129.252.0,255.255.254.0,5405
56958,45.130.16.0,255.255.252.0,6939
202548,45.130.45.0,255.255.255.0,6939
208976,45.130.46.0,255.255.255.0,39392
42201,45.130.84.0,255.255.255.0,39392
208920,45.130.108.0,255.255.252.0,39392
44558,45.130.156.0,255.255.255.0,39392
58314,45.130.172.0,255.255.255.0,5405
12731,45.130.192.0,255.255.254.0,5405
34661,45.130.244.0,255.255.252.0,6939
207187,45.130.248.0,255.255.252.0,39392
200254,45.131.8.0,255.255.252.0,39392
57578,45.131.68.0,255.255.254.0,22356
41529,45.131.84.0,255.255.252.0,6939
39389,45.131.88.0,255.255.254.0,39392
204745,45.131.150.0,255.255.255.0,5405
213802,45.131.152.0,255.255.255.0,6939
35004,45.131.164.0,255.255.255.0,6939
42066,45.131.165.0,255.255.255.0,6939
203222,45.131.204.0,255.255.252.0,39392
43648,45.131.236.0,255.255.255.0,209531
208501,45.131.240.0,255.255.252.0,6939
51154,45.131.244.0,255.255.252.0,5405
209311,45.132.2.0,255.255.255.0,39392
51198,45.132.8.0,255.255.255.0,49544
8447,45.132.35.0,255.255.255.0,5405
49079,45.132.44.0,255.255.252.0,39392
206775,45.132.68.0,255.255.252.0,6939
39862,45.132.92.0,255.255.255.0,39392
207992,45.132.96.0,255.255.255.0,6939
61272,45.132.194.0,255.255.255.0,6939
57530,45.132.204.0,255.255.255.0,6939
51569,45.132.208.0,255.255.252.0,39392
51519,45.132.232.0,255.255.252.0,39392
199961,45.132.254.0,255.255.255.0,6939
198763,45.133.48.0,255.255.252.0,6939
35489,45.133.100.0,255.255.255.0,39392
60022,45.133.160.0,255.255.252.0,39392
42638,45.133.164.0,255.255.252.0,6939
213281,45.133.188.0,255.255.255.0,39392
205063,45.133.218.0,255.255.255.0,6939
58172,45.133.232.0,255.255.254.0,6939
59829,45.133.242.0,255.255.255.0,39392
199939,45.133.248.0,255.255.254.0,39392
198953,45.134.26.0,255.255.255.0,6939
203714,45.134.60.0,255.255.254.0,6939
140723,45.134.98.0,255.255.255.0,6939
205199,45.134.120.0,255.255.252.0,6939
216230,45.134.164.0,255.255.252.0,39392
43861,45.134.176.0,255.255.254.0,6939
31169,45.134.208.0,255.255.252.0,39392
34985,45.135.48.0,255.255.255.0,39392
23865,45.135.49.0,255.255.255.0,39392
209528,45.135.64.0,255.255.252.0,39392
12555,45.135.92.0,255.255.252.0,6939
8495,45.135.106.0,255.255.255.0,5405
133219,45.135.149.0,255.255.255.0,6939
57304,45.135.167.0,255.255.255.0,39392
208457,45.135.172.0,255.255.252.0,39392
51396,45.135.193.0,255.255.255.0,5405
197968,45.135.215.0,255.255.255.0,6939
51310,45.135.216.0,255.255.252.0,39392
59692,45.135.239.0,255.255.255.0,39392
212980,45.135.250.0,255.255.255.0,6939
61205,45.136.92.0,255.255.252.0,39392
61241,45.136.132.0,255.255.254.0,39392
58057,45.136.136.0,255.255.252.0,6939
215680,45.136.141.0,255.255.255.0,6939
214209,45.137.99.0,255.255.255.0,5405
205638,45.137.112.0,255.255.254.0,6939
60350,45.137.176.0,255.255.252.0,39392
44901,45.137.220.0,255.255.255.0,5405
205879,45.137.227.0,255.255.255.0,39392
208867,45.137.236.0,255.255.252.0,209531
44377,45.137.248.0,255.255.252.0,6939
60144,45.138.36.0,255.255.252.0,39392
20810,45.138.56.0,255.255.252.0,5405
208414,45.138.104.0,255.255.255.0,22356
25428,45.138.171.0,255.255.255.0,5405
215761,45.138.183.0,255.255.255.0,5405
39522,45.138.222.0,255.255.255.0,6939
60542,45.139.8.0,255.255.254.0,6939
62366,45.139.17.0,255.255.255.0,6939
34959,45.139.24.0,255.255.252.0,5405
44061,45.139.92.0,255.255.255.0,6939
209902,45.139.96.0,255.255.254.0,39392
59504,45.139.184.0,255.255.252.0,6939
214466,45.139.199.0,255.255.255.0,6939
202984,45.139.237.0,255.255.255.0,6939
199947,45.140.84.0,255.255.252.0,6939
48813,45.140.108.0,255.255.252.0,39392
205530,45.140.112.0,255.255.252.0,6939
200081,45.140.124.0,255.255.255.0,39392
198895,45.140.133.0,255.255.255.0,39392
47720,45.140.144.0,255.255.255.0,6939
49612,45.140.145.0,255.255.255.0,6939
268581,45.140.192.0,255.255.254.0,22356
202425,45.140.222.0,255.255.255.0,6939
49151,45.141.1.0,255.255.255.0,6939
212508,45.141.57.0,255.255.255.0,22356
207190,45.141.68.0,255.255.255.0,5405
3399,45.141.108.0,255.255.252.0,39392
33387,45.141.131.0,255.255.255.0,6939
16247,45.141.155.0,255.255.255.0,39392
8823,45.141.188.0,255.255.252.0,5405
198150,45.141.217.0,255.255.255.0,39392
208376,45.141.228.0,255.255.252.0,209531
203759,45.142.7.0,255.255.255.0,39392
203847,45.142.15.0,255.255.255.0,209531
48873,45.142.32.0,255.255.252.0,6939
206366,45.142.68.0,255.255.252.0,22356
34605,45.142.88.0,255.255.255.0,6939
208367,45.142.100.0,255.255.255.0,5405
39287,45.142.140.0,255.255.252.0,39392
205051,45.142.168.0,255.255.252.0,209531
204916,45.142.210.0,255.255.255.0,6939
140543,45.142.237.0,255.255.255.0,22356
58313,45.142.244.0,255.255.255.0,22356
397735,45.142.248.0,255.255.255.0,6939
61013,45.143.40.0,255.255.252.0,39392
21339,45.143.120.0,255.255.254.0,39392
47196,45.143.136.0,255.255.252.0,6939
50474,45.143.168.0,255.255.255.0,8218
208337,45.143.180.0,255.255.255.0,6939
208339,45.143.204.0,255.255.252.0,6939
51579,45.143.236.0,255.255.254.0,6939
208992,45.144.42.0,255.255.255.0,6939
210447,45.144.43.0,255.255.255.0,6939
203201,45.144.60.0,255.255.252.0,6939
50628,45.144.92.0,255.255.252.0,39392
197293,45.144.140.0,255.255.255.0,39392
9028,45.144.155.0,255.255.255.0,6939
205243,45.144.200.0,255.255.252.0,1764
8151,45.144.224.0,255.255.255.0,6939
29457,45.144.236.0,255.255.254.0,5405
208258,45.144.244.0,255.255.255.0,6939
203936,45.144.248.0,255.255.252.0,6939
205235,45.145.93.0,255.255.255.0,39392
26210,45.145.132.0,255.255.255.0,39392
16158,45.145.173.0,255.255.255.0,6939
15391,45.145.208.0,255.255.252.0,39392
200918,45.145.220.0,255.255.252.0,6939
13101,45.145.236.0,255.255.252.0,5405
39801,45.146.35.0,255.255.255.0,39392
50374,45.146.64.0,255.255.252.0,6939
208628,45.146.114.0,255.255.255.0,5405
35122,45.146.140.0,255.255.252.0,5405
6769,45.146.192.0,255.255.254.0,209531
57965,45.146.194.0,255.255.254.0,5405
41405,45.146.212.0,255.255.252.0,39392
201691,45.146.240.0,255.255.255.0,39392
201868,45.147.20.0,255.255.255.0,39392
41290,45.147.40.0,255.255.255.0,39392
62000,45.147.96.0,255.255.254.0,6939
42151,45.147.148.0,255.255.255.0,6939
267121,45.147.226.0,255.255.255.0,6939
48305,45.148.0.0,255.255.252.0,5405
42692,45.148.20.0,255.255.255.0,6939
52106,45.148.40.0,255.255.252.0,39392
212066,45.148.65.0,255.255.255.0,6939
199496,45.148.88.0,255.255.252.0,6939
50903,45.148.156.0,255.255.252.0,39392
205668,45.148.168.0,255.255.252.0,39392
203089,45.148.214.0,255.255.255.0,6939
21473,45.148.216.0,255.255.254.0,5405
30766,45.148.218.0,255.255.254.0,6939
401922,45.149.4.0,255.255.255.0,6939
20141,45.149.103.0,255.255.255.0,5405
46616,45.149.120.0,255.255.255.0,6939
29405,45.149.176.0,255.255.255.0,39392
208486,45.149.180.0,255.255.254.0,6939
198935,45.149.208.0,255.255.255.0,39392
57653,45.149.241.0,255.255.255.0,39392
44547,45.149.242.0,255.255.255.0,5405
6789,45.149.244.0,255.255.252.0,5405
56595,45.149.252.0,255.255.252.0,39392
15466,45.150.28.0,255.255.252.0,39392
45009,45.150.40.0,255.255.252.0,6939
210412,45.150.57.0,255.255.255.0,39392
215402,45.150.66.0,255.255.255.0,6939
33843,45.150.68.0,255.255.255.0,39392
60893,45.150.104.0,255.255.252.0,39392
5631,45.150.140.0,255.255.252.0,39392
51944,45.150.151.0,255.255.255.0,6939
208236,45.150.152.0,255.255.255.0,5405
329272,45.150.188.0,255.255.252.0,6939
209326,45.150.228.0,255.255.255.0,39392
215147,45.151.56.0,255.255.255.0,22356
200759,45.151.84.0,255.255.255.0,6939
59745,45.151.92.0,255.255.255.0,5405
215432,45.151.124.0,255.255.255.0,5405
30813,45.151.216.0,255.255.252.0,6939
201675,45.151.220.0,255.255.252.0,6939
44125,45.152.24.0,255.255.252.0,6939
50917,45.152.39.0,255.255.255.0,6939
48362,45.152.52.0,255.255.252.0,1764
912,45.152.56.0,255.255.252.0,6939
11342,45.152.56.0,255.255.254.0,6939
211615,45.152.70.0,255.255.255.0,6939
3255,45.152.72.0,255.255.252.0,6939
45040,45.152.76.0,255.255.255.0,39392
206841,45.152.80.0,255.255.255.0,5405
34820,45.152.96.0,255.255.255.0,6939
39699,45.152.104.0,255.255.252.0,39392
43667,45.152.123.0,255.255.255.0,6939
205500,45.152.168.0,255.255.252.0,6939
49703,45.152.190.0,255.255.254.0,5405
939,45.152.192.0,255.255.252.0,39392
262199,45.152.216.0,255.255.252.0,6939
56679,45.152.220.0,255.255.252.0,6939
34968,45.152.236.0,255.255.252.0,39392
207942,45.152.248.0,255.255.255.0,39392
12859,45.152.251.0,255.255.255.0,39392
216463,45.153.24.0,255.255.255.0,5405
205495,45.153.44.0,255.255.252.0,6939
39405,45.153.92.0,255.255.252.0,39392
49788,45.153.104.0,255.255.252.0,39392
201709,45.153.112.0,255.255.252.0,5405
59588,45.153.116.0,255.255.254.0,5405
43289,45.153.124.0,255.255.255.0,6939
25467,45.153.126.0,255.255.255.0,5405
61337,45.153.132.0,255.255.254.0,39392
60255,45.153.135.0,255.255.255.0,39392
207203,45.153.140.0,255.255.252.0,5405
39923,45.153.152.0,255.255.252.0,5405
201986,45.153.212.0,255.255.254.0,5405
202365,45.153.248.0,255.255.255.0,6939
8873,45.154.28.0,255.255.252.0,5405
39384,45.154.64.0,255.255.255.0,209531
30798,45.154.68.0,255.255.252.0,6939
42072,45.154.74.0,255.255.255.0,6939
208702,45.154.92.0,255.255.255.0,5405
206313,45.154.108.0,255.255.255.0,5405
209894,45.154.111.0,255.255.255.0,5405
61251,45.154.144.0,255.255.252.0,6939
202591,45.154.164.0,255.255.252.0,39392
202543,45.154.176.0,255.255.255.0,6939
47522,45.154.184.0,255.255.252.0,6939
207108,45.154.197.0,255.255.255.0,39392
215467,45.154.199.0,255.255.255.0,39392
25506,45.154.222.0,255.255.255.0,39392
41281,45.154.252.0,255.255.255.0,24482
41634,45.154.253.0,255.255.255.0,39392
213205,45.155.89.0,255.255.255.0,39392
208177,45.155.92.0,255.255.252.0,6939
197564,45.155.96.0,255.255.252.0,6939
60670,45.155.108.0,255.255.255.0,39392
213640,45.155.126.0,255.255.255.0,5405
212795,45.155.130.0,255.255.255.0,39392
198984,45.155.148.0,255.255.252.0,39392
51458,45.155.176.0,255.255.252.0,4455
48359,45.155.192.0,255.255.255.0,6939
201791,45.155.212.0,255.255.252.0,39392
8218,45.156.4.0,255.255.252.0,8218
28701,45.156.108.0,255.255.252.0,39392
13045,45.156.124.0,255.255.255.0,39392
214122,45.157.3.0,255.255.255.0,5405
60435,45.157.4.0,255.255.255.0,6939
64475,45.157.8.0,255.255.254.0,5405
199723,45.157.12.0,255.255.252.0,6939
142354,45.157.16.0,255.255.255.0,24482
215044,45.157.48.0,255.255.255.0,6939
3303,45.157.49.0,255.255.255.0,6939
51269,45.157.60.0,255.255.252.0,8218
51185,45.157.64.0,255.255.255.0,39392
131090,45.157.88.0,255.255.252.0,6939
35661,45.157.116.0,255.255.252.0,5405
215691,45.157.211.0,255.255.255.0,5405
204188,45.157.220.0,255.255.252.0,39392
16097,45.157.224.0,255.255.255.0,5405
201847,45.157.228.0,255.255.252.0,209531
205112,45.157.240.0,255.255.252.0,39392
60917,45.158.0.0,255.255.255.0,39392
43372,45.158.4.0,255.255.254.0,5405
41897,45.158.16.0,255.255.252.0,6939
34835,45.158.72.0,255.255.252.0,5405
199585,45.158.108.0,255.255.252.0,5405
41710,45.158.128.0,255.255.252.0,5405
39093,45.158.144.0,255.255.252.0,39392
15510,45.158.164.0,255.255.254.0,39392
40913,45.158.166.0,255.255.255.0,5405
50326,45.158.176.0,255.255.252.0,5405
328867,45.158.254.0,255.255.255.0,5405
200702,45.159.16.0,255.255.252.0,6939
48821,45.159.32.0,255.255.252.0,39392
57264,45.159.36.0,255.255.252.0,209531
42316,45.159.129.0,255.255.255.0,6939
212635,45.159.140.0,255.255.252.0,5405
200031,45.159.164.0,255.255.252.0,5405
208070,45.159.168.0,255.255.252.0,39392
200036,45.159.195.0,255.255.255.0,209531
61955,45.159.212.0,255.255.252.0,39392
262444,45.160.0.0,255.255.252.0,22356
266866,45.160.4.0,255.255.252.0,22356
268402,45.160.16.0,255.255.252.0,263444
268398,45.160.24.0,255.255.252.0,6939
268396,45.160.64.0,255.255.252.0,263444
268403,45.160.68.0,255.255.252.0,39392
266878,45.160.72.0,255.255.255.0,6939
268404,45.160.84.0,255.255.252.0,263444
262481,45.160.88.0,255.255.252.0,6939
268397,45.160.104.0,255.255.252.0,22356
268400,45.160.112.0,255.255.252.0,6939
264293,45.160.124.0,255.255.252.0,22356
262865,45.160.128.0,255.255.252.0,22356
264161,45.160.144.0,255.255.252.0,22356
268431,45.160.152.0,255.255.252.0,6939
268432,45.160.160.0,255.255.252.0,22356
268417,45.160.176.0,255.255.252.0,22356
266887,45.160.188.0,255.255.255.0,6939
267056,45.160.215.0,255.255.255.0,22356
270724,45.160.228.0,255.255.252.0,22356
268434,45.160.236.0,255.255.252.0,6939
268436,45.160.248.0,255.255.254.0,22356
268445,45.160.252.0,255.255.255.0,263444
268424,45.161.4.0,255.255.252.0,22356
266893,45.161.24.0,255.255.252.0,22356
2,45.161.25.0,255.255.255.0,6939
268490,45.161.28.0,255.255.252.0,22356
268502,45.161.80.0,255.255.252.0,22356
52617,45.161.92.0,255.255.252.0,263444
268463,45.161.96.0,255.255.252.0,22356
266901,45.161.108.0,255.255.252.0,22356
266885,45.161.116.0,255.255.252.0,6939
268465,45.161.124.0,255.255.252.0,22356
268459,45.161.128.0,255.255.252.0,22356
268510,45.161.144.0,255.255.254.0,263444
267484,45.161.148.0,255.255.252.0,263444
268467,45.161.164.0,255.255.252.0,22356
270021,45.161.168.0,255.255.255.0,22356
268512,45.161.184.0,255.255.255.0,22356
265905,45.161.196.0,255.255.252.0,6939
263579,45.161.216.0,255.255.252.0,22356
268477,45.161.224.0,255.255.252.0,263444
268483,45.161.228.0,255.255.252.0,263444
268487,45.161.248.0,255.255.252.0,22356
262285,45.161.252.0,255.255.252.0,22356
268492,45.162.4.0,255.255.252.0,263444
268485,45.162.8.0,255.255.252.0,22356
263155,45.162.16.0,255.255.252.0,22356
268525,45.162.24.0,255.255.252.0,22356
28158,45.162.40.0,255.255.252.0,263444
268496,45.162.44.0,255.255.252.0,263444
268529,45.162.48.0,255.255.252.0,22356
268509,45.162.52.0,255.255.252.0,22356
262589,45.162.76.0,255.255.252.0,22356
263244,45.162.89.0,255.255.255.0,22356
268517,45.162.92.0,255.255.252.0,263444
268516,45.162.104.0,255.255.252.0,263444
268505,45.162.112.0,255.255.252.0,22356
268518,45.162.128.0,255.255.252.0,22356
268168,45.162.136.0,255.255.252.0,22356
263347,45.162.152.0,255.255.252.0,22356
268527,45.162.172.0,255.255.255.0,263444
262595,45.162.188.0,255.255.252.0,22356
268538,45.162.196.0,255.255.252.0,22356
271617,45.162.202.0,255.255.254.0,22356
268528,45.162.216.0,255.255.254.0,22356
263427,45.162.240.0,255.255.252.0,22356
268600,45.162.252.0,255.255.252.0,22356
262847,45.163.0.0,255.255.252.0,262355
268589,45.163.12.0,255.255.255.0,263444
264565,45.163.24.0,255.255.252.0,263444
268548,45.163.40.0,255.255.252.0,263444
262873,45.163.56.0,255.255.252.0,263444
268554,45.163.64.0,255.255.255.0,6939
268559,45.163.68.0,255.255.252.0,22356
268573,45.163.72.0,255.255.252.0,263444
268551,45.163.76.0,255.255.252.0,39392
266346,45.163.84.0,255.255.252.0,22356
268574,45.163.92.0,255.255.252.0,6939
262494,45.163.108.0,255.255.254.0,6939
268576,45.163.112.0,255.255.252.0,39392
267686,45.163.140.0,255.255.252.0,6939
268568,45.163.144.0,255.255.252.0,22356
268560,45.163.148.0,255.255.252.0,22356
268578,45.163.176.0,255.255.252.0,22356
268565,45.163.196.0,255.255.252.0,22356
61587,45.163.212.0,255.255.252.0,263444
268592,45.164.0.0,255.255.255.0,263444
28423,45.164.20.0,255.255.255.0,22356
268597,45.164.44.0,255.255.252.0,6939
268605,45.164.60.0,255.255.252.0,22356
267699,45.164.64.0,255.255.255.0,6939
268606,45.164.68.0,255.255.252.0,39392
268690,45.164.72.0,255.255.252.0,39392
268607,45.164.76.0,255.255.252.0,22356
268608,45.164.80.0,255.255.254.0,22356
52941,45.164.84.0,255.255.254.0,22356
268685,45.164.92.0,255.255.252.0,22356
263328,45.164.104.0,255.255.252.0,263444
53181,45.164.112.0,255.255.252.0,22356
268623,45.164.120.0,255.255.252.0,6939
268616,45.164.128.0,255.255.252.0,22356
268625,45.164.140.0,255.255.252.0,22356
268631,45.164.144.0,255.255.252.0,6939
271701,45.164.152.0,255.255.254.0,22356
268645,45.164.176.0,255.255.252.0,22356
268628,45.164.188.0,255.255.252.0,22356
272174,45.164.202.0,255.255.254.0,6939
268637,45.164.208.0,255.255.252.0,22356
268668,45.164.220.0,255.255.252.0,22356
262893,45.164.224.0,255.255.255.0,263444
264774,45.164.231.0,255.255.255.0,22356
268643,45.164.232.0,255.255.254.0,22356
268647,45.164.240.0,255.255.252.0,22356
268648,45.164.244.0,255.255.252.0,22356
268649,45.164.252.0,255.255.255.0,22356
268663,45.165.12.0,255.255.252.0,263444
268655,45.165.28.0,255.255.255.0,263444
268657,45.165.48.0,255.255.252.0,22356
268658,45.165.60.0,255.255.252.0,22356
268661,45.165.76.0,255.255.255.0,22356
268671,45.165.84.0,255.255.252.0,22356
264479,45.165.90.0,255.255.254.0,6939
268674,45.165.96.0,255.255.252.0,6939
268699,45.165.120.0,255.255.252.0,22356
268700,45.165.124.0,255.255.254.0,22356
268676,45.165.132.0,255.255.252.0,263444
268678,45.165.148.0,255.255.252.0,263444
52799,45.165.153.0,255.255.255.0,22356
268683,45.165.164.0,255.255.255.0,22356
268684,45.165.172.0,255.255.252.0,263444
263067,45.165.176.0,255.255.252.0,39392
268689,45.165.196.0,255.255.252.0,22356
268976,45.165.204.0,255.255.252.0,22356
268692,45.165.208.0,255.255.252.0,263444
268018,45.165.230.0,255.255.255.0,263444
263102,45.165.236.0,255.255.252.0,22356
268697,45.165.248.0,255.255.254.0,263444
267942,45.166.4.0,255.255.252.0,22356
268698,45.166.8.0,255.255.254.0,22356
267935,45.166.44.0,255.255.252.0,263444
267936,45.166.52.0,255.255.252.0,263444
264173,45.166.56.0,255.255.252.0,22356
267953,45.166.68.0,255.255.254.0,6939
266771,45.166.73.0,255.255.255.0,6939
263292,45.166.84.0,255.255.255.0,6939
267409,45.166.104.0,255.255.252.0,263444
267955,45.166.112.0,255.255.252.0,263444
267956,45.166.116.0,255.255.252.0,263444
267963,45.166.148.0,255.255.255.0,22356
264075,45.166.164.0,255.255.252.0,22356
267986,45.166.180.0,255.255.252.0,22356
267988,45.166.196.0,255.255.252.0,263444
273533,45.166.226.0,255.255.254.0,263444
267972,45.166.228.0,255.255.252.0,263444
268002,45.166.232.0,255.255.252.0,6939
267973,45.166.244.0,255.255.255.0,262355
267974,45.166.248.0,255.255.252.0,262355
267995,45.167.48.0,255.255.252.0,22356
267991,45.167.52.0,255.255.252.0,22356
267994,45.167.56.0,255.255.252.0,22356
262773,45.167.60.0,255.255.252.0,263444
268006,45.167.64.0,255.255.254.0,263444
267992,45.167.68.0,255.255.252.0,22356
268054,45.167.104.0,255.255.252.0,22356
264398,45.167.128.0,255.255.255.0,22356
268011,45.167.140.0,255.255.252.0,263444
52838,45.167.144.0,255.255.252.0,39392
268013,45.167.152.0,255.255.252.0,22356
268041,45.167.160.0,255.255.252.0,263444
268042,45.167.180.0,255.255.252.0,22356
268019,45.167.184.0,255.255.255.0,263444
263785,45.167.196.0,255.255.255.0,6939
267993,45.167.204.0,255.255.252.0,263444
268047,45.168.4.0,255.255.252.0,22356
268035,45.168.12.0,255.255.252.0,22356
268028,45.168.40.0,255.255.252.0,22356
268037,45.168.48.0,255.255.254.0,22356
268138,45.168.64.0,255.255.252.0,22356
61466,45.168.68.0,255.255.252.0,6939
268081,45.168.73.0,255.255.255.0,22356
268043,45.168.84.0,255.255.252.0,263444
268056,45.168.88.0,255.255.252.0,22356
268057,45.168.108.0,255.255.255.0,22356
268055,45.168.112.0,255.255.254.0,22356
268069,45.168.152.0,255.255.252.0,6939
268101,45.168.156.0,255.255.252.0,22356
268068,45.168.180.0,255.255.252.0,22356
268071,45.168.184.0,255.255.255.0,263444
268083,45.168.204.0,255.255.252.0,263444
268092,45.168.220.0,255.255.252.0,22356
268072,45.168.224.0,255.255.252.0,22356
271745,45.168.228.0,255.255.252.0,22356
268546,45.169.12.0,255.255.255.0,263444
268091,45.169.24.0,255.255.254.0,262355
268113,45.169.32.0,255.255.254.0,22356
268120,45.169.56.0,255.255.254.0,22356
22411,45.169.92.0,255.255.252.0,22356
267790,45.169.98.0,255.255.254.0,22356
268106,45.169.108.0,255.255.252.0,22356
268108,45.169.124.0,255.255.252.0,263444
267745,45.169.163.0,255.255.255.0,6939
48252,45.169.164.0,255.255.252.0,39392
264984,45.169.176.0,255.255.252.0,22356
268131,45.169.188.0,255.255.252.0,22356
268125,45.169.216.0,255.255.254.0,22356
268126,45.169.228.0,255.255.252.0,22356
263114,45.169.237.0,255.255.255.0,39392
268134,45.169.240.0,255.255.252.0,263444
13489,45.169.253.0,255.255.255.0,22356
268145,45.170.16.0,255.255.252.0,22356
6147,45.170.48.0,255.255.252.0,22356
262785,45.170.80.0,255.255.252.0,22356
268156,45.170.88.0,255.255.254.0,39392
268157,45.170.96.0,255.255.252.0,263444
263750,45.170.104.0,255.255.252.0,22356
268158,45.170.112.0,255.255.255.0,263444
268160,45.170.144.0,255.255.252.0,22356
268702,45.170.148.0,255.255.252.0,6939
268155,45.170.152.0,255.255.252.0,6939
269506,45.170.179.0,255.255.255.0,22356
18734,45.170.188.0,255.255.252.0,6939
268171,45.170.196.0,255.255.254.0,39392
268174,45.170.220.0,255.255.254.0,263444
268710,45.170.228.0,255.255.252.0,22356
268182,45.170.236.0,255.255.255.0,263444
268177,45.171.12.0,255.255.252.0,22356
268186,45.171.28.0,255.255.252.0,22356
268747,45.171.40.0,255.255.252.0,22356
268708,45.171.52.0,255.255.255.0,263444
263527,45.171.78.0,255.255.255.0,22356
268705,45.171.92.0,255.255.252.0,263444
268712,45.171.96.0,255.255.255.0,263444
268716,45.171.100.0,255.255.252.0,39392
268876,45.171.122.0,255.255.254.0,22356
268715,45.171.144.0,255.255.252.0,6939
268721,45.171.152.0,255.255.252.0,263444
52862,45.171.172.0,255.255.252.0,6939
268725,45.171.176.0,255.255.252.0,22356
268726,45.171.184.0,255.255.252.0,22356
268730,45.171.196.0,255.255.252.0,22356
268735,45.171.208.0,255.255.252.0,263444
268732,45.171.216.0,255.255.252.0,22356
268746,45.171.228.0,255.255.254.0,22356
268729,45.171.248.0,255.255.252.0,22356
268737,45.171.252.0,255.255.252.0,22356
264619,45.172.19.0,255.255.255.0,22356
268749,45.172.40.0,255.255.252.0,22356
268762,45.172.56.0,255.255.252.0,22356
265234,45.172.68.0,255.255.252.0,22356
268753,45.172.76.0,255.255.252.0,263444
264552,45.172.80.0,255.255.252.0,263444
271253,45.172.96.0,255.255.254.0,39392
268763,45.172.104.0,255.255.252.0,6939
268764,45.172.116.0,255.255.252.0,263444
264800,45.172.141.0,255.255.255.0,22356
28370,45.172.144.0,255.255.252.0,22356
268778,45.172.164.0,255.255.252.0,39392
268786,45.172.168.0,255.255.255.0,263444
268822,45.172.172.0,255.255.254.0,263444
265475,45.172.180.0,255.255.252.0,22356
268795,45.172.196.0,255.255.252.0,263444
268824,45.172.200.0,255.255.255.0,263444
268787,45.172.204.0,255.255.252.0,22356
264100,45.172.208.0,255.255.252.0,22356
268782,45.172.240.0,255.255.252.0,22356
268788,45.173.24.0,255.255.252.0,263444
268789,45.173.28.0,255.255.252.0,22356
268843,45.173.46.0,255.255.255.0,22356
268793,45.173.48.0,255.255.252.0,263444
266003,45.173.64.0,255.255.252.0,263444
268860,45.173.84.0,255.255.252.0,22356
262881,45.173.96.0,255.255.252.0,263444
268809,45.173.100.0,255.255.252.0,22356
268804,45.173.104.0,255.255.254.0,22356
268805,45.173.108.0,255.255.252.0,263444
268811,45.173.124.0,255.255.255.0,263444
268828,45.173.132.0,255.255.254.0,263444
268832,45.173.148.0,255.255.252.0,22356
268815,45.173.152.0,255.255.252.0,263444
268821,45.173.160.0,255.255.254.0,263444
268818,45.173.176.0,255.255.252.0,22356
265432,45.173.180.0,255.255.255.0,263444
267827,45.173.181.0,255.255.255.0,39392
268886,45.173.188.0,255.255.252.0,22356
267809,45.173.196.0,255.255.252.0,6939
267828,45.173.216.0,255.255.255.0,22356
268829,45.173.220.0,255.255.252.0,22356
268835,45.173.224.0,255.255.252.0,22356
268845,45.173.240.0,255.255.252.0,22356
267816,45.173.244.0,255.255.252.0,39392
268841,45.174.0.0,255.255.252.0,22356
268914,45.174.4.0,255.255.252.0,22356
268878,45.174.16.0,255.255.252.0,22356
266806,45.174.20.0,255.255.255.0,39392
263754,45.174.24.0,255.255.255.0,6939
268842,45.174.40.0,255.255.252.0,22356
28428,45.174.45.0,255.255.255.0,6939
265627,45.174.76.0,255.255.252.0,39392
28431,45.174.76.0,255.255.255.0,39392
28387,45.174.84.0,255.255.255.0,6939
263574,45.174.96.0,255.255.254.0,22356
268862,45.174.116.0,255.255.252.0,39392
61712,45.174.120.0,255.255.252.0,6939
28329,45.174.135.0,255.255.255.0,263444
268865,45.174.136.0,255.255.254.0,22356
263047,45.174.140.0,255.255.252.0,22356
268854,45.174.144.0,255.255.255.0,22356
264275,45.174.152.0,255.255.252.0,6939
262530,45.174.164.0,255.255.252.0,262355
268866,45.174.180.0,255.255.252.0,22356
268870,45.174.184.0,255.255.252.0,262355
264562,45.174.188.0,255.255.252.0,22356
271599,45.174.196.0,255.255.254.0,263444
265580,45.174.252.0,255.255.255.0,6939
263998,45.175.0.0,255.255.255.0,22356
268872,45.175.4.0,255.255.255.0,263444
267832,45.175.20.0,255.255.255.0,22356
7049,45.175.21.0,255.255.255.0,22356
268880,45.175.28.0,255.255.252.0,263444
268937,45.175.44.0,255.255.252.0,22356
268890,45.175.76.0,255.255.252.0,263444
53080,45.175.80.0,255.255.252.0,6939
268892,45.175.88.0,255.255.252.0,22356
268907,45.175.96.0,255.255.252.0,22356
268900,45.175.104.0,255.255.252.0,263444
262777,45.175.116.0,255.255.252.0,263444
268897,45.175.128.0,255.255.254.0,263444
268898,45.175.132.0,255.255.252.0,263444
268916,45.175.169.0,255.255.255.0,263444
268323,45.175.188.0,255.255.252.0,22356
268331,45.175.206.0,255.255.255.0,22356
268941,45.175.220.0,255.255.252.0,5405
268913,45.175.228.0,255.255.254.0,22356
265586,45.175.232.0,255.255.252.0,6939
269096,45.175.248.0,255.255.252.0,22356
268924,45.176.0.0,255.255.252.0,6939
268925,45.176.4.0,255.255.252.0,22356
268968,45.176.36.0,255.255.252.0,22356
268935,45.176.64.0,255.255.252.0,22356
268988,45.176.100.0,255.255.252.0,22356
268997,45.176.104.0,255.255.252.0,263444
269035,45.176.112.0,255.255.252.0,39392
268944,45.176.140.0,255.255.252.0,22356
269002,45.176.160.0,255.255.254.0,22356
7004,45.176.166.0,255.255.254.0,39392
268959,45.176.168.0,255.255.252.0,263444
265215,45.176.196.0,255.255.252.0,39392
268954,45.176.216.0,255.255.252.0,263444
268956,45.176.228.0,255.255.252.0,22356
268960,45.176.240.0,255.255.252.0,22356
268961,45.176.246.0,255.255.254.0,263444
268962,45.177.6.0,255.255.254.0,22356
263432,45.177.32.0,255.255.252.0,263444
268979,45.177.44.0,255.255.252.0,263444
19429,45.177.53.0,255.255.255.0,6939
13786,45.177.100.0,255.255.252.0,22356
268991,45.177.116.0,255.255.252.0,22356
269639,45.177.120.0,255.255.252.0,262355
268983,45.177.136.0,255.255.252.0,22356
266520,45.177.140.0,255.255.252.0,22356
264732,45.177.144.0,255.255.252.0,39392
268998,45.177.148.0,255.255.252.0,22356
268985,45.177.152.0,255.255.252.0,22356
269039,45.177.160.0,255.255.252.0,22356
268989,45.177.168.0,255.255.255.0,22356
269038,45.177.172.0,255.255.252.0,22356
272792,45.177.189.0,255.255.255.0,22356
22927,45.177.200.0,255.255.254.0,39392
265205,45.177.222.0,255.255.254.0,22356
269050,45.177.240.0,255.255.252.0,263444
273774,45.177.248.0,255.255.254.0,22356
267882,45.178.0.0,255.255.255.0,22356
267890,45.178.12.0,255.255.252.0,22356
269057,45.178.16.0,255.255.252.0,263444
269015,45.178.20.0,255.255.252.0,22356
269004,45.178.28.0,255.255.252.0,22356
262907,45.178.40.0,255.255.252.0,6939
269090,45.178.76.0,255.255.254.0,263444
269032,45.178.92.0,255.255.252.0,6939
269018,45.178.116.0,255.255.252.0,22356
267003,45.178.120.0,255.255.252.0,262355
263276,45.178.124.0,255.255.252.0,22356
269023,45.178.148.0,255.255.252.0,263444
269046,45.178.152.0,255.255.252.0,22356
269036,45.178.172.0,255.255.252.0,22356
263332,45.178.208.0,255.255.254.0,39392
269044,45.178.232.0,255.255.252.0,22356
269115,45.178.240.0,255.255.254.0,6939
265290,45.179.4.0,255.255.255.0,263444
27648,45.179.13.0,255.255.255.0,39392
269077,45.179.44.0,255.255.252.0,22356
269060,45.179.48.0,255.255.252.0,22356
269053,45.179.52.0,255.255.254.0,263444
265937,45.179.56.0,255.255.252.0,22356
269109,45.179.68.0,255.255.252.0,263444
269068,45.179.80.0,255.255.252.0,22356
263661,45.179.86.0,255.255.254.0,22356
269088,45.179.100.0,255.255.252.0,22356
269075,45.179.108.0,255.255.252.0,22356
269076,45.179.116.0,255.255.252.0,22356
264996,45.179.128.0,255.255.252.0,22356
269089,45.179.144.0,255.255.252.0,6939
269107,45.179.148.0,255.255.255.0,263444
269122,45.179.232.0,255.255.252.0,22356
269194,45.179.236.0,255.255.252.0,6939
269108,45.179.248.0,255.255.255.0,22356
273664,45.179.252.0,255.255.254.0,6939
269131,45.180.56.0,255.255.255.0,22356
269431,45.180.80.0,255.255.254.0,22356
269139,45.180.84.0,255.255.252.0,263444
269128,45.180.96.0,255.255.254.0,22356
269134,45.180.128.0,255.255.252.0,39392
269137,45.180.144.0,255.255.252.0,263444
269138,45.180.148.0,255.255.252.0,263444
269158,45.180.168.0,255.255.252.0,22356
269154,45.180.188.0,255.255.252.0,22356
269146,45.180.192.0,255.255.255.0,22356
269151,45.180.228.0,255.255.252.0,263444
269153,45.180.236.0,255.255.254.0,22356
263250,45.180.252.0,255.255.255.0,22356
269157,45.181.0.0,255.255.252.0,22356
269159,45.181.8.0,255.255.254.0,22356
269177,45.181.16.0,255.255.255.0,22356
268267,45.181.26.0,255.255.255.0,22356
269211,45.181.32.0,255.255.255.0,263444
269172,45.181.52.0,255.255.255.0,22356
269170,45.181.60.0,255.255.255.0,263444
269171,45.181.64.0,255.255.252.0,22356
269178,45.181.80.0,255.255.255.0,263444
269175,45.181.92.0,255.255.252.0,263444
269182,45.181.100.0,255.255.252.0,22356
269180,45.181.104.0,255.255.252.0,22356
269181,45.181.112.0,255.255.255.0,263444
269221,45.181.116.0,255.255.252.0,39392
264765,45.181.128.0,255.255.254.0,6939
269199,45.181.152.0,255.255.252.0,263444
269196,45.181.168.0,255.255.252.0,39392
262503,45.181.228.0,255.255.252.0,22356
269206,45.181.252.0,255.255.252.0,263444
269213,45.182.24.0,255.255.252.0,22356
269267,45.182.56.0,255.255.254.0,22356
269215,45.182.68.0,255.255.252.0,22356
269339,45.182.96.0,255.255.252.0,22356
61597,45.182.104.0,255.255.252.0,22356
269223,45.182.108.0,255.255.252.0,263444
61468,45.182.117.0,255.255.255.0,6939
269229,45.182.136.0,255.255.252.0,22356
269217,45.182.144.0,255.255.254.0,22356
269231,45.182.156.0,255.255.252.0,262355
269235,45.182.196.0,255.255.252.0,263444
269237,45.182.204.0,255.255.252.0,39392
269260,45.182.232.0,255.255.252.0,6939
269243,45.182.240.0,255.255.252.0,6939
269244,45.182.244.0,255.255.254.0,263444
269245,45.182.248.0,255.255.252.0,22356
269249,45.183.0.0,255.255.252.0,22356
269269,45.183.8.0,255.255.252.0,263444
269254,45.183.16.0,255.255.252.0,263444
269255,45.183.24.0,255.255.252.0,22356
269258,45.183.28.0,255.255.252.0,22356
269273,45.183.68.0,255.255.254.0,22356
61663,45.183.70.0,255.255.255.0,22356
269279,45.183.96.0,255.255.252.0,6939
269286,45.183.112.0,255.255.252.0,263444
264223,45.183.116.0,255.255.252.0,263444
267501,45.183.132.0,255.255.255.0,263444
269398,45.183.148.0,255.255.252.0,22356
269278,45.183.160.0,255.255.252.0,262355
271609,45.183.176.0,255.255.254.0,22356
269337,45.183.180.0,255.255.252.0,22356
269298,45.183.188.0,255.255.252.0,263444
269292,45.183.212.0,255.255.252.0,22356
269360,45.183.216.0,255.255.252.0,22356
269295,45.183.236.0,255.255.255.0,263444
269299,45.183.240.0,255.255.252.0,22356
269300,45.183.248.0,255.255.252.0,22356
269307,45.184.8.0,255.255.252.0,6939
269308,45.184.16.0,255.255.252.0,263444
269311,45.184.44.0,255.255.252.0,39392
269314,45.184.48.0,255.255.252.0,263444
269320,45.184.64.0,255.255.255.0,22356
269359,45.184.68.0,255.255.252.0,22356
269322,45.184.76.0,255.255.252.0,263444
269783,45.184.108.0,255.255.252.0,263444
269396,45.184.112.0,255.255.252.0,22356
269329,45.184.128.0,255.255.255.0,263444
269401,45.184.164.0,255.255.252.0,263444
269338,45.184.184.0,255.255.252.0,22356
269354,45.184.200.0,255.255.252.0,6939
269344,45.184.212.0,255.255.252.0,263444
267028,45.184.240.0,255.255.252.0,22356
269351,45.185.0.0,255.255.252.0,22356
269352,45.185.12.0,255.255.252.0,39392
263222,45.185.20.0,255.255.252.0,6939
267458,45.185.24.0,255.255.252.0,22356
264637,45.185.30.0,255.255.255.0,22356
269370,45.185.68.0,255.255.252.0,263444
264170,45.185.72.0,255.255.255.0,22356
269372,45.185.96.0,255.255.254.0,262355
269375,45.185.104.0,255.255.252.0,22356
269376,45.185.132.0,255.255.252.0,22356
264221,45.185.156.0,255.255.252.0,22356
269486,45.185.164.0,255.255.254.0,22356
264420,45.185.167.0,255.255.255.0,22356
269387,45.185.168.0,255.255.252.0,22356
269391,45.185.172.0,255.255.252.0,263444
269553,45.185.192.0,255.255.252.0,22356
269402,45.185.203.0,255.255.255.0,263444
269394,45.185.216.0,255.255.252.0,263444
269433,45.185.228.0,255.255.254.0,22356
28539,45.185.246.0,255.255.255.0,6939
269453,45.186.8.0,255.255.252.0,39392
266514,45.186.40.0,255.255.255.0,22356
269411,45.186.52.0,255.255.254.0,22356
269412,45.186.56.0,255.255.252.0,263444
269416,45.186.80.0,255.255.254.0,22356
269417,45.186.88.0,255.255.252.0,22356
269422,45.186.100.0,255.255.252.0,263444
269420,45.186.116.0,255.255.252.0,22356
269423,45.186.120.0,255.255.252.0,6939
269499,45.186.156.0,255.255.252.0,263444
269500,45.186.160.0,255.255.252.0,22356
269444,45.186.164.0,255.255.254.0,263444
269518,45.186.172.0,255.255.252.0,263444
269434,45.186.188.0,255.255.252.0,22356
263703,45.186.208.0,255.255.255.0,22356
269454,45.186.216.0,255.255.252.0,22356
269437,45.186.220.0,255.255.252.0,22356
269439,45.186.228.0,255.255.252.0,263444
269826,45.186.252.0,255.255.252.0,39392
269483,45.187.20.0,255.255.252.0,22356
269524,45.187.32.0,255.255.252.0,6939
269484,45.187.40.0,255.255.252.0,22356
269470,45.187.72.0,255.255.252.0,263444
269589,45.187.84.0,255.255.252.0,22356
269829,45.187.92.0,255.255.252.0,6939
269462,45.187.96.0,255.255.252.0,263444
271322,45.187.116.0,255.255.254.0,22356
269466,45.187.128.0,255.255.252.0,22356
263495,45.187.136.0,255.255.252.0,22356
269467,45.187.140.0,255.255.252.0,263444
266435,45.187.164.0,255.255.252.0,22356
269473,45.187.168.0,255.255.254.0,22356
269474,45.187.172.0,255.255.252.0,22356
269475,45.187.176.0,255.255.252.0,22356
269554,45.187.212.0,255.255.252.0,263444
269488,45.187.228.0,255.255.252.0,22356
266207,45.187.232.0,255.255.252.0,39392
263945,45.188.24.0,255.255.252.0,6939
269531,45.188.44.0,255.255.255.0,6939
269522,45.188.64.0,255.255.252.0,22356
269523,45.188.68.0,255.255.252.0,6939
269517,45.188.72.0,255.255.252.0,22356
269527,45.188.88.0,255.255.252.0,6939
269512,45.188.104.0,255.255.252.0,39392
53005,45.188.120.0,255.255.252.0,263444
265606,45.188.124.0,255.255.252.0,39392
52496,45.188.136.0,255.255.252.0,39392
269536,45.188.144.0,255.255.254.0,263444
265335,45.188.148.0,255.255.255.0,22356
61917,45.188.152.0,255.255.252.0,22356
269535,45.188.176.0,255.255.252.0,22356
269530,45.188.184.0,255.255.255.0,22356
52842,45.188.196.0,255.255.254.0,263444
269562,45.188.218.0,255.255.255.0,39392
264744,45.188.232.0,255.255.255.0,22356
269595,45.188.236.0,255.255.252.0,263444
269561,45.188.240.0,255.255.254.0,22356
269557,45.189.4.0,255.255.252.0,22356
269563,45.189.8.0,255.255.252.0,22356
269548,45.189.16.0,255.255.252.0,22356
269649,45.189.20.0,255.255.252.0,39392
269558,45.189.28.0,255.255.252.0,22356
269570,45.189.40.0,255.255.252.0,6939
266389,45.189.52.0,255.255.252.0,6939
269572,45.189.68.0,255.255.252.0,263444
269574,45.189.88.0,255.255.252.0,22356
264169,45.189.168.0,255.255.255.0,22356
264598,45.189.221.0,255.255.255.0,22356
269611,45.189.224.0,255.255.252.0,22356
269604,45.189.240.0,255.255.252.0,22356
269616,45.190.4.0,255.255.254.0,22356
269608,45.190.20.0,255.255.252.0,6939
269632,45.190.28.0,255.255.252.0,22356
52648,45.190.48.0,255.255.252.0,22356
269627,45.190.52.0,255.255.252.0,22356
265023,45.190.56.0,255.255.252.0,22356
269640,45.190.68.0,255.255.252.0,39392
269626,45.190.108.0,255.255.252.0,22356
28656,45.190.116.0,255.255.252.0,263444
269634,45.190.120.0,255.255.252.0,22356
269663,45.190.156.0,255.255.252.0,22356
269657,45.190.160.0,255.255.252.0,39392
269675,45.190.171.0,255.255.255.0,263444
269646,45.190.252.0,255.255.252.0,22356
269698,45.191.8.0,255.255.252.0,263444
269664,45.191.20.0,255.255.254.0,263444
269659,45.191.24.0,255.255.252.0,22356
269668,45.191.28.0,255.255.252.0,22356
269665,45.191.32.0,255.255.252.0,22356
269667,45.191.60.0,255.255.252.0,263444
269678,45.191.68.0,255.255.252.0,22356
265417,45.191.72.0,255.255.254.0,263444
264514,45.191.128.0,255.255.252.0,22356
269673,45.191.136.0,255.255.252.0,6939
269674,45.191.140.0,255.255.252.0,22356
269683,45.191.172.0,255.255.252.0,263444
269684,45.191.204.0,255.255.252.0,22356
269688,45.191.216.0,255.255.252.0,22356
270240,45.191.240.0,255.255.252.0,263444
269701,45.191.248.0,255.255.255.0,22356
132537,45.192.22.0,255.255.254.0,6939
328608,45.192.128.0,255.255.224.0,6939
139057,45.192.128.0,255.255.255.0,24482
52925,45.194.42.0,255.255.255.0,22356
137184,45.194.55.0,255.255.255.0,6939
54801,45.194.85.0,255.255.255.0,6939
137263,45.195.16.0,255.255.248.0,6939
18233,45.195.28.0,255.255.252.0,6939
132585,45.195.58.0,255.255.254.0,5405
139811,45.195.61.0,255.255.255.0,5405
51142,45.195.139.0,255.255.255.0,6939
26617,45.195.146.0,255.255.255.0,22356
39600,45.195.156.0,255.255.252.0,6939
137996,45.196.153.0,255.255.255.0,6939
152599,45.196.243.0,255.255.255.0,24482
150000,45.197.141.0,255.255.255.0,6939
134365,45.197.144.0,255.255.248.0,5405
153526,45.197.152.0,255.255.252.0,6939
141109,45.198.6.0,255.255.254.0,6939
132566,45.198.238.0,255.255.254.0,5405
140401,45.198.249.0,255.255.255.0,6939
140659,45.199.128.0,255.255.255.0,6939
139646,45.200.32.0,255.255.224.0,6939
131618,45.200.132.0,255.255.255.0,22356
142629,45.202.71.0,255.255.255.0,6939
133448,45.204.19.0,255.255.255.0,6939
137510,45.204.68.0,255.255.255.0,6939
327901,45.220.0.0,255.255.224.0,6939
328107,45.220.52.0,255.255.252.0,6939
328112,45.220.56.0,255.255.248.0,6939
327892,45.221.12.0,255.255.252.0,6939
328114,45.221.26.0,255.255.255.0,39392
328106,45.221.48.0,255.255.255.0,6939
37027,45.221.72.0,255.255.248.0,6939
138968,45.221.120.0,255.255.248.0,6939
327943,45.221.208.0,255.255.252.0,6939
37652,45.221.212.0,255.255.252.0,22356
327750,45.221.216.0,255.255.248.0,6939
327849,45.222.0.0,255.255.224.0,6939
328039,45.222.32.0,255.255.240.0,6939
37640,45.222.64.0,255.255.224.0,6939
328041,45.222.104.0,255.255.248.0,5405
328422,45.222.112.0,255.255.240.0,6939
267636,45.224.24.0,255.255.252.0,22356
267637,45.224.36.0,255.255.252.0,22356
267641,45.224.40.0,255.255.252.0,263444
52327,45.224.52.0,255.255.255.0,22356
267647,45.224.56.0,255.255.252.0,22356
267668,45.224.72.0,255.255.252.0,6939
271315,45.224.120.0,255.255.255.0,263444
266923,45.224.172.0,255.255.252.0,39392
267086,45.224.185.0,255.255.255.0,22356
267670,45.224.187.0,255.255.255.0,263444
267669,45.224.192.0,255.255.252.0,22356
267665,45.224.204.0,255.255.252.0,39392
267666,45.224.208.0,255.255.252.0,22356
61592,45.224.216.0,255.255.252.0,22356
267675,45.224.236.0,255.255.252.0,22356
266925,45.224.244.0,255.255.252.0,263444
266926,45.225.20.0,255.255.252.0,39392
266921,45.225.36.0,255.255.252.0,263444
271437,45.225.80.0,255.255.254.0,263444
266933,45.225.108.0,255.255.252.0,263444
266934,45.225.116.0,255.255.252.0,6939
266935,45.225.120.0,255.255.254.0,6939
266936,45.225.124.0,255.255.255.0,39392
266938,45.225.140.0,255.255.255.0,39392
266960,45.225.154.0,255.255.254.0,6939
266959,45.225.164.0,255.255.252.0,39392
266951,45.225.176.0,255.255.252.0,22356
265440,45.225.180.0,255.255.254.0,39392
37468,45.225.188.0,255.255.252.0,6939
266948,45.225.192.0,255.255.252.0,22356
265852,45.225.212.0,255.255.252.0,22356
266964,45.225.232.0,255.255.252.0,22356
270417,45.225.244.0,255.255.252.0,263444
266952,45.225.252.0,255.255.252.0,22356
267032,45.226.12.0,255.255.252.0,263444
266975,45.226.36.0,255.255.254.0,22356
266986,45.226.40.0,255.255.252.0,22356
266961,45.226.72.0,255.255.252.0,263444
266984,45.226.76.0,255.255.252.0,22356
266989,45.226.80.0,255.255.252.0,22356
266992,45.226.92.0,255.255.252.0,263444
267020,45.226.96.0,255.255.254.0,22356
267013,45.226.104.0,255.255.252.0,22356
28210,45.226.116.0,255.255.252.0,263444
266962,45.226.124.0,255.255.254.0,22356
266996,45.226.128.0,255.255.254.0,22356
263935,45.226.136.0,255.255.255.0,22356
266967,45.226.138.0,255.255.254.0,22356
266968,45.226.148.0,255.255.252.0,22356
266969,45.226.152.0,255.255.252.0,22356
64108,45.226.168.0,255.255.255.0,6939
52328,45.226.174.0,255.255.254.0,22356
265864,45.226.180.0,255.255.252.0,263444
266213,45.226.183.0,255.255.255.0,262355
266786,45.226.184.0,255.255.254.0,39392
61868,45.226.192.0,255.255.252.0,263444
263478,45.226.232.0,255.255.252.0,263444
267049,45.227.6.0,255.255.254.0,39392
267079,45.227.44.0,255.255.254.0,263444
267016,45.227.56.0,255.255.252.0,22356
271452,45.227.64.0,255.255.254.0,22356
267055,45.227.76.0,255.255.252.0,22356
273309,45.227.84.0,255.255.252.0,6939
267069,45.227.96.0,255.255.252.0,263444
267023,45.227.108.0,255.255.255.0,22356
267024,45.227.112.0,255.255.255.0,263444
267011,45.227.116.0,255.255.252.0,22356
53047,45.227.120.0,255.255.252.0,22356
271733,45.227.124.0,255.255.254.0,263444
267113,45.227.140.0,255.255.252.0,22356
267035,45.227.148.0,255.255.254.0,263444
267033,45.227.184.0,255.255.252.0,22356
263665,45.227.188.0,255.255.252.0,22356
267711,45.227.216.0,255.255.252.0,22356
271704,45.227.228.0,255.255.252.0,22356
267038,45.227.248.0,255.255.254.0,22356
267039,45.228.4.0,255.255.252.0,22356
52705,45.228.24.0,255.255.255.0,262355
267088,45.228.28.0,255.255.252.0,22356
267101,45.228.32.0,255.255.252.0,22356
262468,45.228.48.0,255.255.252.0,6939
266674,45.228.72.0,255.255.252.0,22356
266682,45.228.76.0,255.255.252.0,22356
267059,45.228.108.0,255.255.252.0,22356
267060,45.228.112.0,255.255.252.0,22356
267081,45.228.116.0,255.255.252.0,263444
267071,45.228.124.0,255.255.252.0,6939
266673,45.228.136.0,255.255.252.0,6939
267102,45.228.140.0,255.255.252.0,22356
267078,45.228.148.0,255.255.252.0,22356
267074,45.228.168.0,255.255.254.0,39392
267117,45.228.196.0,255.255.252.0,263444
267076,45.228.204.0,255.255.252.0,39392
267125,45.228.236.0,255.255.252.0,22356
267083,45.228.244.0,255.255.252.0,22356
267123,45.229.8.0,255.255.252.0,22356
23243,45.229.40.0,255.255.255.0,22356
267124,45.229.52.0,255.255.252.0,22356
266698,45.229.72.0,255.255.255.0,6939
267106,45.229.88.0,255.255.252.0,39392
267115,45.229.112.0,255.255.254.0,22356
267114,45.229.120.0,255.255.252.0,22356
266715,45.229.137.0,255.255.255.0,6939
266211,45.229.164.0,255.255.252.0,22356
52630,45.229.176.0,255.255.252.0,39392
266721,45.229.204.0,255.255.252.0,39392
28327,45.229.208.0,255.255.252.0,39392
267135,45.229.228.0,255.255.252.0,22356
267142,45.229.240.0,255.255.252.0,263444
64109,45.230.34.0,255.255.254.0,6939
271869,45.230.38.0,255.255.254.0,6939
267146,45.230.40.0,255.255.252.0,22356
267150,45.230.56.0,255.255.252.0,263444
266702,45.230.64.0,255.255.255.0,22356
267158,45.230.68.0,255.255.252.0,22356
266703,45.230.80.0,255.255.255.0,39392
267174,45.230.92.0,255.255.252.0,22356
267160,45.230.96.0,255.255.252.0,22356
61589,45.230.108.0,255.255.255.0,22356
263297,45.230.116.0,255.255.252.0,22356
267157,45.230.120.0,255.255.252.0,22356
267161,45.230.136.0,255.255.252.0,22356
267163,45.230.144.0,255.255.252.0,22356
267186,45.230.152.0,255.255.252.0,22356
267164,45.230.156.0,255.255.252.0,22356
267197,45.230.192.0,255.255.252.0,39392
266716,45.230.196.0,255.255.252.0,39392
267175,45.230.212.0,255.255.252.0,22356
267184,45.230.220.0,255.255.254.0,22356
267209,45.230.224.0,255.255.252.0,39392
267244,45.231.6.0,255.255.254.0,22356
267191,45.231.16.0,255.255.252.0,6939
267188,45.231.28.0,255.255.252.0,39392
265524,45.231.40.0,255.255.252.0,6939
28098,45.231.48.0,255.255.255.0,6939
263779,45.231.52.0,255.255.255.0,22356
267202,45.231.68.0,255.255.252.0,22356
267205,45.231.88.0,255.255.255.0,263444
267192,45.231.96.0,255.255.252.0,22356
267236,45.231.100.0,255.255.252.0,263444
267195,45.231.112.0,255.255.252.0,22356
267207,45.231.116.0,255.255.252.0,22356
267212,45.231.132.0,255.255.252.0,22356
267199,45.231.140.0,255.255.252.0,22356
267217,45.231.180.0,255.255.252.0,263444
267232,45.231.200.0,255.255.255.0,22356
267219,45.231.212.0,255.255.254.0,22356
266768,45.231.214.0,255.255.254.0,6939
266735,45.231.224.0,255.255.252.0,6939
267229,45.231.244.0,255.255.252.0,6939
267237,45.231.252.0,255.255.252.0,22356
267248,45.232.20.0,255.255.252.0,263444
267301,45.232.24.0,255.255.252.0,22356
52341,45.232.32.0,255.255.252.0,6939
267256,45.232.48.0,255.255.255.0,6939
267267,45.232.64.0,255.255.252.0,22356
267251,45.232.72.0,255.255.252.0,22356
267252,45.232.76.0,255.255.252.0,22356
271254,45.232.84.0,255.255.252.0,6939
266753,45.232.96.0,255.255.252.0,6939
11830,45.232.119.0,255.255.255.0,22356
267264,45.232.124.0,255.255.252.0,22356
267321,45.232.136.0,255.255.252.0,6939
267270,45.232.156.0,255.255.252.0,22356
266759,45.232.164.0,255.255.255.0,6939
267279,45.232.196.0,255.255.252.0,22356
263980,45.232.200.0,255.255.252.0,22356
61614,45.232.212.0,255.255.252.0,263444
267277,45.232.220.0,255.255.252.0,263444
267278,45.232.224.0,255.255.252.0,22356
265548,45.232.252.0,255.255.252.0,39392
267288,45.233.16.0,255.255.252.0,263444
267298,45.233.24.0,255.255.254.0,263444
267294,45.233.48.0,255.255.252.0,22356
267299,45.233.52.0,255.255.252.0,22356
267289,45.233.56.0,255.255.252.0,263444
22798,45.233.68.0,255.255.252.0,39392
268192,45.233.82.0,255.255.254.0,22356
267306,45.233.96.0,255.255.254.0,22356
267318,45.233.136.0,255.255.252.0,263444
267313,45.233.144.0,255.255.252.0,263444
267319,45.233.156.0,255.255.254.0,6939
267320,45.233.164.0,255.255.252.0,263444
267372,45.233.172.0,255.255.255.0,263444
267325,45.233.176.0,255.255.252.0,22356
267347,45.233.180.0,255.255.254.0,263444
267348,45.233.188.0,255.255.252.0,22356
267397,45.233.204.0,255.255.252.0,263444
274665,45.233.212.0,255.255.255.0,39392
267332,45.233.244.0,255.255.254.0,22356
53065,45.233.248.0,255.255.252.0,262355
267334,45.233.252.0,255.255.252.0,22356
267408,45.234.8.0,255.255.255.0,263444
264270,45.234.24.0,255.255.252.0,22356
266769,45.234.32.0,255.255.252.0,39392
28669,45.234.40.0,255.255.252.0,22356
267343,45.234.44.0,255.255.252.0,22356
267363,45.234.68.0,255.255.252.0,263444
267345,45.234.80.0,255.255.252.0,22356
267355,45.234.92.0,255.255.255.0,22356
267401,45.234.96.0,255.255.252.0,263444
267357,45.234.104.0,255.255.252.0,22356
266772,45.234.116.0,255.255.252.0,22356
266356,45.234.136.0,255.255.252.0,22356
267383,45.234.144.0,255.255.255.0,22356
267367,45.234.148.0,255.255.252.0,22356
22860,45.234.156.0,255.255.255.0,39392
266793,45.234.160.0,255.255.255.0,22356
267378,45.234.192.0,255.255.252.0,22356
267373,45.234.212.0,255.255.252.0,22356
267386,45.234.236.0,255.255.252.0,22356
267387,45.234.244.0,255.255.254.0,22356
267389,45.234.252.0,255.255.252.0,22356
267390,45.235.0.0,255.255.252.0,22356
267398,45.235.20.0,255.255.252.0,39392
267407,45.235.28.0,255.255.252.0,22356
267399,45.235.32.0,255.255.252.0,22356
266779,45.235.36.0,255.255.252.0,6939
268200,45.235.44.0,255.255.252.0,22356
267412,45.235.64.0,255.255.252.0,22356
268209,45.235.68.0,255.255.254.0,22356
52532,45.235.80.0,255.255.252.0,22356
264848,45.235.88.0,255.255.255.0,39392
268190,45.235.112.0,255.255.255.0,6939
268196,45.235.124.0,255.255.254.0,22356
268197,45.235.144.0,255.255.252.0,22356
268202,45.235.148.0,255.255.252.0,6939
267418,45.235.152.0,255.255.252.0,22356
267419,45.235.156.0,255.255.252.0,22356
61621,45.235.160.0,255.255.252.0,22356
268191,45.235.176.0,255.255.252.0,263444
268199,45.235.196.0,255.255.252.0,22356
268214,45.235.208.0,255.255.252.0,263444
268201,45.235.216.0,255.255.252.0,22356
265550,45.235.252.0,255.255.255.0,6939
268210,45.236.4.0,255.255.252.0,263444
272274,45.236.18.0,255.255.254.0,263444
268222,45.236.20.0,255.255.252.0,22356
268221,45.236.52.0,255.255.252.0,22356
268224,45.236.64.0,255.255.252.0,39392
61832,45.236.68.0,255.255.255.0,22356
271478,45.236.72.0,255.255.254.0,263444
268231,45.236.108.0,255.255.252.0,263444
268234,45.236.112.0,255.255.252.0,263444
268235,45.236.116.0,255.255.252.0,39392
262256,45.236.164.0,255.255.255.0,22356
263681,45.236.172.0,255.255.254.0,39392
266803,45.236.184.0,255.255.252.0,6939
268351,45.236.188.0,255.255.254.0,22356
268243,45.236.200.0,255.255.252.0,263444
268251,45.236.208.0,255.255.255.0,22356
268246,45.236.212.0,255.255.252.0,22356
268249,45.236.224.0,255.255.252.0,263444
268253,45.236.248.0,255.255.252.0,22356
268252,45.236.252.0,255.255.252.0,263444
268330,45.237.0.0,255.255.255.0,22356
52318,45.237.52.0,255.255.254.0,39392
61591,45.237.72.0,255.255.252.0,22356
268268,45.237.96.0,255.255.252.0,22356
268285,45.237.112.0,255.255.252.0,22356
268272,45.237.120.0,255.255.252.0,6939
265041,45.237.148.0,255.255.252.0,22356
268283,45.237.180.0,255.255.252.0,263444
268288,45.237.192.0,255.255.252.0,22356
268289,45.237.200.0,255.255.252.0,263444
268303,45.237.212.0,255.255.254.0,22356
268307,45.237.240.0,255.255.252.0,263444
268296,45.237.244.0,255.255.252.0,39392
266830,45.238.20.0,255.255.252.0,6939
268337,45.238.24.0,255.255.252.0,39392
268311,45.238.40.0,255.255.252.0,22356
268312,45.238.44.0,255.255.254.0,22356
268321,45.238.64.0,255.255.252.0,22356
268319,45.238.76.0,255.255.252.0,22356
268320,45.238.92.0,255.255.252.0,263444
52320,45.238.96.0,255.255.252.0,6939
53230,45.238.128.0,255.255.252.0,22356
262587,45.238.136.0,255.255.252.0,22356
266188,45.238.148.0,255.255.252.0,22356
266844,45.238.152.0,255.255.252.0,6939
265703,45.238.177.0,255.255.255.0,6939
266860,45.238.180.0,255.255.255.0,6939
268350,45.238.232.0,255.255.252.0,263444
268344,45.238.244.0,255.255.252.0,263444
268349,45.239.4.0,255.255.255.0,263444
268346,45.239.12.0,255.255.252.0,22356
268374,45.239.24.0,255.255.252.0,22356
266871,45.239.36.0,255.255.254.0,22356
268375,45.239.40.0,255.255.252.0,22356
268355,45.239.72.0,255.255.252.0,22356
268384,45.239.80.0,255.255.254.0,22356
61942,45.239.100.0,255.255.252.0,6939
14259,45.239.112.0,255.255.255.0,22356
268460,45.239.113.0,255.255.255.0,6939
266850,45.239.116.0,255.255.255.0,22356
266863,45.239.128.0,255.255.255.0,6939
268372,45.239.148.0,255.255.252.0,22356
268359,45.239.156.0,255.255.252.0,263444
268357,45.239.164.0,255.255.252.0,22356
273593,45.239.176.0,255.255.254.0,263444
268385,45.239.180.0,255.255.252.0,263444
268468,45.239.200.0,255.255.252.0,6939
61805,45.239.224.0,255.255.252.0,263444
268390,45.239.236.0,255.255.254.0,22356
137127,45.248.16.0,255.255.255.0,5405
134697,45.248.48.0,255.255.252.0,39392
136334,45.248.64.0,255.255.255.0,39392
9270,45.248.72.0,255.255.252.0,6939
134732,45.248.148.0,255.255.252.0,6939
149617,45.248.188.0,255.255.255.0,5405
135259,45.248.192.0,255.255.252.0,6939
140951,45.248.200.0,255.255.255.0,6939
17747,45.249.84.0,255.255.252.0,5405
134090,45.249.116.0,255.255.252.0,6939
137702,45.249.208.0,255.255.255.0,6939
140031,45.249.216.0,255.255.255.0,6939
152027,45.249.224.0,255.255.254.0,24482
35829,45.250.60.0,255.255.252.0,6939
135036,45.250.68.0,255.255.252.0,5405
146806,45.250.152.0,255.255.254.0,6939
135423,45.250.156.0,255.255.252.0,6939
135061,45.250.188.0,255.255.255.0,6939
133232,45.250.225.0,255.255.255.0,5405
55769,45.250.236.0,255.255.252.0,6939
135433,45.250.240.0,255.255.252.0,6939
135795,45.250.251.0,255.255.255.0,39392
38511,45.251.4.0,255.255.252.0,24482
135247,45.251.32.0,255.255.255.0,6939
134325,45.251.36.0,255.255.252.0,39392
55406,45.251.56.0,255.255.252.0,6939
135872,45.251.68.0,255.255.255.0,5405
131711,45.251.72.0,255.255.252.0,6939
135356,45.251.104.0,255.255.255.0,5405
135253,45.251.116.0,255.255.255.0,5405
151624,45.251.128.0,255.255.252.0,39392
59362,45.251.228.0,255.255.252.0,6939
135212,45.252.76.0,255.255.254.0,6939
13896,45.252.184.0,255.255.254.0,5405
63760,45.252.248.0,255.255.252.0,6939
17497,45.253.244.0,255.255.255.0,5405
139750,45.253.248.0,255.255.255.0,6939
152320,45.254.25.0,255.255.255.0,22356
135580,45.255.252.0,255.255.252.0,6939
49304,46.3.24.0,255.255.248.0,5405
60592,46.8.8.0,255.255.255.0,6939
204490,46.8.18.0,255.255.254.0,6939
204684,46.8.28.0,255.255.255.0,6939
208825,46.8.32.0,255.255.255.0,6939
39442,46.8.33.0,255.255.255.0,6939
202297,46.8.42.0,255.255.255.0,39392
43330,46.8.46.0,255.255.255.0,5405
205569,46.8.50.0,255.255.254.0,6939
207952,46.8.104.0,255.255.255.0,6939
211399,46.8.140.0,255.255.255.0,6939
204735,46.8.144.0,255.255.254.0,6939
201179,46.8.149.0,255.255.255.0,6939
212999,46.8.150.0,255.255.255.0,6939
49357,46.8.159.0,255.255.255.0,6939
212487,46.8.219.0,255.255.255.0,6939
203493,46.8.251.0,255.255.255.0,6939
205132,46.10.179.0,255.255.255.0,5405
15735,46.11.0.0,255.255.0.0,39392
1241,46.12.0.0,255.255.0.0,39392
12929,46.15.0.0,255.255.0.0,39392
51551,46.16.0.0,255.255.248.0,6939
197712,46.16.56.0,255.255.248.0,6939
52030,46.16.88.0,255.255.252.0,39392
51504,46.16.112.0,255.255.248.0,39392
44430,46.16.120.0,255.255.248.0,39392
51878,46.16.144.0,255.255.252.0,6939
50020,46.16.192.0,255.255.248.0,4455
207758,46.16.200.0,255.255.252.0,6939
44391,46.16.224.0,255.255.255.0,6939
44136,46.16.232.0,255.255.248.0,6939
20741,46.17.16.0,255.255.248.0,39392
51675,46.17.112.0,255.255.248.0,5405
51055,46.17.160.0,255.255.248.0,39392
49675,46.17.200.0,255.255.255.0,6939
59455,46.17.208.0,255.255.248.0,39392
214770,46.17.216.0,255.255.255.0,5405
8387,46.17.224.0,255.255.248.0,1764
44628,46.17.240.0,255.255.252.0,6939
47253,46.18.16.0,255.255.255.0,6939
51708,46.18.24.0,255.255.248.0,6939
203148,46.18.32.0,255.255.255.0,39392
34156,46.18.56.0,255.255.248.0,39392
35665,46.18.96.0,255.255.255.0,39392
60345,46.18.110.0,255.255.255.0,5405
196749,46.18.136.0,255.255.248.0,6939
35328,46.18.144.0,255.255.248.0,1764
6738,46.18.192.0,255.255.255.0,39392
48479,46.18.200.0,255.255.255.0,6939
51785,46.18.248.0,255.255.248.0,6939
58123,46.19.4.0,255.255.255.0,5405
51790,46.19.8.0,255.255.254.0,6939
43994,46.19.40.0,255.255.255.0,6939
8723,46.19.120.0,255.255.254.0,39392
39271,46.19.128.0,255.255.248.0,39392
25593,46.19.176.0,255.255.248.0,8218
39102,46.19.184.0,255.255.248.0,6939
2588,46.19.200.0,255.255.248.0,209531
51865,46.19.208.0,255.255.248.0,39392
201783,46.19.215.0,255.255.255.0,39392
29170,46.19.224.0,255.255.248.0,5405
20681,46.19.248.0,255.255.248.0,6939
28785,46.20.49.0,255.255.255.0,39392
49909,46.20.128.0,255.255.240.0,6939
204106,46.20.202.0,255.255.254.0,6939
8544,46.21.48.0,255.255.240.0,39392
35184,46.21.128.0,255.255.240.0,39392
42755,46.21.160.0,255.255.240.0,39392
39288,46.21.208.0,255.255.240.0,39392
39122,46.22.128.0,255.255.240.0,39392
42927,46.22.160.0,255.255.255.0,39392
197615,46.22.166.0,255.255.255.0,5405
208892,46.22.171.0,255.255.255.0,39392
49785,46.22.174.0,255.255.255.0,39392
29396,46.22.176.0,255.255.254.0,39392
24586,46.22.180.0,255.255.252.0,39392
211995,46.22.225.0,255.255.255.0,5405
42514,46.22.240.0,255.255.240.0,6939
197441,46.23.0.0,255.255.240.0,39392
24651,46.23.32.0,255.255.240.0,6939
60131,46.23.80.0,255.255.240.0,39392
49747,46.23.111.0,255.255.255.0,6939
60822,46.23.192.0,255.255.248.0,39392
215029,46.27.195.0,255.255.255.0,6939
51300,46.28.24.0,255.255.248.0,39392
16024,46.28.32.0,255.255.248.0,5405
35205,46.28.80.0,255.255.248.0,5405
47927,46.28.120.0,255.255.248.0,6939
51326,46.28.168.0,255.255.248.0,6939
42339,46.28.224.0,255.255.248.0,6939
12905,46.29.1.0,255.255.255.0,6939
197204,46.29.8.0,255.255.248.0,6939
197226,46.29.16.0,255.255.248.0,5405
29262,46.29.26.0,255.255.255.0,5405
29394,46.29.40.0,255.255.248.0,39392
197235,46.29.72.0,255.255.248.0,6939
34086,46.29.96.0,255.255.248.0,39392
6878,46.29.96.0,255.255.255.0,39392
199669,46.29.118.0,255.255.254.0,6939
62214,46.29.136.0,255.255.248.0,39392
51437,46.29.152.0,255.255.255.0,6939
20746,46.29.200.0,255.255.248.0,6939
51200,46.29.232.0,255.255.254.0,6939
35266,46.30.8.0,255.255.248.0,39392
20694,46.30.24.0,255.255.252.0,5405
43503,46.30.80.0,255.255.248.0,5405
51978,46.30.112.0,255.255.248.0,39392
196881,46.30.137.0,255.255.255.0,39392
43070,46.30.144.0,255.255.248.0,39392
25521,46.30.160.0,255.255.248.0,5405
39444,46.30.200.0,255.255.248.0,6939
47254,46.30.219.0,255.255.255.0,6939
51764,46.31.0.0,255.255.248.0,6939
198089,46.31.8.0,255.255.248.0,6939
29124,46.31.24.0,255.255.248.0,6939
44141,46.31.40.0,255.255.248.0,39392
197267,46.31.56.0,255.255.248.0,39392
208744,46.31.64.0,255.255.255.0,6939
207459,46.31.76.0,255.255.255.0,5405
51722,46.31.78.0,255.255.255.0,5405
196987,46.31.88.0,255.255.248.0,39392
25148,46.31.184.0,255.255.252.0,39392
48416,46.32.64.0,255.255.252.0,6939
204151,46.32.144.0,255.255.248.0,39392
205547,46.32.168.0,255.255.255.0,5405
209360,46.32.177.0,255.255.255.0,5405
211501,46.33.27.0,255.255.255.0,4455
31593,46.33.32.0,255.255.248.0,6939
44668,46.33.44.0,255.255.252.0,6939
702,46.34.64.0,255.255.224.0,39392
31430,46.34.144.0,255.255.254.0,6939
15599,46.34.152.0,255.255.255.0,6939
12931,46.35.48.0,255.255.240.0,39392
199226,46.35.96.0,255.255.240.0,39392
21230,46.35.160.0,255.255.255.0,4455
25206,46.35.170.0,255.255.255.0,4455
49101,46.36.32.0,255.255.224.0,39392
8932,46.36.124.0,255.255.252.0,5405
39824,46.36.128.0,255.255.254.0,6939
16178,46.36.160.0,255.255.224.0,6939
48854,46.36.204.0,255.255.252.0,39392
51918,46.37.32.0,255.255.224.0,6939
29449,46.37.224.0,255.255.224.0,39392
52201,46.38.48.0,255.255.248.0,6939
8752,46.38.96.0,255.255.224.0,6939
34837,46.38.129.0,255.255.255.0,6939
211162,46.38.134.0,255.255.255.0,6939
50821,46.39.96.0,255.255.224.0,39392
12824,46.41.128.0,255.255.192.0,39392
57363,46.42.186.0,255.255.255.0,6939
44347,46.43.192.0,255.255.192.0,6939
51515,46.45.0.0,255.255.252.0,6939
51484,46.45.64.0,255.255.192.0,6939
201091,46.45.116.0,255.255.255.0,6939
12683,46.45.192.0,255.255.192.0,6939
44724,46.46.0.0,255.255.252.0,6939
48045,46.46.64.0,255.255.192.0,5405
29470,46.46.128.0,255.255.224.0,39392
197298,46.47.0.0,255.255.192.0,6939
30764,46.47.128.0,255.255.192.0,39392
20632,46.47.192.0,255.255.192.0,6939
21487,46.48.128.0,255.255.240.0,6939
43987,46.49.132.0,255.255.255.0,39392
205820,46.53.196.0,255.255.255.0,6939
51582,46.55.128.0,255.255.192.0,6939
34841,46.55.208.0,255.255.248.0,39392
25106,46.56.40.0,255.255.248.0,6939
8437,46.57.0.0,255.255.128.0,1764
51784,46.63.0.0,255.255.192.0,6939
12297,46.71.0.0,255.255.0.0,39392
21246,46.99.0.0,255.255.0.0,5405
20912,46.102.96.0,255.255.252.0,39392
56885,46.102.109.0,255.255.255.0,39392
215234,46.102.118.0,255.255.254.0,39392
39756,46.102.248.0,255.255.255.0,5405
48881,46.102.254.0,255.255.255.0,39392
12578,46.109.0.0,255.255.0.0,39392
30600,46.110.0.0,255.255.0.0,39392
2854,46.111.0.0,255.255.0.0,6939
21283,46.122.0.0,255.254.0.0,5405
43733,46.130.0.0,255.255.0.0,6939
21395,46.134.192.0,255.255.224.0,39392
49524,46.141.0.0,255.255.128.0,39392
35491,46.148.64.0,255.255.240.0,5405
51175,46.148.80.0,255.255.240.0,5405
48940,46.148.96.0,255.255.240.0,6939
48659,46.148.144.0,255.255.240.0,5405
48000,46.148.248.0,255.255.254.0,6939
30922,46.148.252.0,255.255.255.0,6939
51973,46.149.32.0,255.255.240.0,6939
51993,46.149.48.0,255.255.254.0,5405
34814,46.149.80.0,255.255.240.0,6939
49830,46.149.101.0,255.255.255.0,6939
208059,46.149.109.0,255.255.255.0,5405
35598,46.149.110.0,255.255.255.0,6939
52092,46.149.112.0,255.255.240.0,39392
197503,46.149.144.0,255.255.240.0,5405
56911,46.149.168.0,255.255.252.0,39392
52195,46.149.208.0,255.255.240.0,6939
52175,46.149.224.0,255.255.240.0,6939
35575,46.149.240.0,255.255.240.0,39392
47513,46.150.0.0,255.255.224.0,6939
25229,46.150.64.0,255.255.255.0,39392
49106,46.150.160.0,255.255.224.0,6939
57213,46.151.72.0,255.255.248.0,39392
197418,46.151.112.0,255.255.248.0,6939
197437,46.151.136.0,255.255.248.0,5405
50473,46.151.152.0,255.255.248.0,6939
25504,46.151.160.0,255.255.248.0,5405
52079,46.151.184.0,255.255.248.0,6939
51975,46.151.208.0,255.255.252.0,6939
52009,46.151.216.0,255.255.248.0,6939
52043,46.151.240.0,255.255.248.0,6939
48117,46.151.248.0,255.255.248.0,6939
24881,46.162.0.0,255.255.192.0,6939
6856,46.164.192.0,255.255.192.0,39392
49218,46.165.0.0,255.255.192.0,6939
25454,46.166.0.0,255.255.192.0,39392
203536,46.167.8.0,255.255.248.0,39392
12693,46.167.32.0,255.255.248.0,5405
197023,46.172.0.0,255.255.192.0,6939
213624,46.172.39.0,255.255.255.0,6939
43110,46.172.64.0,255.255.255.0,6939
48422,46.172.67.0,255.255.255.0,6939
203980,46.172.76.0,255.255.255.0,6939
9177,46.172.96.0,255.255.240.0,6939
49125,46.172.128.0,255.255.224.0,6939
6752,46.172.224.0,255.255.224.0,5405
49120,46.173.32.0,255.255.224.0,6939
34743,46.173.128.0,255.255.224.0,6939
49183,46.173.160.0,255.255.255.0,6939
56364,46.173.208.0,255.255.255.0,6939
52101,46.174.0.0,255.255.248.0,6939
200524,46.174.8.0,255.255.254.0,6939
52110,46.174.24.0,255.255.248.0,5405
34573,46.174.40.0,255.255.248.0,6939
42832,46.174.72.0,255.255.248.0,5405
49325,46.174.112.0,255.255.248.0,5405
200449,46.174.140.0,255.255.255.0,6939
47388,46.174.144.0,255.255.255.0,6939
198430,46.174.168.0,255.255.248.0,6939
52142,46.174.176.0,255.255.248.0,5405
24700,46.174.188.0,255.255.255.0,6939
211938,46.174.210.0,255.255.255.0,5405
197113,46.174.224.0,255.255.248.0,5405
35562,46.174.240.0,255.255.248.0,6939
56326,46.174.248.0,255.255.248.0,6939
39574,46.175.2.0,255.255.254.0,22356
49821,46.175.12.0,255.255.255.0,5405
34251,46.175.16.0,255.255.248.0,6939
197460,46.175.24.0,255.255.248.0,6939
56347,46.175.64.0,255.255.240.0,6939
197345,46.175.104.0,255.255.248.0,6939
51426,46.175.112.0,255.255.248.0,6939
210937,46.175.133.0,255.255.255.0,39392
42905,46.175.184.0,255.255.248.0,6939
47562,46.175.192.0,255.255.248.0,6939
196739,46.175.208.0,255.255.240.0,6939
43171,46.175.224.0,255.255.240.0,5405
56386,46.175.243.0,255.255.255.0,5405
49327,46.175.247.0,255.255.255.0,6939
39927,46.180.0.0,255.254.0.0,6939
45050,46.182.40.0,255.255.248.0,8218
3910,46.182.56.0,255.255.248.0,39392
44600,46.182.80.0,255.255.252.0,6939
205368,46.182.172.0,255.255.254.0,5405
44735,46.182.184.0,255.255.248.0,39392
50309,46.182.192.0,255.255.248.0,39392
25220,46.182.248.0,255.255.248.0,5405
41357,46.183.8.0,255.255.248.0,39392
48426,46.183.49.0,255.255.255.0,6939
40824,46.183.145.0,255.255.255.0,39392
216235,46.183.167.0,255.255.255.0,6939
197453,46.183.176.0,255.255.248.0,6939
52048,46.183.216.0,255.255.248.0,6939
15693,46.183.248.0,255.255.248.0,49544
43118,46.187.128.0,255.255.128.0,39392
6660,46.190.145.0,255.255.255.0,6939
24955,46.191.128.0,255.255.252.0,6939
60095,46.191.156.0,255.255.252.0,5405
41704,46.191.184.0,255.255.248.0,5405
8434,46.194.0.0,255.254.0.0,6939
214480,46.202.82.0,255.255.254.0,39392
215294,46.203.77.0,255.255.255.0,22356
59962,46.209.32.0,255.255.255.0,6939
48161,46.214.0.0,255.255.248.0,39392
41557,46.217.240.0,255.255.248.0,5405
31148,46.219.1.0,255.255.255.0,6939
52176,46.226.18.0,255.255.254.0,39392
29169,46.226.108.0,255.255.252.0,39392
201706,46.226.122.0,255.255.255.0,6939
34863,46.226.128.0,255.255.248.0,39392
56588,46.226.136.0,255.255.248.0,39392
12835,46.226.200.0,255.255.248.0,6939
203750,46.226.225.0,255.255.255.0,6939
43142,46.227.16.0,255.255.248.0,39392
51155,46.227.36.0,255.255.254.0,6939
8280,46.227.56.0,255.255.248.0,39392
8819,46.227.104.0,255.255.248.0,6939
20963,46.227.112.0,255.255.248.0,39392
15844,46.227.128.0,255.255.248.0,39392
56329,46.227.144.0,255.255.248.0,39392
215182,46.227.160.0,255.255.254.0,5405
39904,46.227.168.0,255.255.248.0,39392
56349,46.227.176.0,255.255.248.0,22356
35168,46.227.186.0,255.255.255.0,6939
41495,46.227.200.0,255.255.248.0,4455
42760,46.227.224.0,255.255.248.0,6939
41833,46.227.248.0,255.255.248.0,39392
13110,46.228.80.0,255.255.240.0,39392
206926,46.228.112.0,255.255.240.0,6939
56396,46.228.160.0,255.255.240.0,39392
48326,46.228.208.0,255.255.240.0,22356
49798,46.228.222.0,255.255.255.0,6939
20902,46.229.0.0,255.255.240.0,5405
34056,46.229.48.0,255.255.252.0,6939
209825,46.229.56.0,255.255.255.0,6939
41009,46.229.63.0,255.255.255.0,6939
8711,46.229.64.0,255.255.252.0,6939
25549,46.229.68.0,255.255.255.0,6939
15694,46.229.144.0,255.255.240.0,6939
24723,46.229.158.0,255.255.254.0,6939
56376,46.231.32.0,255.255.248.0,6939
42612,46.231.120.0,255.255.248.0,5405
34999,46.231.152.0,255.255.248.0,39392
12775,46.231.164.0,255.255.252.0,5405
58325,46.231.167.0,255.255.255.0,39392
212641,46.231.226.0,255.255.255.0,6939
39361,46.231.227.0,255.255.255.0,6939
50576,46.231.228.0,255.255.255.0,6939
211882,46.231.240.0,255.255.254.0,39392
56391,46.232.128.0,255.255.248.0,39392
213260,46.232.144.0,255.255.248.0,39392
196922,46.232.184.0,255.255.248.0,5405
34442,46.232.192.0,255.255.248.0,39392
202257,46.232.212.0,255.255.252.0,6939
198720,46.232.238.0,255.255.254.0,6939
44299,46.232.252.0,255.255.252.0,39392
42431,46.233.0.0,255.255.224.0,6939
35228,46.233.64.0,255.255.192.0,39392
39636,46.233.128.0,255.255.192.0,39392
47165,46.233.192.0,255.255.192.0,6939
34288,46.234.32.0,255.255.224.0,8218
201183,46.235.9.0,255.255.255.0,39392
56403,46.235.16.0,255.255.252.0,8218
206934,46.235.32.0,255.255.255.0,6939
39337,46.235.52.0,255.255.254.0,6939
29684,46.235.88.0,255.255.248.0,6939
11158,46.235.109.0,255.255.255.0,6939
51483,46.235.112.0,255.255.248.0,39392
197589,46.235.136.0,255.255.248.0,39392
35457,46.235.208.0,255.255.248.0,6939
44684,46.235.224.0,255.255.248.0,39392
8820,46.236.218.0,255.255.254.0,5405
13118,46.237.0.0,255.255.192.0,6939
12958,46.237.40.0,255.255.252.0,6939
39374,46.237.44.0,255.255.252.0,6939
29009,46.237.128.0,255.255.192.0,6939
12618,46.238.192.0,255.255.224.0,39392
48789,46.238.212.0,255.255.252.0,5405
8326,46.239.128.0,255.255.240.0,1764
47440,46.243.2.0,255.255.255.0,6939
43541,46.243.48.0,255.255.255.0,39392
29686,46.243.73.0,255.255.255.0,6939
61109,46.243.104.0,255.255.248.0,1764
60058,46.243.171.0,255.255.255.0,6939
209974,46.243.180.0,255.255.255.0,6939
198044,46.243.253.0,255.255.255.0,6939
197580,46.245.136.0,255.255.248.0,39392
48848,46.245.168.0,255.255.248.0,6939
35518,46.245.184.0,255.255.248.0,6939
43957,46.245.200.0,255.255.248.0,6939
197701,46.245.232.0,255.255.255.0,6939
35773,46.245.237.0,255.255.255.0,5405
59550,46.245.238.0,255.255.255.0,6939
39545,46.247.0.0,255.255.224.0,4455
8445,46.247.192.0,255.255.224.0,1764
34779,46.248.64.0,255.255.224.0,39392
9153,46.248.96.0,255.255.224.0,39392
47544,46.248.160.0,255.255.224.0,5405
50009,46.249.16.0,255.255.240.0,6939
8462,46.249.128.0,255.255.224.0,39392
21332,46.250.32.0,255.255.252.0,5405
51218,46.250.128.0,255.255.252.0,6939
28824,46.250.192.0,255.255.224.0,39392
35432,46.251.96.0,255.255.224.0,39392
50223,46.251.192.0,255.255.224.0,6939
212804,46.252.0.0,255.255.255.0,39392
206774,46.252.1.0,255.255.255.0,39392
21183,46.252.32.0,255.255.240.0,6939
8779,46.252.208.0,255.255.240.0,6939
44814,46.253.8.0,255.255.255.0,39392
198228,46.253.9.0,255.255.255.0,6939
34624,46.253.16.0,255.255.240.0,5405
197558,46.253.48.0,255.255.240.0,5405
29551,46.253.112.0,255.255.240.0,5405
24889,46.253.176.0,255.255.240.0,6939
8468,46.254.0.0,255.255.248.0,39392
41034,46.254.28.0,255.255.255.0,6939
49895,46.254.72.0,255.255.252.0,39392
59607,46.254.77.0,255.255.255.0,6939
39125,46.254.94.0,255.255.255.0,6939
13170,46.254.96.0,255.255.248.0,39392
47480,46.254.112.0,255.255.248.0,39392
204779,46.254.212.0,255.255.252.0,39392
48149,46.254.216.0,255.255.248.0,6939
44267,46.254.246.0,255.255.254.0,6939
51341,46.255.25.0,255.255.255.0,6939
60943,46.255.31.0,255.255.255.0,39392
31203,46.255.64.0,255.255.252.0,6939
8943,46.255.72.0,255.255.248.0,5405
197156,46.255.88.0,255.255.248.0,49544
47394,46.255.144.0,255.255.248.0,6939
42774,46.255.208.0,255.255.248.0,209531
201502,46.255.240.0,255.255.255.0,39392
46183,47.19.26.0,255.255.255.0,39392
55052,47.19.51.0,255.255.255.0,39392
22271,47.19.86.0,255.255.255.0,6939
19642,47.19.95.0,255.255.255.0,39392
3408,47.19.103.0,255.255.255.0,39392
63378,47.19.156.0,255.255.255.0,39392
31774,47.19.157.0,255.255.255.0,39392
23069,47.19.216.0,255.255.255.0,39392
40264,47.45.16.0,255.255.255.0,6939
22974,47.45.54.0,255.255.255.0,6939
24249,49.0.16.0,255.255.248.0,39392
17995,49.0.24.0,255.255.254.0,6939
149359,49.0.26.0,255.255.255.0,6939
400318,49.0.56.0,255.255.255.0,6939
27882,49.0.188.0,255.255.255.0,22356
9858,49.8.0.0,255.255.255.0,6939
64049,49.45.4.0,255.255.255.0,6939
9930,49.50.12.0,255.255.255.0,6939
10049,49.50.32.0,255.255.224.0,6939
55470,49.50.64.0,255.255.192.0,5405
4818,49.124.0.0,255.254.0.0,6939
23780,49.128.24.0,255.255.248.0,39392
59268,49.128.64.0,255.255.255.0,6939
23822,49.128.100.0,255.255.252.0,39392
10135,49.128.112.0,255.255.240.0,6939
131745,49.128.184.0,255.255.255.0,6939
146834,49.128.223.0,255.255.255.0,6939
45475,49.143.228.0,255.255.255.0,6939
55879,49.143.252.0,255.255.255.0,39392
24251,49.156.4.0,255.255.252.0,6939
134630,49.156.20.0,255.255.255.0,6939
7679,49.156.192.0,255.255.192.0,6939
9658,49.157.0.0,255.255.224.0,6939
18209,49.204.158.0,255.255.255.0,39392
7497,49.210.0.0,255.254.0.0,6939
9371,49.212.0.0,255.255.0.0,6939
10098,49.213.0.0,255.255.248.0,6939
135744,49.213.36.0,255.255.255.0,39392
150142,49.213.52.0,255.255.255.0,6939
18206,49.236.192.0,255.255.255.0,6939
55668,49.236.216.0,255.255.255.0,6939
17948,49.236.224.0,255.255.252.0,6939
132618,49.237.0.0,255.255.254.0,6939
17878,49.238.192.0,255.255.224.0,6939
2497,49.239.64.0,255.255.192.0,39392
38735,49.246.128.0,255.255.192.0,5405
49532,50.2.36.0,255.255.252.0,39392
64227,50.20.196.0,255.255.252.0,6939
8100,50.20.200.0,255.255.255.0,6939
21949,50.21.16.0,255.255.248.0,6939
397005,50.21.104.0,255.255.248.0,6939
29909,50.21.160.0,255.255.240.0,39392
22645,50.21.240.0,255.255.240.0,39392
32244,50.28.0.0,255.255.192.0,6939
30688,50.30.16.0,255.255.240.0,6939
394195,50.30.19.0,255.255.255.0,6939
36295,50.30.48.0,255.255.240.0,6939
13694,50.30.64.0,255.255.240.0,39392
17293,50.30.80.0,255.255.252.0,6939
14749,50.30.112.0,255.255.252.0,6939
23473,50.30.128.0,255.255.255.0,6939
46811,50.31.16.0,255.255.252.0,39392
11377,50.31.32.0,255.255.240.0,39392
23352,50.31.128.0,255.255.128.0,22356
25773,50.31.132.0,255.255.255.0,22356
46672,50.58.240.0,255.255.255.0,39392
63483,50.59.82.0,255.255.255.0,39392
16391,50.59.118.0,255.255.254.0,39392
26709,50.59.133.0,255.255.255.0,6939
40464,50.59.213.0,255.255.255.0,39392
16770,50.74.83.0,255.255.255.0,6939
6407,50.93.160.0,255.255.240.0,6939
46262,50.93.208.0,255.255.240.0,6939
15165,50.115.144.0,255.255.254.0,6939
13329,50.115.147.0,255.255.255.0,6939
54048,50.115.192.0,255.255.240.0,6939
3663,50.116.128.0,255.255.192.0,6939
6336,50.116.236.0,255.255.252.0,39392
22573,50.117.208.0,255.255.240.0,6939
262239,50.118.230.0,255.255.254.0,6939
26650,50.121.151.0,255.255.255.0,6939
20214,50.150.146.0,255.255.255.0,39392
33489,50.200.193.0,255.255.255.0,39392
22909,50.201.4.0,255.255.255.0,39392
33657,50.201.252.0,255.255.255.0,39392
33668,50.202.125.0,255.255.255.0,39392
33650,50.202.174.0,255.255.255.0,39392
33667,50.203.5.0,255.255.255.0,39392
33660,50.204.89.0,255.255.255.0,39392
21508,50.204.101.0,255.255.255.0,39392
33490,50.204.255.0,255.255.255.0,39392
40831,50.216.106.0,255.255.255.0,6939
40382,50.217.178.0,255.255.255.0,6939
33661,50.218.97.0,255.255.255.0,39392
13367,50.220.92.0,255.255.255.0,39392
6254,50.224.126.0,255.255.254.0,6939
22258,50.225.146.0,255.255.255.0,39392
394621,50.227.99.0,255.255.255.0,6939
31929,50.235.175.0,255.255.255.0,6939
35962,50.235.243.0,255.255.255.0,39392
12876,51.15.0.0,255.255.0.0,39392
13037,51.148.0.0,255.255.0.0,39392
207310,51.149.2.0,255.255.255.0,6939
15796,51.154.0.0,255.255.0.0,6939
47973,51.163.160.0,255.255.224.0,39392
5466,51.171.0.0,255.255.0.0,39392
5482,51.179.192.0,255.255.192.0,39392
62943,52.119.36.0,255.255.252.0,6939
18616,52.119.64.0,255.255.224.0,39392
22768,52.119.97.0,255.255.255.0,6939
15164,52.119.108.0,255.255.255.0,6939
11589,52.124.4.0,255.255.252.0,39392
22772,52.124.58.0,255.255.255.0,6939
19324,52.128.16.0,255.255.255.0,6939
11320,52.129.112.0,255.255.248.0,6939
22911,52.144.40.0,255.255.252.0,39392
55039,52.144.56.0,255.255.254.0,6939
5602,52.144.64.0,255.255.224.0,6939
31399,53.0.0.0,255.0.0.0,39392
345,55.3.0.0,255.255.0.0,39392
306,55.10.0.0,255.255.0.0,39392
317,55.11.0.0,255.255.0.0,39392
346,55.13.0.0,255.255.0.0,39392
321,55.24.0.0,255.255.0.0,39392
329,55.78.221.0,255.255.255.0,39392
4004,57.66.70.0,255.255.255.0,39392
2647,57.68.10.0,255.255.255.0,39392
4862,57.72.49.0,255.255.255.0,6939
10282,57.87.82.0,255.255.255.0,39392
30029,57.138.0.0,255.255.0.0,39392
400662,57.138.1.0,255.255.255.0,39392
205080,57.188.4.0,255.255.255.0,6939
2510,58.1.0.0,255.255.128.0,39392
9812,58.24.0.0,255.254.0.0,6939
38264,58.27.128.0,255.255.255.0,6939
17435,58.28.0.0,255.255.0.0,6939
9871,58.29.186.0,255.255.255.0,6939
139203,58.42.2.0,255.255.255.0,6939
58540,58.56.9.0,255.255.255.0,6939
17444,58.64.128.0,255.255.128.0,24482
17645,58.65.0.0,255.255.224.0,39392
23777,58.65.32.0,255.255.224.0,6939
9694,58.65.64.0,255.255.192.0,6939
24535,58.65.240.0,255.255.252.0,6939
17511,58.70.0.0,255.255.0.0,6939
55423,58.82.128.0,255.255.248.0,6939
134718,58.82.186.0,255.255.255.0,6939
45629,58.82.191.0,255.255.255.0,6939
272432,58.84.12.0,255.255.254.0,22356
38182,58.84.16.0,255.255.252.0,6939
59249,58.84.33.0,255.255.255.0,6939
132588,58.84.48.0,255.255.255.0,6939
46976,58.84.58.0,255.255.254.0,6939
38172,58.84.216.0,255.255.252.0,6939
9601,58.84.240.0,255.255.248.0,6939
18042,58.86.0.0,255.255.0.0,6939
9595,58.98.0.0,255.255.0.0,39392
18302,58.102.29.0,255.255.255.0,6939
9416,58.114.0.0,255.254.0.0,6939
45800,58.137.217.0,255.255.255.0,24482
9689,58.145.0.0,255.255.128.0,6939
45166,58.145.227.0,255.255.255.0,6939
140928,58.146.128.0,255.255.240.0,6939
140929,58.146.144.0,255.255.248.0,6939
55330,58.147.156.0,255.255.255.0,6939
7671,58.147.192.0,255.255.224.0,6939
4670,58.180.0.0,255.255.0.0,6939
9848,58.180.7.0,255.255.255.0,6939
9842,58.180.188.0,255.255.255.0,6939
7693,58.181.128.0,255.255.128.0,24482
9950,58.184.0.0,255.255.0.0,6939
136958,58.254.129.0,255.255.255.0,6939
7560,59.1.40.0,255.255.255.0,6939
134773,59.37.0.0,255.255.254.0,6939
2764,59.100.0.0,255.254.0.0,6939
131596,59.102.128.0,255.255.192.0,6939
139820,59.103.32.0,255.255.255.0,6939
137910,59.103.48.0,255.255.255.0,6939
9919,59.104.111.0,255.255.255.0,6939
9730,59.144.97.0,255.255.255.0,39392
9457,59.150.0.0,255.255.248.0,6939
58945,59.152.14.0,255.255.255.0,6939
64078,59.152.44.0,255.255.252.0,6939
64098,59.153.8.0,255.255.252.0,6939
4049,59.153.20.0,255.255.252.0,6939
132901,59.153.26.0,255.255.254.0,6939
200434,59.153.36.0,255.255.252.0,6939
56293,59.153.84.0,255.255.252.0,6939
140825,59.153.216.0,255.255.255.0,6939
17813,59.176.0.0,255.255.0.0,39392
17583,59.186.42.0,255.255.255.0,6939
38280,59.191.192.0,255.255.240.0,6939
38749,59.191.224.0,255.255.248.0,6939
5580,59.191.240.0,255.255.240.0,39392
135596,60.198.152.0,255.255.255.0,5405
131634,60.199.50.0,255.255.255.0,6939
9790,60.234.0.0,255.255.0.0,6939
9676,60.245.0.0,255.255.192.0,6939
38144,60.253.96.0,255.255.255.0,6939
131322,61.4.64.0,255.255.255.0,6939
147040,61.4.108.0,255.255.255.0,24482
10094,61.6.192.0,255.255.192.0,39392
18150,61.7.0.0,255.255.128.0,6939
9931,61.7.192.0,255.255.192.0,6939
63134,61.8.176.0,255.255.240.0,39392
9908,61.10.0.0,255.255.0.0,6939
24218,61.11.208.0,255.255.240.0,6939
23856,61.13.192.0,255.255.192.0,24482
3300,61.14.0.0,255.255.192.0,263444
63731,61.14.236.0,255.255.252.0,6939
63501,61.14.248.0,255.255.255.0,6939
140577,61.16.24.0,255.255.252.0,6939
139883,61.16.51.0,255.255.255.0,24482
4651,61.19.0.0,255.255.255.0,6939
17978,61.28.192.0,255.255.255.0,6939
59127,61.44.128.0,255.255.224.0,39392
4765,61.47.1.0,255.255.255.0,24482
18183,61.56.0.0,255.255.240.0,6939
9244,61.56.64.0,255.255.240.0,6939
18422,61.61.240.0,255.255.240.0,6939
131644,61.67.121.0,255.255.255.0,6939
18081,61.86.0.0,255.255.0.0,6939
9952,61.100.0.0,255.255.240.0,6939
131866,61.100.40.0,255.255.248.0,6939
10160,61.106.0.0,255.255.255.0,6939
45361,61.107.150.0,255.255.255.0,6939
10002,61.114.64.0,255.255.240.0,6939
10003,61.114.80.0,255.255.240.0,39392
10006,61.114.176.0,255.255.240.0,6939
10015,61.114.224.0,255.255.240.0,6939
10019,61.115.240.0,255.255.240.0,6939
9997,61.120.128.0,255.255.240.0,39392
4723,61.122.64.0,255.255.224.0,39392
134420,61.128.171.0,255.255.255.0,6939
140330,61.154.226.0,255.255.255.0,6939
2915,61.195.32.0,255.255.252.0,39392
131943,61.195.40.0,255.255.252.0,39392
146969,61.195.44.0,255.255.252.0,6939
17685,61.195.48.0,255.255.240.0,6939
4913,61.200.83.144,255.255.255.240,263444
139358,61.200.87.0,255.255.255.0,6939
9365,61.206.224.0,255.255.240.0,6939
9621,61.210.64.0,255.255.224.0,6939
17675,61.211.160.0,255.255.240.0,6939
9394,61.233.0.0,255.255.224.0,6939
2713,61.245.96.0,255.255.248.0,39392
23786,61.245.192.0,255.255.240.0,6939
23700,61.247.0.0,255.255.192.0,6939
216425,61.251.186.0,255.255.255.0,22356
15596,62.3.26.0,255.255.255.0,6939
210506,62.3.38.0,255.255.255.0,6939
206170,62.3.44.0,255.255.255.0,6939
203421,62.3.52.0,255.255.255.0,39392
9112,62.3.160.0,255.255.224.0,1764
43940,62.4.32.0,255.255.224.0,39392
15933,62.8.32.0,255.255.224.0,5405
20676,62.8.128.0,255.255.128.0,5405
15498,62.13.192.0,255.255.248.0,5405
15640,62.16.32.0,255.255.224.0,6939
50272,62.24.32.0,255.255.224.0,39392
12455,62.24.96.0,255.255.224.0,6939
12312,62.26.0.0,255.254.0.0,5405
15525,62.28.0.0,255.255.0.0,6939
21232,62.32.0.0,255.255.224.0,6939
24753,62.32.32.0,255.255.255.0,6939
20965,62.40.96.0,255.255.224.0,6939
8339,62.40.128.0,255.255.128.0,1764
3308,62.44.128.0,255.255.192.0,39392
15435,62.45.0.0,255.255.0.0,6939
8271,62.48.0.0,255.255.224.0,39392
13284,62.48.32.0,255.255.224.0,6939
12620,62.48.96.0,255.255.224.0,6939
5378,62.49.0.0,255.255.0.0,39392
12374,62.50.96.0,255.255.224.0,5405
213462,62.50.140.0,255.255.252.0,39392
12491,62.56.128.0,255.255.255.0,6939
204528,62.56.156.0,255.255.255.0,8218
51263,62.56.176.0,255.255.240.0,6939
49572,62.60.0.0,255.255.128.0,6939
15611,62.60.136.0,255.255.255.0,6939
215633,62.60.141.0,255.255.255.0,6939
212036,62.60.143.0,255.255.255.0,6939
211904,62.60.163.0,255.255.255.0,6939
3218,62.61.16.0,255.255.240.0,5405
15516,62.61.128.0,255.255.224.0,39392
20985,62.63.64.0,255.255.252.0,6939
5518,62.63.128.0,255.255.248.0,39392
15517,62.65.128.0,255.255.224.0,6939
5578,62.65.160.0,255.255.224.0,39392
2586,62.65.192.0,255.255.192.0,39392
6735,62.68.0.0,255.255.224.0,5405
202309,62.68.70.0,255.255.255.0,6939
25098,62.68.73.0,255.255.255.0,6939
56833,62.68.192.0,255.255.224.0,39392
13227,62.69.0.0,255.255.224.0,6939
5587,62.69.64.0,255.255.192.0,5405
59766,62.69.128.0,255.255.248.0,209531
60849,62.72.165.0,255.255.255.0,39392
24751,62.72.224.0,255.255.224.0,39392
48851,62.73.169.40,255.255.255.248,22356
41164,62.73.252.0,255.255.255.0,39392
12713,62.75.1.0,255.255.255.0,5405
28891,62.76.13.0,255.255.255.0,6939
43832,62.76.62.0,255.255.255.0,6939
51054,62.76.64.0,255.255.248.0,6939
51408,62.76.74.0,255.255.254.0,6939
57512,62.76.79.0,255.255.255.0,6939
49963,62.76.92.0,255.255.254.0,6939
213853,62.76.98.0,255.255.255.0,6939
50157,62.76.121.0,255.255.255.0,6939
38928,62.76.137.0,255.255.255.0,6939
61382,62.76.156.0,255.255.255.0,6939
43634,62.76.159.0,255.255.255.0,6939
62379,62.76.166.0,255.255.255.0,6939
209367,62.76.194.0,255.255.254.0,6939
60347,62.76.200.0,255.255.254.0,5405
60544,62.76.205.0,255.255.255.0,5405
8985,62.76.209.0,255.255.255.0,6939
216366,62.76.225.0,255.255.255.0,6939
21416,62.76.253.0,255.255.255.0,6939
15566,62.77.128.0,255.255.252.0,5405
43608,62.77.132.0,255.255.252.0,6939
20845,62.77.196.0,255.255.252.0,39392
48858,62.78.80.0,255.255.240.0,6939
25386,62.80.160.0,255.255.224.0,6939
12597,62.80.192.0,255.255.224.0,39392
44927,62.84.104.0,255.255.248.0,6939
215638,62.84.169.0,255.255.255.0,6939
204271,62.89.193.0,255.255.255.0,6939
215106,62.89.216.0,255.255.255.0,6939
20686,62.91.0.0,255.255.0.0,39392
25468,62.93.32.0,255.255.224.0,1764
25447,62.93.64.0,255.255.224.0,1764
20756,62.93.195.0,255.255.255.0,8218
9165,62.97.128.0,255.255.224.0,39392
8542,62.97.192.0,255.255.192.0,39392
49289,62.100.74.0,255.255.255.0,39392
12488,62.100.204.0,255.255.252.0,6939
25466,62.101.52.0,255.255.252.0,39392
51815,62.102.148.0,255.255.254.0,39392
197650,62.102.152.0,255.255.248.0,209531
25474,62.105.32.0,255.255.248.0,6939
8607,62.105.160.0,255.255.224.0,39392
8829,62.106.0.0,255.255.224.0,39392
21500,62.106.68.0,255.255.255.0,6939
30962,62.108.32.0,255.255.240.0,39392
8831,62.108.64.0,255.255.255.0,6939
214247,62.108.88.0,255.255.255.0,6939
6700,62.108.96.0,255.255.224.0,39392
6623,62.108.128.0,255.255.255.0,39392
28797,62.108.184.0,255.255.248.0,39392
51132,62.108.192.0,255.255.240.0,39392
13157,62.112.32.0,255.255.224.0,5405
59642,62.112.144.0,255.255.240.0,22356
29311,62.112.224.0,255.255.224.0,39392
209024,62.113.64.0,255.255.255.0,6939
60490,62.113.66.0,255.255.255.0,6939
41535,62.113.80.0,255.255.252.0,6939
49352,62.113.93.0,255.255.255.0,6939
205952,62.113.95.0,255.255.255.0,6939
48282,62.113.112.0,255.255.255.0,6939
48943,62.116.5.0,255.255.255.0,8218
15456,62.116.128.0,255.255.224.0,39392
16117,62.116.224.0,255.255.224.0,39392
212199,62.117.85.0,255.255.255.0,6939
15541,62.121.128.0,255.255.255.0,39392
25435,62.121.192.0,255.255.255.0,4455
29422,62.122.28.0,255.255.255.0,39392
35701,62.122.36.0,255.255.252.0,39392
47530,62.122.48.0,255.255.248.0,6939
34786,62.122.56.0,255.255.255.0,6939
42504,62.122.64.0,255.255.248.0,5405
24703,62.122.71.0,255.255.255.0,6939
8764,62.122.76.0,255.255.252.0,209531
56373,62.122.120.0,255.255.248.0,5405
49290,62.122.232.0,255.255.248.0,5405
20942,62.128.64.0,255.255.240.0,6939
3327,62.128.100.0,255.255.252.0,5405
12440,62.128.160.0,255.255.224.0,39392
212097,62.133.36.0,255.255.255.0,22356
28788,62.133.192.0,255.255.192.0,39392
43009,62.140.31.0,255.255.255.0,6939
28917,62.140.224.0,255.255.224.0,6939
31103,62.141.48.0,255.255.248.0,6939
200596,62.146.248.0,255.255.255.0,49544
211316,62.146.253.0,255.255.255.0,6939
12322,62.147.0.0,255.255.0.0,39392
9155,62.150.0.0,255.255.0.0,5405
2134,62.164.11.0,255.255.255.0,6939
207841,62.164.141.0,255.255.255.0,39392
213922,62.164.156.0,255.255.255.0,6939
205892,62.164.172.0,255.255.252.0,5405
30094,62.164.182.0,255.255.255.0,6939
28745,62.165.32.0,255.255.255.0,39392
20626,62.168.128.0,255.255.224.0,39392
31055,62.168.192.0,255.255.224.0,39392
6786,62.169.4.0,255.255.255.0,6939
214554,62.169.144.0,255.255.252.0,5405
8821,62.171.0.0,255.255.128.0,6939
5503,62.171.192.0,255.255.224.0,39392
34300,62.173.128.0,255.255.224.0,6939
39719,62.177.16.0,255.255.248.0,6939
21244,62.181.0.0,255.255.224.0,39392
28968,62.181.34.0,255.255.254.0,6939
61121,62.181.50.0,255.255.254.0,6939
200083,62.182.16.0,255.255.248.0,5405
202253,62.182.44.0,255.255.255.0,39392
196638,62.182.64.0,255.255.248.0,6939
25408,62.182.89.0,255.255.255.0,6939
197605,62.182.104.0,255.255.248.0,6939
50625,62.182.144.0,255.255.248.0,6939
51277,62.182.208.0,255.255.248.0,5405
13000,62.182.224.0,255.255.248.0,39392
25490,62.183.0.0,255.255.224.0,6939
42548,62.183.76.0,255.255.252.0,6939
39775,62.192.32.0,255.255.224.0,5405
29748,62.192.185.0,255.255.255.0,39392
40107,62.192.186.0,255.255.255.0,5405
5618,62.193.3.0,255.255.255.0,6939
207790,62.197.0.0,255.255.240.0,39392
12392,62.197.64.0,255.255.192.0,39392
31349,62.201.16.0,255.255.240.0,39392
44217,62.201.193.0,255.255.255.0,6939
41887,62.204.64.0,255.255.224.0,6939
12886,62.204.160.0,255.255.224.0,5405
44747,62.205.0.0,255.255.224.0,39392
31452,62.209.0.0,255.255.224.0,6939
34718,62.209.128.0,255.255.224.0,6939
34797,62.212.32.0,255.255.224.0,5405
29071,62.213.32.0,255.255.255.0,6939
21050,62.215.0.0,255.255.0.0,6939
43852,62.215.221.0,255.255.255.0,6939
25560,62.216.160.0,255.255.224.0,39392
21341,62.220.96.0,255.255.248.0,6939
6893,62.220.128.0,255.255.224.0,6939
39432,62.220.149.0,255.255.255.0,8218
12883,62.221.32.0,255.255.224.0,6939
6703,62.221.32.0,255.255.254.0,6939
12329,62.221.232.0,255.255.248.0,39392
203598,62.228.240.0,255.255.255.0,39392
25441,62.231.32.0,255.255.224.0,39392
9166,62.233.0.0,255.255.240.0,6939
47122,62.233.46.0,255.255.255.0,6939
203877,62.240.0.0,255.255.255.0,6939
43976,62.241.24.0,255.255.255.0,6939
3254,62.244.0.0,255.255.192.0,6939
3330,62.249.64.0,255.255.192.0,1764
3371,63.39.0.0,255.255.0.0,39392
3372,63.39.160.0,255.255.240.0,39392
22394,63.40.0.0,255.248.0.0,39392
32805,63.67.145.0,255.255.255.0,39392
54646,63.67.238.0,255.255.255.0,39392
28502,63.70.72.0,255.255.254.0,6939
14669,63.70.80.0,255.255.240.0,39392
18943,63.75.31.0,255.255.255.0,39392
6303,63.78.242.0,255.255.255.0,6939
10695,63.79.89.0,255.255.255.0,39392
30004,63.83.202.0,255.255.255.0,39392
54519,63.84.9.0,255.255.255.0,6939
13462,63.84.220.0,255.255.252.0,39392
30462,63.85.88.0,255.255.252.0,39392
10361,63.88.3.0,255.255.255.0,6939
14135,63.93.193.0,255.255.255.0,6939
6503,63.96.221.0,255.255.255.0,6939
14313,63.100.51.0,255.255.255.0,6939
3855,63.115.0.0,255.255.240.0,39392
23402,63.116.147.0,255.255.255.0,39392
25936,63.116.198.0,255.255.254.0,39392
40527,63.116.201.0,255.255.255.0,39392
19587,63.118.81.0,255.255.255.0,39392
19670,63.118.175.0,255.255.255.0,39392
6620,63.119.38.0,255.255.254.0,39392
31877,63.120.127.0,255.255.255.0,6939
12087,63.124.140.0,255.255.255.0,39392
21547,63.127.192.0,255.255.248.0,39392
14492,63.131.128.0,255.255.224.0,5405
14140,63.131.160.0,255.255.255.0,6939
40414,63.131.240.0,255.255.240.0,6939
400212,63.133.216.0,255.255.252.0,6939
3580,63.133.224.0,255.255.240.0,39392
32709,63.134.128.0,255.255.192.0,6939
10430,63.135.32.0,255.255.240.0,6939
13370,63.135.48.0,255.255.240.0,6939
19151,63.135.64.0,255.255.255.0,39392
23342,63.135.65.0,255.255.255.0,6939
11090,63.135.66.0,255.255.254.0,6939
19331,63.135.176.0,255.255.240.0,6939
22549,63.135.224.0,255.255.240.0,6939
10396,63.135.240.0,255.255.240.0,39392
15224,63.140.40.0,255.255.252.0,5405
33554,63.142.160.0,255.255.240.0,39392
22608,63.142.192.0,255.255.255.0,6939
13728,63.143.16.0,255.255.240.0,6939
40786,63.143.64.0,255.255.192.0,39392
35900,63.143.76.0,255.255.255.0,39392
396304,63.143.86.0,255.255.255.0,39392
17385,63.147.40.0,255.255.254.0,39392
13994,63.147.92.0,255.255.252.0,6939
47095,63.149.18.0,255.255.255.0,6939
33543,63.149.88.0,255.255.255.0,39392
17143,63.150.214.0,255.255.254.0,6939
400317,63.160.134.0,255.255.255.0,22356
12133,63.162.80.0,255.255.240.0,39392
27696,63.164.108.0,255.255.252.0,6939
32254,63.166.12.0,255.255.255.0,39392
18632,63.166.164.0,255.255.254.0,6939
36549,63.167.208.0,255.255.240.0,39392
18593,63.167.228.0,255.255.255.0,39392
23175,63.169.120.0,255.255.248.0,6939
6062,63.171.66.0,255.255.255.0,39392
11280,63.172.84.0,255.255.254.0,39392
5033,63.204.233.0,255.255.255.0,6939
11525,63.208.139.0,255.255.255.0,6939
27553,63.208.160.0,255.255.252.0,6939
16559,63.210.48.0,255.255.248.0,6939
32035,63.211.201.0,255.255.255.0,6939
41041,63.215.202.0,255.255.255.0,39392
23875,63.216.59.0,255.255.255.0,39392
10082,63.217.82.0,255.255.255.0,24482
17984,63.222.165.0,255.255.255.0,5405
26326,63.226.42.0,255.255.255.0,39392
33274,63.232.197.0,255.255.255.0,6939
55044,63.238.128.0,255.255.252.0,6939
3573,63.240.184.0,255.255.248.0,8218
14745,63.241.252.0,255.255.255.0,5405
52286,63.245.18.0,255.255.255.0,6939
18678,63.245.96.0,255.255.255.0,6939
52233,63.245.108.0,255.255.254.0,6939
8014,63.245.112.0,255.255.240.0,6939
42,63.246.32.0,255.255.255.0,6939
10352,63.247.32.0,255.255.240.0,6939
11042,63.247.64.0,255.255.248.0,39392
7226,63.247.79.0,255.255.255.0,6939
36667,63.247.166.0,255.255.255.0,6939
15319,63.247.189.0,255.255.255.0,39392
17306,63.248.254.0,255.255.254.0,6939
19518,63.249.0.0,255.255.224.0,6939
14978,63.249.48.0,255.255.255.0,6939
12180,63.250.0.0,255.255.254.0,5405
21570,63.250.96.0,255.255.240.0,39392
14744,63.251.0.0,255.255.240.0,5405
13789,63.251.16.0,255.255.240.0,5405
14743,63.251.48.0,255.255.240.0,5405
24247,63.251.110.0,255.255.254.0,5405
14742,63.251.128.0,255.255.240.0,5405
27382,63.251.136.0,255.255.252.0,39392
10912,63.251.145.0,255.255.255.0,5405
13790,63.251.176.0,255.255.240.0,5405
5693,63.251.206.0,255.255.255.0,22356
25899,63.251.229.0,255.255.255.0,6939
53610,63.252.228.0,255.255.252.0,6939
2828,64.0.0.0,255.252.0.0,39392
11758,64.3.212.0,255.255.254.0,6939
7122,64.4.64.0,255.255.224.0,6939
4927,64.4.128.0,255.255.224.0,6939
17012,64.4.240.0,255.255.248.0,39392
32867,64.5.64.0,255.255.240.0,6939
33680,64.5.81.0,255.255.255.0,6939
11403,64.5.122.0,255.255.255.0,6939
11221,64.5.128.0,255.255.240.0,39392
46231,64.5.160.0,255.255.224.0,6939
14363,64.6.0.0,255.255.240.0,6939
23274,64.6.16.0,255.255.255.0,39392
11840,64.6.67.0,255.255.255.0,6939
7342,64.6.69.0,255.255.255.0,6939
26134,64.6.80.0,255.255.255.0,6939
19237,64.6.96.0,255.255.240.0,39392
19504,64.6.112.0,255.255.240.0,6939
19783,64.6.208.0,255.255.240.0,6939
15042,64.7.96.0,255.255.240.0,39392
11647,64.7.128.0,255.255.224.0,39392
13549,64.7.160.0,255.255.224.0,6939
1998,64.8.128.0,255.255.192.0,6939
15209,64.9.38.0,255.255.255.0,39392
32477,64.9.192.0,255.255.240.0,6939
11115,64.9.194.0,255.255.255.0,6939
9328,64.15.32.0,255.255.240.0,6939
43515,64.15.112.0,255.255.240.0,22356
6653,64.17.16.0,255.255.240.0,6939
5738,64.17.96.0,255.255.224.0,39392
19406,64.17.224.0,255.255.248.0,39392
19453,64.17.230.0,255.255.255.0,39392
29930,64.17.248.0,255.255.248.0,39392
2830,64.18.16.0,255.255.240.0,6939
19616,64.18.32.0,255.255.240.0,6939
23498,64.18.69.0,255.255.255.0,6939
19830,64.18.96.0,255.255.224.0,6939
19515,64.18.160.0,255.255.224.0,6939
40523,64.18.240.0,255.255.240.0,6939
16863,64.20.16.0,255.255.240.0,39392
27506,64.20.160.0,255.255.224.0,39392
19653,64.20.192.0,255.255.240.0,39392
394177,64.20.216.0,255.255.252.0,39392
8001,64.21.0.0,255.255.128.0,39392
14090,64.21.224.0,255.255.252.0,6939
12042,64.21.232.0,255.255.248.0,6939
22302,64.22.32.0,255.255.224.0,39392
21737,64.22.224.0,255.255.224.0,6939
33549,64.25.108.0,255.255.254.0,6939
31785,64.25.112.0,255.255.240.0,6939
21947,64.25.128.0,255.255.240.0,6939
26271,64.25.192.0,255.255.240.0,6939
16384,64.25.221.0,255.255.255.0,39392
6189,64.26.64.0,255.255.192.0,39392
29988,64.26.128.0,255.255.252.0,6939
25843,64.27.39.0,255.255.255.0,5405
16399,64.27.128.0,255.255.224.0,39392
12067,64.27.224.0,255.255.240.0,6939
53907,64.27.248.0,255.255.254.0,39392
393227,64.28.44.0,255.255.252.0,39392
33470,64.28.232.0,255.255.252.0,6939
11563,64.29.64.0,255.255.224.0,6939
15149,64.29.188.0,255.255.252.0,6939
14051,64.30.96.0,255.255.224.0,39392
11123,64.30.192.0,255.255.224.0,6939
16617,64.31.64.0,255.255.224.0,6939
6400,64.32.64.0,255.255.192.0,39392
24255,64.33.0.0,255.255.192.0,6939
34694,64.34.16.0,255.255.252.0,1764
20340,64.34.45.0,255.255.255.0,6939
36086,64.34.60.0,255.255.255.0,5405
35947,64.34.242.0,255.255.255.0,6939
11618,64.37.36.0,255.255.255.0,39392
18568,64.38.118.0,255.255.254.0,39392
2152,64.39.112.0,255.255.240.0,5405
16700,64.39.128.0,255.255.224.0,6939
53703,64.39.192.0,255.255.224.0,6939
6428,64.39.239.0,255.255.255.0,6939
22702,64.40.32.0,255.255.255.0,6939
22561,64.40.72.0,255.255.254.0,39392
14280,64.40.96.0,255.255.224.0,39392
15035,64.40.160.0,255.255.255.0,6939
32453,64.40.240.0,255.255.240.0,6939
557,64.45.64.0,255.255.192.0,6939
11696,64.45.160.0,255.255.255.0,6939
19855,64.47.0.0,255.255.0.0,6939
399772,64.49.29.0,255.255.255.0,6939
40160,64.52.5.0,255.255.255.0,5405
263444,64.52.14.0,255.255.255.0,263444
14615,64.53.22.0,255.255.255.0,39392
10279,64.53.36.0,255.255.255.0,39392
18671,64.53.59.0,255.255.255.0,39392
36843,64.56.80.0,255.255.254.0,6939
14131,64.56.96.0,255.255.224.0,39392
22457,64.56.132.0,255.255.254.0,6939
11537,64.57.16.0,255.255.240.0,6939
29831,64.57.48.0,255.255.240.0,6939
26727,64.57.160.0,255.255.255.0,39392
396106,64.57.192.0,255.255.254.0,6939
1403,64.58.32.0,255.255.240.0,6939
27589,64.59.64.0,255.255.192.0,6939
14440,64.61.197.0,255.255.255.0,6939
55262,64.62.137.0,255.255.255.0,6939
57,64.62.149.0,255.255.255.0,6939
53813,64.62.169.0,255.255.255.0,6939
15188,64.62.175.0,255.255.255.0,6939
13414,64.63.0.0,255.255.192.0,39392
63065,64.65.56.0,255.255.252.0,6939
18875,64.66.16.0,255.255.240.0,6939
29968,64.66.112.0,255.255.240.0,39392
53913,64.66.192.0,255.255.224.0,39392
394911,64.66.244.0,255.255.252.0,6939
27539,64.68.0.0,255.255.252.0,6939
30167,64.68.210.0,255.255.255.0,39392
399589,64.69.219.0,255.255.255.0,6939
25751,64.70.54.0,255.255.255.0,39392
32400,64.70.192.0,255.255.224.0,39392
33544,64.71.0.0,255.255.224.0,39392
1970,64.71.80.0,255.255.240.0,39392
63186,64.71.172.0,255.255.255.0,6939
11745,64.72.0.0,255.255.224.0,6939
27501,64.72.96.0,255.255.240.0,6939
396905,64.72.160.0,255.255.240.0,6939
3599,64.73.0.0,255.255.128.0,6939
55003,64.74.54.0,255.255.255.0,6939
23463,64.74.56.0,255.255.255.0,39392
29949,64.74.69.0,255.255.255.0,5405
19024,64.74.96.0,255.255.240.0,5405
12178,64.74.144.0,255.255.240.0,5405
36149,64.75.128.0,255.255.128.0,39392
28085,64.76.87.224,255.255.255.224,6939
262257,64.76.196.0,255.255.255.0,6939
27258,64.77.222.0,255.255.254.0,6939
16406,64.78.0.0,255.255.192.0,5405
19689,64.78.240.0,255.255.240.0,39392
393713,64.79.48.0,255.255.240.0,6939
53264,64.79.96.0,255.255.248.0,6939
26666,64.81.183.0,255.255.255.0,5405
40702,64.83.240.0,255.255.240.0,39392
19893,64.84.5.0,255.255.255.0,39392
25878,64.84.40.0,255.255.254.0,5405
10594,64.85.8.0,255.255.248.0,6939
11233,64.85.28.0,255.255.252.0,6939
21723,64.85.32.0,255.255.224.0,6939
19435,64.85.176.0,255.255.255.0,6939
18563,64.86.140.0,255.255.254.0,6939
11961,64.89.208.0,255.255.240.0,6939
29979,64.89.240.0,255.255.240.0,6939
26347,64.90.32.0,255.255.224.0,39392
393474,64.90.128.0,255.255.255.0,6939
21782,64.90.144.0,255.255.240.0,6939
27216,64.90.208.0,255.255.255.0,6939
6300,64.92.0.0,255.255.224.0,39392
33059,64.92.66.0,255.255.254.0,22356
21777,64.92.96.0,255.255.224.0,6939
11059,64.93.16.0,255.255.255.0,39392
393446,64.93.21.0,255.255.255.0,6939
11855,64.94.88.0,255.255.252.0,5405
53589,64.95.196.0,255.255.254.0,8218
32133,64.96.64.0,255.255.240.0,6939
22070,64.99.224.0,255.255.240.0,6939
6325,64.107.0.0,255.255.0.0,6939
60725,64.110.51.0,255.255.255.0,6939
803,64.110.192.0,255.255.192.0,6939
21686,64.111.176.0,255.255.240.0,39392
399203,64.112.108.0,255.255.252.0,6939
1226,64.112.128.0,255.255.224.0,39392
19605,64.112.190.0,255.255.255.0,6939
5078,64.112.240.0,255.255.240.0,6939
4213,64.113.24.0,255.255.254.0,39392
15154,64.113.32.0,255.255.240.0,6939
53292,64.113.48.0,255.255.255.0,6939
2698,64.113.64.0,255.255.224.0,6939
46491,64.113.176.0,255.255.248.0,6939
30635,64.113.240.0,255.255.240.0,39392
14551,64.116.0.0,255.254.0.0,39392
33392,64.117.46.0,255.255.255.0,39392
25637,64.118.0.0,255.255.240.0,6939
33284,64.118.48.0,255.255.255.0,6939
18948,64.118.208.0,255.255.240.0,6939
23465,64.122.37.0,255.255.255.0,6939
30419,64.125.96.0,255.255.255.0,39392
33481,64.125.160.0,255.255.248.0,6939
23138,64.126.128.0,255.255.192.0,6939
36813,64.127.80.0,255.255.240.0,6939
399331,64.127.132.0,255.255.252.0,6939
23481,64.127.200.0,255.255.252.0,6939
134469,64.127.224.0,255.255.224.0,6939
19233,64.128.14.0,255.255.255.0,6939
40244,64.128.116.0,255.255.254.0,6939
23136,64.130.208.0,255.255.240.0,6939
15250,64.131.16.0,255.255.240.0,6939
33745,64.132.136.0,255.255.254.0,22356
33395,64.132.199.0,255.255.255.0,39392
13645,64.135.0.0,255.255.128.0,39392
8855,64.135.208.0,255.255.255.0,6939
6536,64.135.224.0,255.255.224.0,39392
22079,64.136.108.0,255.255.252.0,6939
22775,64.138.143.0,255.255.255.0,6939
21565,64.138.192.0,255.255.255.0,39392
32415,64.139.128.0,255.255.255.0,6939
11915,64.140.24.0,255.255.248.0,39392
55943,64.140.144.0,255.255.240.0,6939
53359,64.141.5.0,255.255.255.0,39392
26554,64.141.128.0,255.255.192.0,6939
46253,64.145.73.0,255.255.255.0,39392
27373,64.146.172.0,255.255.255.0,6939
32020,64.147.80.0,255.255.240.0,39392
27446,64.147.208.0,255.255.240.0,39392
23404,64.178.176.0,255.255.255.0,6939
40020,64.178.224.0,255.255.254.0,6939
30119,64.178.242.0,255.255.255.0,39392
55230,64.184.120.0,255.255.248.0,39392
40284,64.184.232.0,255.255.254.0,6939
23265,64.185.96.0,255.255.224.0,6939
30524,64.185.240.0,255.255.248.0,6939
53766,64.186.24.0,255.255.254.0,6939
54483,64.186.160.0,255.255.254.0,6939
14317,64.186.192.0,255.255.240.0,6939
198095,64.187.108.0,255.255.255.0,6939
36817,64.187.210.0,255.255.254.0,6939
2381,64.189.15.0,255.255.255.0,6939
1767,64.189.120.0,255.255.252.0,6939
395597,64.189.140.0,255.255.255.0,39392
64238,64.191.0.0,255.255.254.0,6939
20298,64.191.4.0,255.255.252.0,6939
54661,64.191.12.0,255.255.255.0,39392
394749,64.191.192.0,255.255.255.0,6939
14609,64.191.195.0,255.255.255.0,6939
12085,64.191.210.0,255.255.255.0,6939
54588,64.191.211.0,255.255.255.0,6939
14244,64.191.212.0,255.255.255.0,6939
29884,64.191.214.0,255.255.255.0,6939
19930,64.191.215.0,255.255.255.0,6939
33606,64.193.224.0,255.255.255.0,39392
21541,64.194.64.0,255.255.248.0,39392
25660,64.198.221.0,255.255.255.0,39392
393238,64.199.254.0,255.255.254.0,6939
22747,64.200.32.0,255.255.248.0,39392
30041,64.201.96.0,255.255.255.0,39392
20161,64.201.160.0,255.255.224.0,6939
25817,64.203.96.0,255.255.240.0,6939
26329,64.207.192.0,255.255.255.0,6939
45178,64.207.208.0,255.255.255.0,6939
62856,64.207.216.0,255.255.252.0,6939
22581,64.208.21.0,255.255.255.0,6939
6404,64.209.89.0,255.255.255.0,6939
393275,64.211.219.128,255.255.255.128,39392
18809,64.213.56.0,255.255.248.0,6939
3512,64.214.127.128,255.255.255.224,39392
13672,64.222.133.0,255.255.255.0,39392
26277,64.235.33.0,255.255.255.0,6939
25769,64.235.64.0,255.255.224.0,6939
15024,64.235.96.0,255.255.240.0,6939
7314,64.237.100.0,255.255.255.0,6939
10674,64.238.160.0,255.255.224.0,39392
140766,64.239.24.0,255.255.252.0,6939
31662,64.239.60.0,255.255.255.0,39392
11062,64.239.63.0,255.255.255.0,39392
14453,64.239.124.0,255.255.254.0,6939
32592,64.239.202.0,255.255.255.0,39392
43139,64.240.77.0,255.255.255.0,6939
25694,64.244.48.0,255.255.240.0,6939
55043,64.244.193.0,255.255.255.0,6939
53939,64.246.160.0,255.255.224.0,6939
18725,64.250.17.0,255.255.255.0,263444
33130,64.250.80.0,255.255.240.0,6939
23367,64.250.112.0,255.255.240.0,39392
11650,64.250.192.0,255.255.224.0,6939
46996,64.251.32.0,255.255.248.0,39392
11584,64.251.40.0,255.255.248.0,39392
4364,64.253.96.0,255.255.224.0,39392
19171,64.253.128.0,255.255.224.0,6939
18486,64.254.103.0,255.255.255.0,39392
19806,64.254.119.0,255.255.255.0,6939
395662,64.255.160.0,255.255.224.0,6939
14371,65.18.204.0,255.255.252.0,6939
8057,65.19.224.0,255.255.224.0,6939
12041,65.22.0.0,255.255.255.0,24482
13657,65.22.14.0,255.255.255.0,39392
20021,65.36.128.0,255.255.128.0,39392
54527,65.38.40.0,255.255.255.0,6939
52423,65.38.100.0,255.255.255.0,22356
50075,65.38.180.0,255.255.255.0,39392
27005,65.39.96.0,255.255.224.0,6939
30432,65.48.64.0,255.255.240.0,6939
46650,65.48.134.0,255.255.254.0,6939
11139,65.48.144.0,255.255.255.0,6939
60154,65.49.26.0,255.255.255.0,6939
14397,65.49.128.0,255.255.254.0,39392
25914,65.49.152.0,255.255.248.0,6939
22379,65.49.240.0,255.255.252.0,6939
6596,65.50.199.0,255.255.255.0,6939
30367,65.51.10.0,255.255.255.0,39392
35880,65.51.66.0,255.255.255.0,39392
1632,65.51.95.0,255.255.255.0,39392
46904,65.51.203.0,255.255.255.0,39392
22345,65.51.251.0,255.255.255.0,39392
40443,65.59.112.0,255.255.255.0,39392
21730,65.61.64.0,255.255.224.0,6939
17018,65.74.128.0,255.255.192.0,39392
11067,65.79.192.0,255.255.224.0,6939
7784,65.79.224.0,255.255.240.0,6939
40080,65.87.10.0,255.255.255.0,39392
6621,65.88.96.0,255.255.240.0,6939
25653,65.98.0.0,255.255.128.0,39392
4307,65.111.224.0,255.255.248.0,6939
1742,65.112.0.0,255.255.240.0,6939
46849,65.116.14.0,255.255.254.0,6939
15238,65.117.201.0,255.255.255.0,39392
2707,65.127.100.0,255.255.254.0,39392
6223,65.144.124.0,255.255.255.0,39392
11708,65.164.172.0,255.255.252.0,6939
209341,65.181.113.0,255.255.255.0,39392
262197,65.182.12.0,255.255.255.0,39392
20238,65.182.112.0,255.255.240.0,6939
29709,65.182.119.0,255.255.255.0,6939
30689,65.183.0.0,255.255.240.0,6939
15267,65.183.224.0,255.255.224.0,6939
40321,65.198.73.0,255.255.255.0,39392
4451,65.198.87.0,255.255.255.0,39392
27781,65.198.230.0,255.255.255.0,6939
32982,65.199.24.0,255.255.255.0,6939
39960,65.204.48.0,255.255.255.0,6939
32551,65.206.83.0,255.255.255.0,39392
1294,65.207.122.0,255.255.255.0,6939
11081,65.208.122.0,255.255.254.0,6939
23097,65.209.112.0,255.255.255.0,6939
26355,65.212.129.0,255.255.255.0,6939
40901,65.215.116.0,255.255.255.0,39392
30280,65.242.130.0,255.255.255.0,39392
3783,65.254.20.0,255.255.255.0,6939
2552,65.254.96.0,255.255.224.0,6939
22299,65.254.160.0,255.255.255.0,6939
54579,65.255.130.0,255.255.255.0,6939
22663,66.6.200.0,255.255.248.0,6939
3657,66.7.96.0,255.255.255.0,6939
33480,66.7.148.0,255.255.255.0,5405
23260,66.9.32.0,255.255.248.0,6939
6368,66.11.96.0,255.255.240.0,39392
11817,66.11.128.0,255.255.255.0,6939
23227,66.11.133.0,255.255.255.0,6939
32160,66.11.232.0,255.255.248.0,6939
26860,66.17.96.0,255.255.224.0,6939
22572,66.18.64.0,255.255.240.0,5405
11711,66.18.160.0,255.255.240.0,6939
32808,66.29.160.0,255.255.224.0,6939
400940,66.33.22.0,255.255.254.0,5405
36593,66.33.99.0,255.255.255.0,6939
35847,66.33.104.0,255.255.248.0,39392
7270,66.33.128.0,255.255.224.0,22356
2734,66.35.64.0,255.255.254.0,6939
262415,66.35.66.0,255.255.255.0,22356
46328,66.36.96.0,255.255.252.0,6939
33635,66.36.112.0,255.255.240.0,6939
14361,66.36.226.0,255.255.254.0,39392
62641,66.37.44.0,255.255.255.0,39392
13333,66.37.48.0,255.255.240.0,39392
27008,66.39.160.0,255.255.224.0,6939
30059,66.42.206.0,255.255.255.0,6939
5056,66.43.192.0,255.255.192.0,6939
53347,66.43.202.0,255.255.255.0,6939
14477,66.44.225.0,255.255.255.0,39392
15290,66.46.20.0,255.255.255.0,39392
1248,66.54.64.0,255.255.224.0,6939
13771,66.54.120.0,255.255.252.0,39392
46401,66.54.132.0,255.255.255.0,6939
5760,66.55.192.0,255.255.224.0,6939
398044,66.59.200.0,255.255.255.0,39392
11766,66.60.64.0,255.255.240.0,39392
22442,66.60.224.0,255.255.254.0,39392
19092,66.62.0.0,255.255.0.0,39392
10947,66.62.70.0,255.255.254.0,6939
21632,66.62.89.0,255.255.255.0,6939
11215,66.64.0.0,255.255.192.0,39392
45187,66.70.1.0,255.255.255.0,263444
3999,66.71.0.0,255.255.128.0,6939
22093,66.73.24.0,255.255.254.0,6939
53791,66.78.96.0,255.255.224.0,6939
11666,66.79.224.0,255.255.248.0,6939
6267,66.80.99.0,255.255.255.0,39392
44965,66.81.220.0,255.255.255.0,39392
40627,66.81.240.0,255.255.240.0,6939
14586,66.85.14.0,255.255.255.0,39392
32751,66.85.15.0,255.255.255.0,39392
62537,66.85.48.0,255.255.252.0,6939
18683,66.85.63.0,255.255.255.0,39392
40501,66.85.88.0,255.255.255.0,22356
63318,66.85.252.0,255.255.254.0,6939
14288,66.90.0.0,255.255.252.0,39392
11749,66.90.17.0,255.255.255.0,39392
272524,66.92.4.0,255.255.254.0,22356
32923,66.94.48.0,255.255.255.0,39392
13337,66.96.0.0,255.255.240.0,6939
30528,66.96.16.0,255.255.240.0,6939
46208,66.96.96.0,255.255.240.0,6939
132132,66.96.222.0,255.255.255.0,24482
133798,66.96.240.0,255.255.240.0,6939
26677,66.97.16.0,255.255.240.0,39392
33125,66.97.96.0,255.255.240.0,6939
26794,66.97.224.0,255.255.224.0,6939
19149,66.98.104.0,255.255.248.0,39392
397803,66.102.48.0,255.255.240.0,6939
36678,66.102.241.0,255.255.255.0,6939
16557,66.103.128.0,255.255.224.0,6939
13487,66.103.154.0,255.255.255.0,22356
15221,66.113.0.0,255.255.224.0,6939
23308,66.113.64.0,255.255.224.0,39392
30170,66.113.96.0,255.255.240.0,6939
26894,66.114.0.0,255.255.224.0,6939
5742,66.116.0.0,255.255.192.0,39392
19920,66.117.53.0,255.255.255.0,5405
10692,66.117.160.0,255.255.224.0,6939
955,66.118.228.0,255.255.252.0,6939
30455,66.118.246.0,255.255.255.0,6939
22364,66.119.64.0,255.255.252.0,39392
263783,66.119.93.0,255.255.255.0,22356
30336,66.119.128.0,255.255.240.0,6939
7819,66.128.48.0,255.255.240.0,39392
54665,66.128.128.0,255.255.240.0,39392
23550,66.129.160.0,255.255.255.0,39392
18897,66.135.64.0,255.255.248.0,6939
29900,66.146.240.0,255.255.240.0,6939
23535,66.147.224.0,255.255.240.0,6939
22771,66.150.78.0,255.255.255.0,5405
32522,66.154.128.0,255.255.128.0,6939
16532,66.158.128.0,255.255.224.0,6939
12028,66.159.48.0,255.255.240.0,39392
55053,66.159.108.0,255.255.252.0,6939
401199,66.163.223.0,255.255.255.0,39392
6597,66.163.224.0,255.255.224.0,6939
3853,66.165.0.0,255.255.224.0,6939
6295,66.165.32.0,255.255.252.0,39392
4150,66.170.0.0,255.255.224.0,6939
13819,66.170.32.0,255.255.224.0,39392
33666,66.170.177.0,255.255.255.0,39392
35,66.170.224.0,255.255.248.0,39392
17310,66.171.80.0,255.255.240.0,39392
9505,66.171.112.0,255.255.248.0,39392
16582,66.171.144.0,255.255.248.0,6939
7296,66.171.240.0,255.255.255.0,39392
26785,66.175.192.0,255.255.240.0,6939
36012,66.178.160.0,255.255.240.0,6939
16880,66.180.80.0,255.255.240.0,6939
14325,66.181.224.0,255.255.240.0,5405
6082,66.182.128.0,255.255.252.0,39392
1288,66.185.119.0,255.255.255.0,1764
2559,66.185.176.0,255.255.240.0,5405
22639,66.186.204.0,255.255.255.0,6939
30071,66.186.206.0,255.255.255.0,6939
11402,66.187.160.0,255.255.240.0,39392
46860,66.187.160.0,255.255.248.0,39392
19881,66.192.13.0,255.255.255.0,6939
32268,66.192.14.0,255.255.255.0,39392
18898,66.193.40.0,255.255.255.128,5405
54201,66.193.99.64,255.255.255.224,6939
46381,66.193.237.0,255.255.255.0,6939
29921,66.195.39.0,255.255.255.0,39392
396040,66.196.32.0,255.255.240.0,6939
13765,66.196.48.0,255.255.240.0,6939
4136,66.197.115.0,255.255.255.0,39392
394968,66.197.117.0,255.255.255.0,5405
11767,66.197.119.0,255.255.255.0,39392
22320,66.203.16.0,255.255.240.0,6939
12247,66.203.32.0,255.255.224.0,6939
205809,66.203.126.0,255.255.254.0,39392
13614,66.205.192.0,255.255.240.0,39392
30255,66.205.235.0,255.255.255.0,39392
62935,66.205.244.0,255.255.254.0,6939
394280,66.205.248.0,255.255.254.0,6939
33734,66.207.0.0,255.255.224.0,6939
399946,66.207.62.0,255.255.255.0,6939
19261,66.207.128.0,255.255.240.0,6939
14408,66.207.144.0,255.255.255.0,39392
63306,66.207.190.0,255.255.255.0,39392
22925,66.208.0.0,255.255.192.0,39392
16857,66.208.96.0,255.255.255.0,6939
5006,66.208.189.0,255.255.255.0,5405
7106,66.209.128.0,255.255.240.0,6939
394708,66.209.134.0,255.255.254.0,6939
3714,66.209.160.0,255.255.240.0,39392
30264,66.211.16.0,255.255.240.0,6939
10367,66.211.128.0,255.255.240.0,39392
62913,66.212.60.0,255.255.254.0,6939
21525,66.212.64.0,255.255.240.0,39392
4208,66.213.160.0,255.255.240.0,6939
33003,66.213.176.0,255.255.240.0,6939
62605,66.219.167.0,255.255.255.0,6939
17356,66.220.224.0,255.255.224.0,6939
54549,66.223.104.0,255.255.254.0,39392
14116,66.226.80.0,255.255.248.0,22356
12033,66.226.96.0,255.255.224.0,6939
23031,66.231.64.0,255.255.252.0,22356
36374,66.234.112.0,255.255.240.0,6939
62246,66.235.104.0,255.255.255.0,6939
215470,66.235.110.0,255.255.255.0,6939
26978,66.235.224.0,255.255.224.0,39392
10439,66.240.192.0,255.255.192.0,39392
25649,66.242.160.0,255.255.240.0,39392
18596,66.242.192.0,255.255.224.0,6939
32524,66.244.128.0,255.255.240.0,39392
63290,66.245.176.0,255.255.252.0,39392
33218,66.245.184.0,255.255.248.0,6939
968,66.248.234.0,255.255.255.0,6939
27228,66.248.254.0,255.255.255.0,39392
33582,66.249.156.0,255.255.255.0,39392
198335,66.250.23.0,255.255.255.0,39392
394611,66.251.240.0,255.255.240.0,39392
20080,67.17.206.0,255.255.255.0,6939
32806,67.21.16.0,255.255.240.0,6939
11084,67.21.96.0,255.255.240.0,6939
35998,67.21.152.0,255.255.252.0,6939
11019,67.22.53.0,255.255.255.0,22356
40473,67.22.80.0,255.255.240.0,6939
36731,67.22.120.0,255.255.248.0,6939
40015,67.23.96.0,255.255.224.0,6939
20009,67.23.144.0,255.255.240.0,6939
36687,67.23.192.0,255.255.240.0,6939
33359,67.43.80.0,255.255.255.0,6939
27630,67.43.160.0,255.255.240.0,39392
394883,67.43.208.0,255.255.240.0,6939
19717,67.50.119.0,255.255.255.0,39392
32397,67.51.253.0,255.255.255.0,6939
20273,67.55.134.0,255.255.255.0,6939
399559,67.55.135.0,255.255.255.0,6939
54374,67.55.151.0,255.255.255.0,6939
46892,67.55.220.0,255.255.255.0,6939
46506,67.58.77.0,255.255.255.0,6939
54523,67.59.86.0,255.255.254.0,22356
22667,67.59.192.0,255.255.240.0,6939
200184,67.63.57.0,255.255.255.0,6939
394453,67.72.50.0,255.255.255.0,6939
1410,67.132.2.0,255.255.255.0,39392
13596,67.135.246.0,255.255.255.0,39392
46175,67.158.240.0,255.255.240.0,39392
17222,67.159.224.0,255.255.224.0,22356
46293,67.199.192.0,255.255.240.0,39392
19554,67.202.160.0,255.255.240.0,6939
7752,67.206.178.0,255.255.255.0,6939
14939,67.206.179.0,255.255.255.0,6939
393891,67.206.186.0,255.255.255.0,6939
11481,67.207.0.0,255.255.224.0,39392
33749,67.209.0.0,255.255.224.0,39392
23158,67.209.56.0,255.255.248.0,6939
401703,67.210.96.0,255.255.255.0,6939
40028,67.213.64.0,255.255.224.0,39392
10278,67.213.147.0,255.255.255.0,6939
20081,67.213.160.0,255.255.255.0,39392
398233,67.214.119.0,255.255.255.0,6939
4459,67.214.150.0,255.255.254.0,6939
36692,67.215.64.0,255.255.255.0,6939
18895,67.215.96.0,255.255.248.0,6939
395471,67.215.101.0,255.255.255.0,6939
26878,67.216.20.0,255.255.252.0,39392
46786,67.216.90.0,255.255.255.0,39392
29944,67.217.160.0,255.255.224.0,6939
30110,67.218.64.0,255.255.240.0,6939
15123,67.218.212.0,255.255.255.0,39392
54455,67.219.144.0,255.255.254.0,6939
36591,67.219.176.0,255.255.252.0,39392
399494,67.220.34.0,255.255.255.0,6939
33333,67.220.64.0,255.255.224.0,6939
40317,67.221.128.0,255.255.240.0,6939
8038,67.221.240.0,255.255.255.0,5405
15562,67.221.245.0,255.255.255.0,6939
30277,67.222.128.0,255.255.224.0,6939
54119,67.222.164.0,255.255.255.0,6939
62715,67.222.252.0,255.255.255.0,6939
30176,67.223.96.0,255.255.240.0,39392
15321,67.223.128.0,255.255.240.0,6939
21803,67.223.160.0,255.255.255.0,6939
394102,67.226.208.0,255.255.255.0,39392
12130,67.231.0.0,255.255.240.0,22356
13498,67.231.80.0,255.255.255.0,39392
46454,68.64.72.0,255.255.254.0,6939
46749,68.65.160.0,255.255.240.0,6939
11013,68.68.16.0,255.255.240.0,6939
21808,68.68.116.0,255.255.255.0,39392
149522,68.69.120.0,255.255.252.0,22356
29974,68.69.128.0,255.255.224.0,6939
30174,68.70.32.0,255.255.248.0,6939
20388,68.70.123.0,255.255.255.0,6939
8134,68.70.128.0,255.255.240.0,6939
14500,68.70.144.0,255.255.252.0,6939
53486,68.71.0.0,255.255.224.0,6939
13324,68.90.68.0,255.255.254.0,39392
22438,68.168.0.0,255.255.240.0,6939
53306,68.169.224.0,255.255.240.0,39392
47870,68.170.20.0,255.255.255.0,39392
26744,68.170.240.0,255.255.240.0,39392
13654,68.171.16.0,255.255.255.0,6939
22878,68.171.208.0,255.255.240.0,6939
46093,68.208.127.0,255.255.255.0,6939
22987,68.209.128.0,255.255.128.0,39392
11990,68.233.41.0,255.255.255.0,39392
12154,68.233.128.0,255.255.248.0,39392
16825,68.234.37.0,255.255.255.0,39392
32625,68.251.204.0,255.255.255.0,39392
25961,69.1.111.0,255.255.255.0,6939
64228,69.1.148.0,255.255.255.0,6939
20355,69.2.32.0,255.255.224.0,39392
21981,69.2.160.0,255.255.240.0,6939
46742,69.5.75.0,255.255.255.0,39392
18516,69.5.96.0,255.255.240.0,39392
53423,69.5.192.0,255.255.224.0,39392
30663,69.5.224.0,255.255.240.0,39392
131926,69.6.64.0,255.255.240.0,39392
26792,69.7.32.0,255.255.224.0,6939
18618,69.7.82.0,255.255.255.0,6939
21766,69.8.160.0,255.255.240.0,6939
20394,69.10.192.0,255.255.240.0,6939
30028,69.12.32.0,255.255.252.0,6939
63179,69.12.56.0,255.255.248.0,39392
1968,69.16.0.0,255.255.128.0,6939
1929,69.16.44.0,255.255.254.0,6939
11269,69.17.192.0,255.255.224.0,39392
40475,69.22.175.0,255.255.255.0,39392
26410,69.24.32.0,255.255.240.0,39392
31841,69.24.224.0,255.255.240.0,6939
28110,69.25.4.0,255.255.255.0,22356
46108,69.26.36.0,255.255.255.0,22356
35953,69.26.49.0,255.255.255.0,39392
7268,69.28.0.0,255.255.224.0,6939
6423,69.30.0.0,255.255.192.0,6939
208259,69.33.182.0,255.255.254.0,39392
393950,69.36.0.0,255.255.240.0,6939
33353,69.36.129.0,255.255.255.0,6939
30263,69.36.192.0,255.255.240.0,6939
19197,69.41.35.0,255.255.255.0,5405
29953,69.41.192.0,255.255.240.0,6939
21992,69.42.176.0,255.255.240.0,39392
32432,69.43.64.0,255.255.255.0,39392
30362,69.43.224.0,255.255.240.0,6939
16260,69.43.240.0,255.255.254.0,6939
26209,69.44.136.0,255.255.254.0,6939
32323,69.46.115.0,255.255.255.0,6939
26328,69.49.192.0,255.255.255.0,6939
32391,69.49.208.0,255.255.240.0,6939
14007,69.50.160.0,255.255.224.0,6939
21709,69.54.32.0,255.255.240.0,6939
10302,69.55.160.0,255.255.240.0,39392
30072,69.55.192.0,255.255.240.0,6939
11038,69.57.164.0,255.255.252.0,6939
199404,69.57.172.0,255.255.255.0,5405
54434,69.57.176.0,255.255.248.0,6939
401307,69.58.54.0,255.255.254.0,6939
3601,69.59.0.0,255.255.255.0,6939
13868,69.59.192.0,255.255.224.0,39392
4261,69.64.0.0,255.255.240.0,39392
40948,69.64.115.0,255.255.255.0,6939
13745,69.67.67.0,255.255.255.0,6939
32363,69.71.0.0,255.255.255.0,6939
25625,69.71.128.0,255.255.248.0,6939
46446,69.71.192.0,255.255.240.0,6939
27552,69.72.24.0,255.255.252.0,39392
63343,69.72.56.0,255.255.252.0,6939
40165,69.72.78.0,255.255.255.0,39392
51713,69.72.248.0,255.255.255.0,39392
26454,69.74.24.0,255.255.255.0,39392
39981,69.74.25.0,255.255.255.0,39392
16590,69.74.90.0,255.255.255.0,39392
19961,69.74.91.0,255.255.255.0,39392
40002,69.74.144.0,255.255.255.0,39392
18458,69.74.186.0,255.255.255.0,39392
40163,69.74.216.0,255.255.255.0,39392
30416,69.74.254.0,255.255.255.0,39392
2495,69.77.0.0,255.255.128.0,6939
264821,69.79.26.0,255.255.255.0,6939
20257,69.80.80.0,255.255.240.0,39392
36715,69.80.144.0,255.255.240.0,39392
14543,69.84.16.0,255.255.240.0,39392
30286,69.84.176.0,255.255.255.0,39392
18647,69.84.240.0,255.255.240.0,39392
12100,69.85.91.0,255.255.255.0,6939
21898,69.87.224.0,255.255.255.0,6939
26873,69.89.160.0,255.255.240.0,6939
33362,69.89.192.0,255.255.240.0,6939
22964,69.90.49.0,255.255.255.0,6939
11114,69.94.48.0,255.255.248.0,39392
41697,69.94.125.0,255.255.255.0,5405
25956,69.94.224.0,255.255.224.0,39392
30257,69.160.164.0,255.255.252.0,6939
35871,69.161.32.0,255.255.255.0,6939
22359,69.161.210.0,255.255.254.0,39120
25875,69.165.96.0,255.255.255.0,39392
3856,69.166.10.0,255.255.255.0,39392
11827,69.166.44.0,255.255.252.0,6939
394345,69.166.60.0,255.255.255.0,6939
214657,69.166.232.0,255.255.254.0,22356
13857,69.168.112.0,255.255.248.0,6939
63033,69.171.220.0,255.255.255.0,6939
26667,69.173.144.0,255.255.255.0,39392
22413,69.173.194.0,255.255.255.0,6939
54373,69.174.176.0,255.255.240.0,6939
3801,69.176.0.0,255.255.255.0,39392
36610,69.176.31.0,255.255.255.0,6939
10423,69.176.128.0,255.255.224.0,6939
9902,69.194.192.0,255.255.240.0,39392
400818,69.197.130.0,255.255.255.0,6939
32381,70.32.140.0,255.255.255.0,22356
6419,70.34.66.0,255.255.255.0,6939
32034,70.35.146.0,255.255.255.0,22356
40620,70.42.154.0,255.255.255.0,6939
53616,70.42.212.0,255.255.255.0,6939
29844,70.97.45.0,255.255.255.0,6939
53595,70.227.118.0,255.255.255.0,5405
396986,71.18.1.0,255.255.255.0,5405
138699,71.18.247.0,255.255.255.0,6939
19133,71.19.224.0,255.255.252.0,6939
46416,71.146.224.0,255.255.254.0,6939
40845,72.1.48.0,255.255.240.0,6939
15108,72.8.64.0,255.255.192.0,6939
11714,72.15.160.0,255.255.240.0,6939
7151,72.20.96.0,255.255.224.0,39392
394151,72.21.17.0,255.255.255.0,39392
27455,72.21.174.0,255.255.255.0,5405
62648,72.22.192.0,255.255.248.0,39392
17380,72.22.224.0,255.255.224.0,39392
32045,72.26.113.0,255.255.255.0,39392
14589,72.29.160.0,255.255.224.0,39392
59,72.33.0.0,255.255.0.0,6939
40581,72.35.208.0,255.255.240.0,6939
40387,72.36.120.0,255.255.248.0,6939
16805,72.36.225.0,255.255.255.0,5405
266165,72.44.16.0,255.255.252.0,22356
266166,72.44.20.0,255.255.252.0,22356
62833,72.46.16.0,255.255.255.0,6939
17005,72.46.66.0,255.255.254.0,39392
393444,72.46.112.0,255.255.240.0,6939
56286,72.57.145.0,255.255.255.0,6939
11240,72.162.200.0,255.255.254.0,39392
3479,72.162.240.0,255.255.254.0,39392
62915,72.172.76.0,255.255.252.0,6939
62712,72.235.132.0,255.255.252.0,39392
270439,72.244.130.0,255.255.255.0,22356
33501,72.250.176.0,255.255.240.0,6939
22568,72.250.224.0,255.255.255.0,39392
14754,72.252.96.0,255.255.252.0,39392
63052,74.3.186.0,255.255.255.0,6939
26395,74.51.244.0,255.255.255.0,6939
20284,74.85.142.0,255.255.255.0,5405
19704,74.85.159.0,255.255.255.0,39392
400475,74.91.114.0,255.255.255.0,39392
46195,74.112.40.0,255.255.248.0,39392
46276,74.112.90.0,255.255.255.0,6939
33725,74.112.208.0,255.255.248.0,6939
33069,74.112.240.0,255.255.252.0,39392
31893,74.113.56.0,255.255.248.0,39392
31769,74.113.160.0,255.255.248.0,6939
395571,74.113.208.0,255.255.255.0,6939
13823,74.113.240.0,255.255.252.0,6939
54107,74.114.10.0,255.255.255.0,5405
40867,74.114.72.0,255.255.248.0,6939
47002,74.114.88.0,255.255.252.0,6939
22335,74.114.96.0,255.255.255.0,6939
10764,74.114.98.0,255.255.254.0,6939
23225,74.114.120.0,255.255.254.0,6939
142007,74.114.168.0,255.255.252.0,6939
27232,74.114.208.0,255.255.255.0,6939
27647,74.115.49.0,255.255.255.0,6939
32413,74.115.88.0,255.255.248.0,6939
17185,74.115.168.0,255.255.248.0,39392
16912,74.115.228.0,255.255.252.0,39392
31845,74.116.26.0,255.255.254.0,6939
27400,74.116.160.0,255.255.248.0,6939
42909,74.116.176.0,255.255.255.0,6939
32270,74.117.24.0,255.255.248.0,39392
21529,74.118.48.0,255.255.255.0,6939
46193,74.118.88.0,255.255.252.0,6939
63157,74.118.98.0,255.255.254.0,39392
11170,74.118.152.0,255.255.248.0,6939
46309,74.118.180.0,255.255.252.0,39392
19750,74.119.117.0,255.255.255.0,39392
62759,74.119.124.0,255.255.252.0,39392
39975,74.119.148.0,255.255.255.0,22356
10661,74.119.224.0,255.255.255.0,39392
13722,74.120.12.0,255.255.255.0,6939
18675,74.120.20.0,255.255.255.0,6939
12102,74.120.152.0,255.255.252.0,6939
22300,74.120.184.0,255.255.255.0,6939
53708,74.121.30.0,255.255.254.0,5405
376,74.121.120.0,255.255.252.0,39392
23033,74.121.184.0,255.255.255.0,6939
398453,74.122.144.0,255.255.252.0,6939
62844,74.122.148.0,255.255.255.0,6939
15211,74.122.184.0,255.255.248.0,39392
36698,74.122.208.0,255.255.248.0,39392
30676,74.123.16.0,255.255.248.0,39392
55064,74.123.29.0,255.255.255.0,5405
16938,74.123.146.0,255.255.255.0,6939
18865,74.123.224.0,255.255.255.0,6939
14401,74.123.244.0,255.255.252.0,6939
15313,74.124.144.0,255.255.240.0,39392
22191,74.127.107.0,255.255.255.0,6939
17303,74.188.240.0,255.255.252.0,6939
16905,74.200.150.0,255.255.255.0,6939
14085,74.200.183.0,255.255.255.0,6939
26122,74.203.239.0,255.255.255.0,6939
14209,74.205.132.0,255.255.255.0,39392
401909,74.207.192.0,255.255.254.0,39392
22062,74.207.216.0,255.255.255.0,6939
11739,74.209.162.0,255.255.255.0,6939
3361,74.209.168.0,255.255.255.0,6939
22739,74.214.64.0,255.255.224.0,39392
19189,74.214.194.0,255.255.255.0,39392
393423,74.221.231.0,255.255.255.0,39392
63383,75.102.131.0,255.255.255.0,39392
53991,75.127.100.0,255.255.255.0,49544
7349,75.141.75.0,255.255.255.0,6939
23132,75.141.86.0,255.255.255.0,6939
11195,76.9.240.0,255.255.240.0,39392
23222,76.58.18.0,255.255.254.0,6939
22513,76.58.28.0,255.255.254.0,6939
20231,76.58.46.0,255.255.254.0,6939
30526,76.72.240.0,255.255.240.0,6939
53525,76.74.210.0,255.255.255.0,6939
46455,76.77.16.0,255.255.255.0,39392
32440,76.165.7.0,255.255.255.0,6939
54529,76.165.201.0,255.255.255.0,6939
2048,76.165.205.0,255.255.255.0,6939
12334,77.26.0.0,255.255.192.0,39392
48424,77.32.240.0,255.255.255.0,39392
12332,77.34.0.0,255.254.0.0,6939
983,77.37.77.0,255.255.255.0,6939
5394,77.39.160.0,255.255.224.0,6939
8615,77.41.0.0,255.255.128.0,6939
20919,77.41.188.0,255.255.254.0,6939
42020,77.42.248.0,255.255.255.0,39392
35191,77.45.0.0,255.255.128.0,5405
41676,77.46.0.0,255.255.252.0,5405
41931,77.46.4.0,255.255.252.0,39392
25500,77.47.128.0,255.255.248.0,6939
30900,77.47.213.0,255.255.255.0,6939
34602,77.50.0.0,255.255.0.0,6939
25515,77.51.0.0,255.255.0.0,6939
25233,77.64.0.0,255.255.128.0,6939
16202,77.64.128.0,255.255.128.0,5405
42402,77.65.136.0,255.255.252.0,39392
202050,77.65.142.0,255.255.254.0,5405
213174,77.65.160.0,255.255.248.0,5405
207033,77.65.171.0,255.255.255.0,5405
210220,77.65.176.0,255.255.252.0,39392
198408,77.65.189.0,255.255.255.0,6939
42503,77.65.204.0,255.255.255.0,6939
211516,77.65.220.0,255.255.254.0,5405
5416,77.69.128.0,255.255.192.0,6939
5377,77.70.128.0,255.255.128.0,6939
29687,77.71.0.0,255.255.240.0,6939
57619,77.71.112.0,255.255.255.0,6939
34606,77.72.32.0,255.255.248.0,39392
42310,77.72.72.0,255.255.254.0,6939
42325,77.72.106.0,255.255.255.0,39392
8674,77.72.224.0,255.255.248.0,5405
56628,77.73.16.0,255.255.252.0,6939
8641,77.73.24.0,255.255.248.0,6939
42515,77.73.56.0,255.255.248.0,39392
43317,77.73.64.0,255.255.248.0,6939
202046,77.73.108.0,255.255.255.0,6939
42579,77.73.144.0,255.255.248.0,39392
43284,77.73.240.0,255.255.248.0,39392
42840,77.73.248.0,255.255.248.0,5405
42753,77.74.24.0,255.255.248.0,6939
43545,77.74.104.0,255.255.248.0,5405
33811,77.74.232.0,255.255.248.0,39392
43037,77.75.72.0,255.255.254.0,39392
42903,77.75.80.0,255.255.248.0,39392
43019,77.75.88.0,255.255.255.0,39392
42919,77.75.128.0,255.255.248.0,6939
43247,77.75.152.0,255.255.248.0,6939
6204,77.75.192.0,255.255.255.0,6939
206577,77.75.226.0,255.255.255.0,39392
29582,77.76.3.0,255.255.255.0,5405
39251,77.76.16.0,255.255.240.0,5405
31029,77.76.128.0,255.255.248.0,39392
20750,77.76.136.0,255.255.255.0,6939
49849,77.77.128.0,255.255.248.0,4455
34569,77.78.0.0,255.255.192.0,5405
61071,77.78.25.0,255.255.255.0,6939
15685,77.78.76.0,255.255.255.0,6939
204383,77.78.77.0,255.255.255.0,39392
209369,77.78.90.0,255.255.255.0,39392
202081,77.79.249.0,255.255.255.0,6939
760,77.80.0.0,255.255.128.0,1764
39861,77.81.4.0,255.255.255.0,39392
56430,77.81.64.0,255.255.255.0,5405
56654,77.81.68.0,255.255.252.0,6939
34974,77.82.0.0,255.255.240.0,6939
209739,77.83.52.0,255.255.254.0,6939
39273,77.83.88.0,255.255.252.0,6939
200409,77.83.112.0,255.255.252.0,6939
209731,77.83.128.0,255.255.252.0,5405
205718,77.83.144.0,255.255.252.0,6939
43341,77.83.176.0,255.255.252.0,39392
56835,77.83.188.0,255.255.254.0,6939
216341,77.83.207.0,255.255.255.0,6939
199837,77.83.216.0,255.255.252.0,6939
51765,77.83.247.0,255.255.255.0,6939
42763,77.87.0.0,255.255.248.0,6939
44194,77.87.48.0,255.255.248.0,39392
51373,77.87.72.0,255.255.255.0,5405
203210,77.87.73.0,255.255.255.0,5405
42154,77.87.76.0,255.255.255.0,5405
43182,77.87.96.0,255.255.255.0,5405
29107,77.87.144.0,255.255.252.0,6939
43338,77.87.176.0,255.255.252.0,6939
20792,77.87.189.0,255.255.255.0,5405
43404,77.87.200.0,255.255.248.0,6939
43420,77.87.216.0,255.255.248.0,39392
16246,77.87.232.0,255.255.248.0,39392
61297,77.88.192.0,255.255.248.0,6939
31445,77.88.224.0,255.255.255.0,6939
29534,77.88.237.0,255.255.255.0,6939
31423,77.89.64.0,255.255.192.0,39392
212049,77.90.9.0,255.255.255.0,5405
197477,77.90.10.0,255.255.255.0,5405
215828,77.90.25.0,255.255.255.0,5405
200461,77.90.44.0,255.255.255.0,5405
34120,77.90.64.0,255.255.248.0,209531
202725,77.90.99.0,255.255.255.0,6939
197225,77.90.103.0,255.255.255.0,6939
62425,77.90.131.0,255.255.255.0,5405
213529,77.90.183.0,255.255.255.0,5405
12695,77.90.189.0,255.255.255.0,5405
42861,77.91.92.0,255.255.252.0,6939
207168,77.91.98.0,255.255.254.0,6939
43012,77.91.216.0,255.255.248.0,39392
199420,77.91.224.0,255.255.248.0,6939
30975,77.92.32.0,255.255.224.0,39392
44620,77.92.151.0,255.255.255.0,5405
43022,77.93.32.0,255.255.224.0,6939
213845,77.93.88.0,255.255.255.0,5405
200428,77.93.92.0,255.255.252.0,6939
60772,77.94.64.0,255.255.252.0,39392
43061,77.94.128.0,255.255.224.0,5405
199422,77.95.64.0,255.255.252.0,39392
43226,77.95.128.0,255.255.248.0,6939
39449,77.95.160.0,255.255.248.0,39392
43185,77.95.208.0,255.255.248.0,39392
25332,77.95.232.0,255.255.254.0,39392
43190,77.95.248.0,255.255.248.0,39392
205207,77.104.92.0,255.255.255.0,6939
216334,77.105.131.0,255.255.255.0,6939
210443,77.105.176.0,255.255.255.0,5405
42396,77.109.0.0,255.255.254.0,6939
9031,77.109.64.0,255.255.192.0,39392
201642,77.111.66.0,255.255.254.0,5405
996,77.111.119.0,255.255.255.0,22356
198736,77.111.236.0,255.255.255.0,39392
39356,77.111.252.0,255.255.252.0,5405
35680,77.120.96.0,255.255.252.0,39392
30896,77.220.0.0,255.255.240.0,6939
39811,77.220.62.0,255.255.255.0,6939
42632,77.220.160.0,255.255.254.0,6939
51898,77.220.204.0,255.255.255.0,6939
51162,77.220.206.0,255.255.255.0,6939
62310,77.220.248.0,255.255.248.0,5405
197889,77.221.32.0,255.255.252.0,5405
216246,77.221.151.0,255.255.255.0,6939
42676,77.221.192.0,255.255.240.0,6939
44112,77.222.32.0,255.255.255.0,6939
206557,77.222.160.0,255.255.224.0,39392
28919,77.223.0.0,255.255.252.0,1764
43391,77.223.128.0,255.255.240.0,6939
47110,77.223.216.0,255.255.248.0,39392
42478,77.233.0.0,255.255.224.0,6939
49113,77.234.56.0,255.255.248.0,6939
12778,77.234.128.0,255.255.224.0,39392
41750,77.235.0.0,255.255.224.0,6939
42539,77.235.80.0,255.255.248.0,1764
9113,77.236.32.0,255.255.224.0,6939
47493,77.237.128.0,255.255.224.0,39392
12387,77.237.192.0,255.255.224.0,4455
199599,77.238.96.0,255.255.248.0,6939
34550,77.238.128.0,255.255.252.0,6939
41371,77.240.32.0,255.255.255.0,6939
34066,77.240.48.0,255.255.240.0,39392
42943,77.240.80.0,255.255.252.0,6939
44206,77.240.160.0,255.255.240.0,5405
24641,77.240.176.0,255.255.240.0,39392
34049,77.240.181.0,255.255.255.0,39392
42300,77.240.240.0,255.255.252.0,5405
34326,77.240.244.0,255.255.252.0,39392
24645,77.240.248.0,255.255.252.0,209531
44858,77.241.68.0,255.255.252.0,39392
200030,77.241.164.0,255.255.252.0,6939
20799,77.241.176.0,255.255.240.0,39392
42517,77.241.224.0,255.255.240.0,39392
42451,77.242.0.0,255.255.255.0,6939
42463,77.242.40.0,255.255.248.0,39392
15493,77.242.96.0,255.255.240.0,6939
42669,77.242.176.0,255.255.240.0,39392
208800,77.242.240.0,255.255.255.0,5405
20969,77.243.160.0,255.255.240.0,39392
24951,77.244.48.0,255.255.240.0,6939
31424,77.245.16.0,255.255.240.0,6939
39931,77.245.128.0,255.255.240.0,39392
39264,77.245.208.0,255.255.240.0,6939
42907,77.245.224.0,255.255.255.0,6939
42968,77.245.240.0,255.255.240.0,39392
42965,77.246.112.0,255.255.240.0,39392
16302,77.246.192.0,255.255.240.0,39392
60447,77.246.208.0,255.255.254.0,39392
210728,77.246.243.0,255.255.255.0,39392
42808,77.247.0.0,255.255.255.0,6939
39724,77.247.100.0,255.255.255.0,39392
42132,77.247.128.0,255.255.240.0,6939
43568,77.247.144.0,255.255.240.0,39392
43248,77.247.224.0,255.255.248.0,39392
61237,77.247.239.0,255.255.255.0,6939
197790,78.9.100.0,255.255.255.0,5405
2110,78.16.0.0,255.252.0.0,39392
21446,78.24.152.0,255.255.248.0,6939
34409,78.24.160.0,255.255.255.0,39392
31626,78.24.176.0,255.255.252.0,6939
200410,78.24.201.0,255.255.255.0,5405
196906,78.25.4.0,255.255.254.0,6939
202896,78.26.126.0,255.255.255.0,39392
39479,78.26.127.0,255.255.255.0,5405
34187,78.26.128.0,255.255.192.0,6939
44914,78.28.0.0,255.255.224.0,39392
6747,78.28.197.0,255.255.255.0,39392
15703,78.31.48.0,255.255.248.0,39392
57476,78.31.120.0,255.255.248.0,5405
8423,78.31.128.0,255.255.248.0,5405
44124,78.31.136.0,255.255.248.0,5405
44692,78.31.144.0,255.255.254.0,6939
199136,78.31.160.0,255.255.254.0,5405
199138,78.31.162.0,255.255.254.0,6939
62179,78.31.184.0,255.255.248.0,6939
200807,78.31.212.0,255.255.254.0,39392
212657,78.31.215.0,255.255.255.0,6939
8422,78.34.0.0,255.254.0.0,39392
43299,78.40.24.0,255.255.248.0,5405
29017,78.40.58.0,255.255.255.0,5405
34146,78.40.72.0,255.255.255.0,39392
50015,78.40.119.0,255.255.255.0,6939
39605,78.40.120.0,255.255.248.0,39392
39505,78.40.136.0,255.255.255.0,39392
203410,78.40.140.0,255.255.255.0,6939
206383,78.40.141.0,255.255.255.0,39392
45839,78.40.143.0,255.255.255.0,24482
260,78.40.204.0,255.255.254.0,6939
20751,78.40.213.0,255.255.255.0,1764
209759,78.40.220.0,255.255.254.0,6939
33920,78.40.240.0,255.255.248.0,39392
43413,78.41.16.0,255.255.248.0,39392
47164,78.41.59.0,255.255.255.0,6939
31383,78.41.72.0,255.255.255.0,39392
42187,78.41.92.0,255.255.252.0,5405
35492,78.41.112.0,255.255.248.0,1764
31367,78.41.128.0,255.255.248.0,8218
209505,78.41.136.0,255.255.255.0,39392
42685,78.41.144.0,255.255.254.0,1764
47515,78.41.148.0,255.255.254.0,1764
8487,78.41.160.0,255.255.248.0,39392
43521,78.41.176.0,255.255.248.0,6939
29357,78.89.0.0,255.255.0.0,6939
58250,78.93.82.0,255.255.254.0,39392
6855,78.98.0.0,255.254.0.0,39392
1853,78.104.0.0,255.255.0.0,1764
1120,78.104.145.0,255.255.255.0,1764
39700,78.108.131.0,255.255.255.0,39392
12615,78.108.240.0,255.255.255.0,5405
59463,78.108.248.0,255.255.254.0,5405
49188,78.108.250.0,255.255.255.0,5405
203917,78.108.251.0,255.255.255.0,5405
31507,78.110.80.0,255.255.248.0,39392
215000,78.110.171.0,255.255.255.0,39392
43566,78.110.224.0,255.255.240.0,5405
43687,78.110.240.0,255.255.240.0,5405
41227,78.111.1.0,255.255.255.0,6939
49801,78.111.5.0,255.255.255.0,6939
35000,78.111.80.0,255.255.252.0,6939
31343,78.111.176.0,255.255.240.0,6939
48584,78.128.124.0,255.255.254.0,39392
2852,78.128.128.0,255.255.128.0,39392
9070,78.130.128.0,255.255.128.0,39392
29667,78.130.132.0,255.255.252.0,5405
20960,78.131.128.0,255.255.128.0,39392
2590,78.133.144.0,255.255.252.0,5405
206957,78.133.237.0,255.255.255.0,5405
197848,78.133.240.0,255.255.252.0,5405
198591,78.133.246.0,255.255.255.0,5405
43242,78.135.0.0,255.255.252.0,39392
207983,78.135.109.0,255.255.255.0,6939
33892,78.136.216.0,255.255.252.0,6939
62423,78.136.220.0,255.255.252.0,6939
25520,78.137.104.0,255.255.248.0,6939
138607,78.138.12.0,255.255.255.0,6939
47526,78.138.61.0,255.255.255.0,5405
48951,78.140.64.0,255.255.255.0,6939
200362,78.140.210.0,255.255.255.0,6939
215167,78.140.218.0,255.255.255.0,6939
205717,78.140.236.0,255.255.252.0,6939
212675,78.140.244.0,255.255.252.0,6939
210552,78.140.248.0,255.255.255.0,6939
216286,78.142.58.0,255.255.255.0,39392
56322,78.142.217.0,255.255.255.0,6939
60362,78.142.219.0,255.255.255.0,8218
47737,78.142.220.0,255.255.252.0,6939
209892,78.142.224.0,255.255.254.0,39392
47895,78.142.232.0,255.255.252.0,6939
14080,78.142.241.0,255.255.255.0,39392
35370,78.152.64.0,255.255.224.0,1764
12759,78.153.64.0,255.255.240.0,6939
28738,78.153.128.0,255.255.255.0,6939
202306,78.153.140.0,255.255.255.0,39392
35320,78.154.160.0,255.255.224.0,39392
43435,78.155.96.0,255.255.224.0,39392
43507,78.156.32.0,255.255.224.0,39392
43542,78.156.128.0,255.255.224.0,39392
43709,78.157.160.0,255.255.224.0,39392
42742,78.157.224.0,255.255.224.0,6939
39767,78.158.72.0,255.255.248.0,39392
43984,78.158.96.0,255.255.224.0,39392
212908,78.159.64.0,255.255.248.0,5405
43093,78.159.81.0,255.255.255.0,5405
203287,78.159.85.0,255.255.255.0,5405
203828,78.159.89.0,255.255.255.0,5405
25211,78.159.128.0,255.255.255.0,4455
198128,78.159.200.0,255.255.252.0,39120
12445,79.98.0.0,255.255.248.0,39392
44020,79.98.8.0,255.255.248.0,6939
43989,79.98.40.0,255.255.248.0,39392
21305,79.98.48.0,255.255.252.0,6939
39781,79.98.56.0,255.255.248.0,39392
44002,79.98.72.0,255.255.248.0,39392
29238,79.98.112.0,255.255.248.0,6939
30833,79.98.136.0,255.255.248.0,6939
39310,79.98.144.0,255.255.248.0,39392
44065,79.98.152.0,255.255.248.0,6939
12902,79.98.168.0,255.255.248.0,39392
211251,79.98.176.0,255.255.255.0,6939
44053,79.98.208.0,255.255.248.0,6939
199995,79.98.240.0,255.255.254.0,6939
42313,79.106.0.0,255.255.0.0,5405
47195,79.110.80.0,255.255.240.0,5405
41313,79.110.120.0,255.255.248.0,39392
41435,79.110.128.0,255.255.240.0,6939
50872,79.110.144.0,255.255.240.0,6939
57782,79.110.168.0,255.255.255.0,39392
215759,79.110.171.0,255.255.255.0,39392
35179,79.110.192.0,255.255.240.0,39392
47569,79.110.240.0,255.255.255.0,6939
8517,79.123.128.0,255.255.128.0,6939
25374,79.124.10.0,255.255.255.0,6939
214170,79.124.29.0,255.255.255.0,6939
59763,79.124.88.0,255.255.254.0,39392
44400,79.127.44.0,255.255.254.0,6939
39378,79.132.130.0,255.255.255.0,6939
51395,79.132.141.0,255.255.255.0,6939
24852,79.132.160.0,255.255.240.0,209531
211181,79.132.194.0,255.255.255.0,6939
3238,79.133.0.0,255.255.224.0,39392
42459,79.134.48.0,255.255.240.0,6939
6775,79.134.224.0,255.255.224.0,6939
29676,79.135.96.0,255.255.255.0,6939
62371,79.135.106.0,255.255.255.0,6939
212175,79.135.120.0,255.255.255.0,39392
199622,79.137.134.0,255.255.255.0,6939
211506,79.137.136.0,255.255.255.0,6939
47541,79.137.139.0,255.255.255.0,6939
215445,79.137.141.0,255.255.255.0,6939
203747,79.137.165.0,255.255.255.0,6939
196730,79.139.16.0,255.255.240.0,5405
47329,79.139.48.0,255.255.252.0,5405
60782,79.139.66.0,255.255.255.0,39392
15366,79.140.112.0,255.255.240.0,39392
209870,79.140.195.0,255.255.255.0,6939
50023,79.140.196.0,255.255.252.0,6939
43192,79.140.208.0,255.255.240.0,6939
61976,79.141.64.0,255.255.240.0,6939
34263,79.141.144.0,255.255.240.0,39392
20764,79.141.208.0,255.255.240.0,6939
199732,79.141.212.0,255.255.255.0,6939
28972,79.141.240.0,255.255.240.0,39392
43973,79.142.16.0,255.255.240.0,6939
25478,79.142.96.0,255.255.252.0,6939
44670,79.142.100.0,255.255.254.0,6939
47323,79.142.106.0,255.255.254.0,5405
197307,79.142.144.0,255.255.240.0,39392
44291,79.142.192.0,255.255.240.0,6939
44134,79.142.224.0,255.255.240.0,39392
15397,79.143.96.0,255.255.240.0,6939
25627,79.170.64.0,255.255.252.0,6939
204558,79.170.72.0,255.255.248.0,39392
20723,79.170.248.0,255.255.248.0,6939
41004,79.171.0.0,255.255.252.0,39392
50973,79.171.48.0,255.255.248.0,6939
43892,79.171.96.0,255.255.248.0,39392
15919,79.171.104.0,255.255.248.0,39392
51477,79.171.118.0,255.255.255.0,6939
43928,79.171.136.0,255.255.248.0,39392
34397,79.172.128.0,255.255.192.0,6939
29278,79.172.196.0,255.255.255.0,5405
43359,79.172.239.0,255.255.255.0,5405
43966,79.173.64.0,255.255.254.0,6939
31277,79.173.74.0,255.255.254.0,6939
210125,79.174.24.0,255.255.252.0,6939
47119,79.174.32.0,255.255.224.0,6939
62205,79.174.184.0,255.255.254.0,6939
6810,79.177.128.0,255.255.224.0,6939
328126,80.15.228.0,255.255.255.0,6939
29535,80.51.76.0,255.255.255.0,5405
62143,80.64.28.0,255.255.255.0,6939
60840,80.64.31.0,255.255.255.0,39392
20815,80.64.32.0,255.255.240.0,6939
41165,80.64.80.0,255.255.240.0,6939
24953,80.64.140.0,255.255.252.0,6939
15965,80.64.144.0,255.255.240.0,39392
202803,80.64.212.0,255.255.252.0,6939
208549,80.64.220.0,255.255.255.0,5405
48152,80.65.8.0,255.255.248.0,6939
31257,80.65.16.0,255.255.252.0,6939
50231,80.65.212.0,255.255.252.0,6939
28889,80.66.32.0,255.255.224.0,1764
206673,80.66.92.0,255.255.252.0,6939
51728,80.66.160.0,255.255.240.0,39392
20634,80.66.224.0,255.255.240.0,5405
263824,80.67.32.0,255.255.252.0,22356
57629,80.67.40.0,255.255.255.0,6939
31695,80.67.48.0,255.255.240.0,6939
204059,80.67.181.0,255.255.255.0,39392
209090,80.67.186.0,255.255.255.0,8218
204092,80.67.190.0,255.255.255.0,8218
35033,80.67.200.0,255.255.248.0,39392
33871,80.67.208.0,255.255.240.0,5405
20791,80.67.224.0,255.255.240.0,39392
31720,80.67.240.0,255.255.252.0,6939
21479,80.68.0.0,255.255.248.0,6939
209108,80.68.151.0,255.255.255.0,5405
49242,80.68.224.0,255.255.248.0,6939
20848,80.68.240.0,255.255.240.0,5405
34170,80.69.48.0,255.255.255.0,39392
42437,80.69.154.0,255.255.255.0,6939
9120,80.70.8.0,255.255.248.0,39392
29600,80.70.16.0,255.255.240.0,209531
201872,80.70.64.0,255.255.252.0,39392
57084,80.70.144.0,255.255.240.0,39392
34372,80.70.176.0,255.255.240.0,39392
16080,80.70.222.0,255.255.254.0,39392
197301,80.71.128.0,255.255.240.0,39392
198037,80.71.227.0,255.255.255.0,22356
60246,80.72.20.0,255.255.255.0,6939
20849,80.72.128.0,255.255.240.0,5405
21068,80.72.192.0,255.255.240.0,5405
20870,80.72.224.0,255.255.240.0,39392
31376,80.73.192.0,255.255.240.0,6939
29283,80.74.16.0,255.255.248.0,39392
25003,80.74.96.0,255.255.224.0,6939
205209,80.74.96.0,255.255.255.0,6939
208428,80.75.22.0,255.255.255.0,22356
198090,80.75.24.0,255.255.248.0,6939
34554,80.75.112.0,255.255.240.0,6939
21135,80.75.128.0,255.255.240.0,6939
203182,80.75.211.0,255.255.255.0,39392
212177,80.75.219.0,255.255.255.0,5405
202693,80.75.220.0,255.255.255.0,5405
5385,80.75.224.0,255.255.240.0,1764
57045,80.76.41.0,255.255.255.0,6939
20924,80.76.64.0,255.255.240.0,5405
30960,80.76.128.0,255.255.252.0,6939
8523,80.76.144.0,255.255.240.0,39392
34629,80.76.176.0,255.255.240.0,6939
31641,80.76.192.0,255.255.240.0,39392
29527,80.76.212.0,255.255.252.0,39392
39156,80.76.224.0,255.255.240.0,6939
205597,80.77.27.0,255.255.255.0,39392
34772,80.77.144.0,255.255.240.0,5405
50045,80.77.160.0,255.255.255.0,6939
51369,80.77.161.0,255.255.255.0,6939
42244,80.77.168.0,255.255.255.0,6939
12788,80.78.32.0,255.255.224.0,6939
60359,80.78.63.0,255.255.255.0,6939
39083,80.78.133.0,255.255.255.0,5405
12570,80.78.144.0,255.255.240.0,39392
21032,80.78.160.0,255.255.240.0,39392
34686,80.78.208.0,255.255.240.0,39392
205975,80.79.48.0,255.255.240.0,5405
60679,80.80.81.0,255.255.255.0,6939
28757,80.80.176.0,255.255.240.0,6939
21217,80.80.224.0,255.255.248.0,5405
24634,80.81.153.0,255.255.255.0,22356
21019,80.81.224.0,255.255.240.0,39392
15657,80.81.240.0,255.255.240.0,5405
25569,80.82.0.0,255.255.240.0,6939
50173,80.82.132.0,255.255.255.0,39392
47608,80.82.224.0,255.255.240.0,39392
28792,80.82.240.0,255.255.240.0,39392
29243,80.83.0.0,255.255.240.0,39392
44885,80.83.32.0,255.255.224.0,6939
43096,80.83.90.0,255.255.255.0,6939
4648,80.83.92.0,255.255.252.0,39392
21214,80.83.128.0,255.255.240.0,5405
21058,80.83.160.0,255.255.255.0,6939
199324,80.83.170.0,255.255.255.0,6939
44123,80.83.208.0,255.255.240.0,6939
6774,80.84.16.0,255.255.240.0,5405
15738,80.84.176.0,255.255.240.0,6939
31586,80.84.224.0,255.255.224.0,39392
60806,80.85.224.0,255.255.240.0,39392
24993,80.86.0.0,255.255.240.0,39392
56472,80.86.48.0,255.255.240.0,39392
12310,80.86.96.0,255.255.224.0,6939
198710,80.86.180.0,255.255.255.0,5405
24640,80.86.181.0,255.255.255.0,5405
1836,80.86.192.0,255.255.240.0,39392
25146,80.87.48.0,255.255.240.0,39392
49542,80.87.204.0,255.255.254.0,6939
328156,80.88.0.0,255.255.254.0,6939
328174,80.88.11.0,255.255.255.0,6939
210465,80.88.144.0,255.255.248.0,39392
35313,80.88.240.0,255.255.240.0,6939
21105,80.89.8.0,255.255.252.0,5405
9008,80.90.32.0,255.255.224.0,6939
10991,80.90.101.0,255.255.255.0,6939
20886,80.90.144.0,255.255.240.0,6939
3285,80.90.176.0,255.255.254.0,6939
43103,80.90.224.0,255.255.240.0,6939
207802,80.90.228.0,255.255.255.0,6939
8331,80.90.249.0,255.255.255.0,6939
47288,80.91.81.0,255.255.255.0,5405
47600,80.91.89.0,255.255.255.0,39392
21219,80.91.169.0,255.255.255.0,39392
21226,80.91.192.0,255.255.248.0,6939
28855,80.91.215.0,255.255.255.0,39392
24611,80.92.64.0,255.255.224.0,6939
34347,80.92.112.0,255.255.240.0,39392
5500,80.92.144.0,255.255.240.0,4455
197029,80.92.240.0,255.255.240.0,39392
8660,80.93.64.0,255.255.240.0,5405
60464,80.93.198.0,255.255.255.0,39392
201364,80.93.220.0,255.255.255.0,6939
13119,80.94.16.0,255.255.240.0,39392
199296,80.94.19.0,255.255.255.0,6939
204444,80.94.27.0,255.255.255.0,6939
38949,80.94.48.0,255.255.240.0,6939
6758,80.94.96.0,255.255.240.0,39392
21274,80.94.160.0,255.255.240.0,6939
199335,80.94.192.0,255.255.240.0,39392
327754,80.95.0.0,255.255.252.0,22356
13306,80.95.24.0,255.255.252.0,39392
16154,80.95.29.0,255.255.255.0,5405
35551,80.95.48.0,255.255.240.0,5405
31313,80.96.3.0,255.255.255.0,6939
62350,80.96.25.0,255.255.255.0,6939
39531,80.96.27.0,255.255.255.0,6939
49852,80.96.30.0,255.255.254.0,6939
34304,80.96.36.0,255.255.254.0,39392
49052,80.96.111.0,255.255.255.0,39392
28727,80.96.153.0,255.255.255.0,39392
47427,80.96.224.0,255.255.254.0,5405
21294,80.97.0.0,255.255.240.0,6939
15471,80.97.20.0,255.255.255.0,5405
39279,80.97.56.0,255.255.252.0,6939
31017,80.97.125.0,255.255.255.0,39392
51187,80.120.18.0,255.255.255.0,1764
61022,80.121.202.0,255.255.255.0,1764
6412,80.184.0.0,255.255.0.0,6939
42781,80.184.3.0,255.255.255.0,6939
201378,80.184.196.0,255.255.255.0,6939
15659,80.202.0.0,255.255.0.0,6939
7514,80.208.192.0,255.255.240.0,39392
9022,80.208.232.0,255.255.248.0,39392
200062,80.209.244.0,255.255.252.0,39392
24806,80.211.192.0,255.255.224.0,22356
205727,80.211.240.0,255.255.248.0,6939
12670,80.231.9.0,255.255.255.0,39392
8529,80.231.213.0,255.255.255.0,6939
62436,80.232.215.0,255.255.255.0,39392
35407,80.233.251.0,255.255.255.0,6939
60427,80.240.107.0,255.255.255.0,8218
21282,80.241.0.0,255.255.240.0,6939
199118,80.241.56.0,255.255.248.0,39392
44234,80.242.32.0,255.255.248.0,6939
204365,80.242.42.0,255.255.255.0,6939
44627,80.242.48.0,255.255.252.0,6939
24680,80.243.0.0,255.255.240.0,6939
21013,80.243.160.0,255.255.240.0,1764
21336,80.243.192.0,255.255.240.0,6939
20776,80.243.240.0,255.255.240.0,39392
49326,80.244.0.0,255.255.255.0,6939
48817,80.244.1.0,255.255.255.0,39392
48078,80.244.5.0,255.255.255.0,6939
206011,80.244.40.0,255.255.252.0,6939
34946,80.244.192.0,255.255.240.0,39392
24637,80.244.208.0,255.255.240.0,6939
198239,80.245.34.0,255.255.255.0,8218
21360,80.245.192.0,255.255.240.0,1764
35738,80.245.240.0,255.255.240.0,6939
21378,80.246.64.0,255.255.224.0,6939
201973,80.246.96.0,255.255.240.0,6939
39875,80.247.16.0,255.255.240.0,4455
25292,80.247.32.0,255.255.240.0,6939
15826,80.247.224.0,255.255.240.0,8218
29689,80.248.16.0,255.255.240.0,5405
39612,80.248.48.0,255.255.254.0,6939
30982,80.248.64.0,255.255.255.0,6939
39153,80.248.80.0,255.255.240.0,6939
62365,80.249.116.0,255.255.252.0,5405
216211,80.249.134.0,255.255.255.0,6939
57918,80.249.135.0,255.255.255.0,6939
3267,80.250.162.0,255.255.254.0,5405
8535,80.252.0.0,255.255.240.0,39392
39042,80.252.16.0,255.255.252.0,5405
15702,80.252.32.0,255.255.240.0,5405
8893,80.252.96.0,255.255.240.0,6939
8282,80.252.116.0,255.255.255.0,39392
29468,80.252.208.0,255.255.248.0,39392
197603,80.252.220.0,255.255.255.0,39392
21454,80.252.224.0,255.255.240.0,39392
59708,80.253.157.0,255.255.255.0,6939
206575,80.253.160.0,255.255.252.0,6939
203964,80.253.164.0,255.255.252.0,6939
60707,80.253.244.0,255.255.255.0,6939
39101,80.254.16.0,255.255.240.0,5405
39046,80.254.48.0,255.255.240.0,5405
43833,80.254.224.0,255.255.252.0,39392
24585,80.255.96.0,255.255.252.0,6939
8311,80.255.117.0,255.255.255.0,6939
41397,80.255.120.0,255.255.252.0,6939
203591,81.2.132.0,255.255.252.0,39392
205520,81.2.190.0,255.255.255.0,6939
198203,81.4.100.0,255.255.252.0,6939
24626,81.4.192.0,255.255.192.0,39392
5486,81.5.0.0,255.255.248.0,39392
30778,81.6.128.0,255.255.248.0,39392
209801,81.6.133.0,255.255.255.0,6939
43386,81.6.139.0,255.255.255.0,5405
24848,81.6.176.0,255.255.248.0,1764
35366,81.7.0.0,255.255.192.0,39392
49602,81.7.108.0,255.255.252.0,6939
201593,81.9.27.0,255.255.255.0,5405
12605,81.10.128.0,255.255.128.0,8218
6736,81.12.12.0,255.255.255.0,6939
5523,81.13.0.0,255.255.128.0,6939
208314,81.13.6.0,255.255.255.0,6939
20804,81.15.128.0,255.255.128.0,39392
199715,81.15.131.0,255.255.255.0,39392
56449,81.15.138.0,255.255.254.0,5405
50551,81.15.157.0,255.255.255.0,5405
43769,81.15.187.0,255.255.255.0,39392
204301,81.15.191.0,255.255.255.0,39392
60468,81.15.206.0,255.255.254.0,39392
24756,81.15.210.0,255.255.255.0,6939
205813,81.15.239.0,255.255.255.0,5405
25070,81.15.246.0,255.255.255.0,39392
42378,81.16.157.0,255.255.255.0,1764
40339,81.16.184.0,255.255.255.0,4455
24607,81.16.224.0,255.255.248.0,6939
201201,81.16.233.0,255.255.255.0,6939
35833,81.17.208.0,255.255.240.0,5405
29046,81.18.32.0,255.255.255.0,6939
24657,81.18.96.0,255.255.240.0,39392
41330,81.18.112.0,255.255.240.0,6939
15389,81.18.224.0,255.255.240.0,39392
25512,81.19.32.0,255.255.240.0,39392
29668,81.19.48.0,255.255.240.0,39392
24638,81.19.64.0,255.255.224.0,6939
39242,81.19.112.0,255.255.240.0,6939
29033,81.20.32.0,255.255.240.0,39392
39202,81.20.48.0,255.255.240.0,39392
13208,81.20.176.0,255.255.240.0,39392
200982,81.20.205.0,255.255.255.0,6939
50670,81.21.8.0,255.255.252.0,6939
200094,81.21.206.0,255.255.255.0,5405
39324,81.22.240.0,255.255.240.0,6939
12350,81.23.64.0,255.255.240.0,39392
8416,81.23.176.0,255.255.240.0,6939
30729,81.23.192.0,255.255.240.0,6939
24730,81.23.224.0,255.255.240.0,39392
50522,81.23.244.0,255.255.252.0,39392
24764,81.24.64.0,255.255.240.0,39392
57227,81.24.84.0,255.255.255.0,6939
39512,81.24.208.0,255.255.240.0,6939
24817,81.24.224.0,255.255.252.0,6939
60273,81.25.32.0,255.255.248.0,6939
8905,81.25.48.0,255.255.240.0,6939
15595,81.25.224.0,255.255.240.0,6939
24880,81.27.128.0,255.255.240.0,39392
47887,81.28.112.0,255.255.240.0,6939
200276,81.28.248.0,255.255.255.0,6939
39657,81.30.16.0,255.255.240.0,39392
198059,81.30.96.0,255.255.255.0,209531
48129,81.30.112.0,255.255.255.0,6939
34169,81.30.130.0,255.255.254.0,6939
15935,81.30.224.0,255.255.224.0,6939
12519,81.31.64.0,255.255.240.0,39392
47242,81.31.144.0,255.255.255.0,6939
150623,81.31.208.0,255.255.255.0,6939
198016,81.31.214.0,255.255.255.0,5405
206292,81.31.215.0,255.255.255.0,39392
12826,81.80.237.0,255.255.255.0,6939
215918,81.85.59.0,255.255.255.0,6939
39729,81.88.48.0,255.255.240.0,39392
39684,81.88.80.0,255.255.252.0,6939
15436,81.88.96.0,255.255.248.0,8218
15766,81.88.160.0,255.255.240.0,6939
25035,81.88.192.0,255.255.240.0,6939
39709,81.88.208.0,255.255.240.0,6939
34279,81.89.16.0,255.255.255.0,39392
5495,81.89.176.0,255.255.240.0,6939
25081,81.89.192.0,255.255.240.0,39392
39863,81.89.208.0,255.255.252.0,6939
8879,81.89.224.0,255.255.224.0,5405
12739,81.90.0.0,255.255.240.0,6939
48407,81.90.16.0,255.255.240.0,6939
57443,81.90.30.0,255.255.255.0,6939
29003,81.90.48.0,255.255.240.0,39392
39790,81.91.80.0,255.255.240.0,39392
60981,81.91.96.0,255.255.248.0,39392
25124,81.91.128.0,255.255.252.0,6939
8763,81.91.160.0,255.255.240.0,5405
44705,81.91.189.0,255.255.255.0,6939
39817,81.91.208.0,255.255.240.0,39392
21385,81.92.160.0,255.255.240.0,39392
202664,81.92.240.0,255.255.255.0,1764
25251,81.94.32.0,255.255.252.0,6939
34042,81.95.16.0,255.255.240.0,6939
8491,81.95.32.0,255.255.240.0,5405
41354,81.95.52.0,255.255.255.0,39392
42160,81.95.112.0,255.255.240.0,39392
25249,81.95.160.0,255.255.240.0,6939
203306,81.95.199.0,255.255.255.0,5405
39816,81.95.204.0,255.255.252.0,39392
12365,81.95.224.0,255.255.240.0,6939
197177,81.161.100.0,255.255.255.0,5405
59516,81.161.116.0,255.255.252.0,6939
214668,81.161.238.0,255.255.255.0,6939
198541,81.162.0.0,255.255.240.0,6939
49136,81.162.32.0,255.255.240.0,6939
198293,81.162.64.0,255.255.240.0,6939
34955,81.162.192.0,255.255.255.0,39392
44032,81.162.224.0,255.255.255.0,39392
201725,81.163.8.0,255.255.248.0,5405
41616,81.163.80.0,255.255.255.0,6939
200638,81.163.195.0,255.255.255.0,39392
59782,81.163.200.0,255.255.248.0,5405
213039,81.163.210.0,255.255.255.0,39392
6724,81.169.128.0,255.255.128.0,39392
34343,81.171.32.0,255.255.240.0,39392
51942,81.173.44.0,255.255.252.0,49544
57136,81.180.6.0,255.255.254.0,39392
34723,81.180.24.0,255.255.255.0,5405
9199,81.180.64.0,255.255.252.0,6939
58022,81.180.136.0,255.255.254.0,6939
44682,81.180.207.0,255.255.255.0,39392
56746,81.180.232.0,255.255.254.0,6939
44679,81.180.240.0,255.255.248.0,6939
215417,81.181.9.0,255.255.255.0,6939
57180,81.181.44.0,255.255.255.0,39392
215230,81.181.64.0,255.255.255.0,6939
205275,81.181.66.0,255.255.255.0,5405
31554,81.181.76.0,255.255.255.0,6939
41028,81.181.85.0,255.255.255.0,6939
61353,81.181.130.0,255.255.255.0,6939
48571,81.181.168.0,255.255.254.0,39392
35505,81.181.181.0,255.255.255.0,6939
43807,81.181.240.0,255.255.255.0,39392
216249,81.181.245.0,255.255.255.0,6939
3233,81.181.249.0,255.255.255.0,6939
2200,81.194.0.0,255.255.0.0,6939
34073,81.198.73.0,255.255.255.0,39392
28768,81.200.32.0,255.255.248.0,39392
52060,81.200.120.0,255.255.252.0,6939
202173,81.200.126.0,255.255.254.0,6939
15589,81.200.130.0,255.255.254.0,6939
41148,81.200.240.0,255.255.240.0,5405
41135,81.201.80.0,255.255.240.0,6939
29575,81.201.163.0,255.255.255.0,6939
12923,81.201.224.0,255.255.240.0,6939
61102,81.218.219.0,255.255.255.0,6939
43128,82.21.208.0,255.255.255.0,39392
133210,82.21.215.0,255.255.255.0,6939
59729,82.21.253.0,255.255.255.0,39392
198825,82.22.7.0,255.255.255.0,6939
62217,82.22.33.0,255.255.255.0,6939
208711,82.22.43.0,255.255.255.0,6939
213482,82.22.119.0,255.255.255.0,5405
204770,82.23.0.0,255.255.254.0,22356
215035,82.23.190.0,255.255.255.0,5405
61049,82.25.181.0,255.255.255.0,39392
149981,82.27.189.0,255.255.255.0,24482
206735,82.29.43.0,255.255.255.0,6939
151336,82.29.107.0,255.255.255.0,22356
202282,82.39.0.0,255.255.192.0,39392
214132,82.39.111.0,255.255.255.0,39392
273508,82.39.244.0,255.255.255.0,263444
8612,82.84.0.0,255.254.0.0,39392
39738,82.86.0.0,255.255.224.0,39392
8554,82.97.0.0,255.255.192.0,39392
12306,82.98.64.0,255.255.192.0,6939
25248,82.99.128.0,255.255.192.0,39392
30736,82.103.128.0,255.255.192.0,39392
43267,82.112.184.0,255.255.248.0,6939
30827,82.113.128.0,255.255.224.0,39392
5504,82.114.32.0,255.255.252.0,39392
15757,82.114.128.0,255.255.224.0,6939
44552,82.114.232.0,255.255.248.0,6939
30936,82.116.32.0,255.255.224.0,5405
15594,82.116.96.0,255.255.224.0,5405
35223,82.117.0.0,255.255.224.0,4455
6712,82.117.240.0,255.255.255.0,39392
212630,82.117.241.0,255.255.255.0,6939
8262,82.119.64.0,255.255.224.0,4455
215596,82.129.10.0,255.255.254.0,6939
199452,82.129.48.0,255.255.240.0,39392
559,82.130.64.0,255.255.192.0,39392
39007,82.135.160.0,255.255.248.0,209531
29147,82.137.156.0,255.255.255.0,6939
57452,82.138.42.0,255.255.255.0,6939
29414,82.139.146.0,255.255.254.0,39392
15419,82.140.131.0,255.255.255.0,6939
25355,82.144.64.0,255.255.255.0,6939
16168,82.144.96.0,255.255.224.0,39392
201971,82.145.35.0,255.255.255.0,4455
202228,82.146.12.0,255.255.254.0,6939
215853,82.146.23.0,255.255.255.0,6939
29446,82.146.128.0,255.255.224.0,39392
13259,82.147.64.0,255.255.255.0,6939
204298,82.147.76.0,255.255.255.0,6939
8728,82.147.160.0,255.255.224.0,39392
25376,82.148.224.0,255.255.224.0,39392
8990,82.150.32.0,255.255.224.0,39392
29028,82.150.138.0,255.255.255.0,39392
35782,82.150.144.0,255.255.255.0,39392
8596,82.150.192.0,255.255.224.0,39392
12888,82.150.224.0,255.255.248.0,6939
29456,82.151.96.0,255.255.224.0,6939
151964,82.153.47.0,255.255.255.0,5405
60713,82.160.50.0,255.255.255.0,5405
204086,82.160.86.0,255.255.254.0,6939
201695,82.160.134.0,255.255.255.0,6939
203261,82.160.149.0,255.255.255.0,6939
62105,82.163.40.0,255.255.248.0,39392
202940,82.166.240.0,255.255.255.0,6939
208227,82.177.44.0,255.255.254.0,39392
212251,82.177.68.0,255.255.252.0,5405
196928,82.177.138.0,255.255.254.0,5405
24577,82.177.142.0,255.255.255.0,6939
203188,82.177.165.0,255.255.255.0,6939
203389,82.177.184.0,255.255.252.0,6939
206442,82.177.202.0,255.255.254.0,5405
39112,82.177.253.0,255.255.255.0,5405
8920,82.194.160.0,255.255.240.0,6939
31359,82.195.0.0,255.255.224.0,5405
8365,82.195.64.0,255.255.224.0,39392
50818,82.196.16.0,255.255.255.0,39392
29452,82.196.224.0,255.255.224.0,39392
30733,82.198.160.0,255.255.224.0,6939
30745,82.202.132.0,255.255.252.0,6939
56864,82.202.176.0,255.255.248.0,6939
209030,82.202.186.0,255.255.255.0,6939
29624,82.212.192.0,255.255.224.0,5405
13289,82.212.224.0,255.255.224.0,5405
15997,82.214.128.0,255.255.192.0,39392
30740,82.219.0.0,255.255.0.0,39392
30818,82.221.164.0,255.255.255.0,39392
31444,83.68.32.0,255.255.240.0,6939
31492,83.69.128.0,255.255.224.0,6939
21320,83.97.88.0,255.255.248.0,39392
12946,83.97.128.0,255.255.128.0,39392
30870,83.98.136.0,255.255.254.0,6939
49127,83.98.157.0,255.255.255.0,6939
30925,83.98.224.0,255.255.224.0,6939
29690,83.101.128.0,255.255.224.0,6939
49206,83.118.224.0,255.255.252.0,22356
5390,83.119.0.0,255.255.224.0,39392
40999,83.125.8.0,255.255.252.0,5405
30971,83.136.32.0,255.255.248.0,1764
42605,83.136.72.0,255.255.248.0,39392
33941,83.136.120.0,255.255.248.0,6939
47156,83.136.234.0,255.255.255.0,6939
42346,83.137.24.0,255.255.248.0,6939
31394,83.137.40.0,255.255.248.0,1764
29063,83.138.0.0,255.255.248.0,39392
34895,83.138.64.0,255.255.192.0,39392
33852,83.139.0.0,255.255.255.0,6939
15994,83.139.67.0,255.255.255.0,6939
201877,83.139.194.0,255.255.255.0,39392
44941,83.142.8.0,255.255.255.0,6939
215085,83.142.31.0,255.255.255.0,39392
31712,83.142.32.0,255.255.248.0,39392
15713,83.142.104.0,255.255.248.0,6939
44949,83.142.128.0,255.255.254.0,39392
33838,83.142.152.0,255.255.248.0,5405
30851,83.142.168.0,255.255.252.0,6939
34254,83.142.184.0,255.255.248.0,39392
199494,83.142.216.0,255.255.252.0,5405
20516,83.142.232.0,255.255.248.0,6939
196812,83.143.32.0,255.255.248.0,5405
60486,83.143.72.0,255.255.255.0,24482
42511,83.143.156.0,255.255.252.0,6939
196773,83.144.0.0,255.255.240.0,39392
33965,83.144.192.0,255.255.192.0,6939
31319,83.149.128.0,255.255.192.0,39392
60920,83.150.196.0,255.255.252.0,6939
212504,83.150.217.0,255.255.255.0,39392
50599,83.150.236.0,255.255.255.0,5405
197205,83.150.244.0,255.255.252.0,39392
31505,83.151.32.0,255.255.252.0,6939
35369,83.164.128.0,255.255.128.0,1764
24936,83.166.224.0,255.255.254.0,6939
8801,83.167.176.0,255.255.248.0,6939
16353,83.167.191.0,255.255.255.0,39392
202520,83.168.68.0,255.255.254.0,5405
201532,83.168.92.0,255.255.255.0,39392
29259,83.170.0.0,255.255.192.0,39392
2847,83.171.0.0,255.255.192.0,6939
41273,83.171.216.0,255.255.252.0,6939
43809,83.171.228.0,255.255.252.0,39392
49935,83.172.140.0,255.255.254.0,6939
34572,83.173.64.0,255.255.224.0,8218
31510,83.175.64.0,255.255.192.0,39392
34525,83.175.144.0,255.255.240.0,5405
12355,83.216.224.0,255.255.224.0,39392
51446,83.217.8.0,255.255.255.0,5405
31514,83.217.192.0,255.255.248.0,6939
196927,83.218.96.0,255.255.224.0,6939
31225,83.219.229.0,255.255.255.0,6939
50254,83.219.234.0,255.255.255.0,6939
31275,83.220.64.0,255.255.255.0,6939
31294,83.220.160.0,255.255.252.0,6939
25532,83.222.4.0,255.255.254.0,6939
47328,83.222.124.0,255.255.252.0,6939
6854,83.222.192.0,255.255.224.0,6939
48921,83.223.48.0,255.255.252.0,39392
33425,83.228.128.0,255.255.192.0,39392
15744,83.230.0.0,255.255.192.0,39392
35434,83.230.0.0,255.255.224.0,39392
202220,83.230.14.0,255.255.255.0,39392
8508,83.230.64.0,255.255.240.0,1764
15974,83.234.164.0,255.255.252.0,39392
212748,83.242.104.0,255.255.254.0,5405
198579,83.242.112.0,255.255.240.0,5405
5577,83.243.8.0,255.255.248.0,39392
42065,83.243.64.0,255.255.252.0,6939
31500,83.243.69.0,255.255.255.0,6939
29329,83.243.72.0,255.255.248.0,6939
31364,83.246.128.0,255.255.240.0,39392
39551,83.247.128.0,255.255.255.0,39392
13194,84.15.0.0,255.255.0.0,209531
34087,84.16.192.0,255.255.224.0,39392
33940,84.17.96.0,255.255.224.0,39392
33873,84.17.160.0,255.255.224.0,39392
42611,84.18.224.0,255.255.224.0,39392
213094,84.18.224.0,255.255.252.0,39392
33924,84.20.64.0,255.255.252.0,6939
8562,84.20.184.0,255.255.252.0,5405
33848,84.21.32.0,255.255.252.0,39392
56786,84.21.176.0,255.255.252.0,39392
57251,84.22.128.0,255.255.252.0,6939
29319,84.23.32.0,255.255.248.0,6939
50949,84.23.46.0,255.255.255.0,6939
204941,84.23.49.0,255.255.255.0,6939
216090,84.23.51.0,255.255.255.0,6939
16290,84.23.160.0,255.255.224.0,39392
34171,84.23.224.0,255.255.255.0,6939
4589,84.37.67.0,255.255.255.0,39392
203118,84.38.2.0,255.255.255.0,6939
206902,84.38.140.0,255.255.255.0,6939
199749,84.39.32.0,255.255.255.0,8218
48200,84.39.104.0,255.255.248.0,6939
60664,84.39.144.0,255.255.255.0,5405
12887,84.40.152.0,255.255.254.0,39392
56990,84.45.0.0,255.255.248.0,39392
206483,84.45.30.0,255.255.255.0,39392
40513,84.45.50.0,255.255.255.0,24482
196914,84.47.148.0,255.255.254.0,6939
210030,84.54.32.0,255.255.255.0,39392
216285,84.54.49.0,255.255.255.0,39392
212755,84.54.50.0,255.255.255.0,39392
34250,84.54.113.0,255.255.255.0,6939
28910,84.54.124.0,255.255.255.0,6939
24877,84.55.24.0,255.255.248.0,209531
13041,84.88.0.0,255.255.0.0,6939
20253,84.201.208.0,255.255.255.0,6939
50222,84.204.53.0,255.255.255.0,6939
31608,84.205.0.0,255.255.224.0,39392
12654,84.205.66.0,255.255.255.0,8218
35506,84.205.192.0,255.255.255.0,5405
31581,84.206.0.0,255.255.0.0,6939
8448,84.225.192.0,255.255.192.0,39392
206866,84.232.40.0,255.255.248.0,6939
39848,84.234.108.0,255.255.252.0,6939
34969,84.234.112.0,255.255.254.0,6939
208141,84.234.118.0,255.255.254.0,6939
41959,84.234.122.0,255.255.255.0,6939
200672,84.234.124.0,255.255.255.0,6939
211528,84.234.126.0,255.255.255.0,5405
216439,84.234.127.0,255.255.255.0,6939
5387,84.237.32.0,255.255.255.0,6939
209625,84.238.133.0,255.255.255.0,39392
47402,84.238.184.0,255.255.248.0,5405
5541,84.239.0.0,255.255.252.0,6939
49915,84.239.30.0,255.255.255.0,263444
2594,84.240.128.0,255.255.192.0,6939
51034,84.244.0.0,255.255.224.0,6939
20495,84.244.128.0,255.255.192.0,39392
202819,84.245.95.0,255.255.255.0,39392
20590,84.246.105.0,255.255.255.0,6939
41943,84.246.134.0,255.255.255.0,39392
15450,84.246.169.0,255.255.255.0,6939
42455,84.246.200.0,255.255.248.0,39392
34308,84.246.248.0,255.255.248.0,6939
202617,84.247.18.0,255.255.255.0,6939
59862,84.247.36.0,255.255.252.0,39392
50369,84.247.58.0,255.255.255.0,5405
35237,84.252.144.0,255.255.255.0,5405
8629,84.253.96.0,255.255.224.0,6939
35548,84.254.64.0,255.255.255.0,39392
39563,85.8.131.0,255.255.255.0,39392
48846,85.8.180.0,255.255.255.0,22356
215074,85.8.184.0,255.255.255.0,6939
206388,85.9.94.0,255.255.255.0,6939
199965,85.11.87.0,255.255.255.0,6939
51931,85.11.117.0,255.255.255.0,6939
48747,85.11.152.0,255.255.255.0,6939
34788,85.13.128.0,255.255.255.0,39392
200533,85.14.7.0,255.255.255.0,6939
211526,85.14.56.0,255.255.255.0,5405
31167,85.14.128.0,255.255.192.0,8218
34896,85.15.64.0,255.255.192.0,6939
15763,85.22.0.0,255.255.0.0,5405
31643,85.28.0.0,255.255.240.0,6939
42498,85.31.36.0,255.255.252.0,6939
15672,85.31.112.0,255.255.252.0,6939
42162,85.31.152.0,255.255.248.0,1764
198225,85.31.172.0,255.255.252.0,5405
50779,85.31.220.0,255.255.255.0,6939
5429,85.89.102.0,255.255.255.0,6939
25384,85.89.224.0,255.255.224.0,6939
24822,85.90.160.0,255.255.224.0,5405
34245,85.91.0.0,255.255.224.0,39392
51553,85.91.49.0,255.255.255.0,39392
34270,85.91.224.0,255.255.224.0,39392
212057,85.93.31.0,255.255.255.0,6939
197013,85.93.160.0,255.255.224.0,39392
34362,85.94.64.0,255.255.252.0,6939
34470,85.95.128.0,255.255.224.0,6939
271689,85.113.92.0,255.255.252.0,263444
44444,85.115.32.0,255.255.255.0,6939
34803,85.115.128.0,255.255.224.0,39392
210104,85.115.212.0,255.255.252.0,39392
202975,85.116.132.0,255.255.252.0,209531
58088,85.116.140.0,255.255.252.0,209531
207594,85.116.148.0,255.255.252.0,6939
42087,85.117.64.0,255.255.224.0,6939
29555,85.117.96.0,255.255.255.0,6939
34783,85.118.48.0,255.255.254.0,39392
47453,85.118.94.0,255.255.255.0,5405
17477,85.118.153.0,255.255.255.0,6939
48009,85.118.182.0,255.255.255.0,6939
29244,85.118.192.0,255.255.248.0,4455
35180,85.119.56.0,255.255.255.0,6939
35087,85.119.72.0,255.255.248.0,6939
209754,85.119.104.0,255.255.252.0,6939
39668,85.120.24.0,255.255.252.0,6939
56951,85.120.31.0,255.255.255.0,39392
35348,85.120.160.0,255.255.255.0,5405
48141,85.120.220.0,255.255.255.0,6939
60615,85.120.232.0,255.255.254.0,6939
62445,85.120.244.0,255.255.255.0,39392
212221,85.120.251.0,255.255.255.0,39392
202203,85.121.8.0,255.255.252.0,39392
48453,85.122.52.0,255.255.254.0,6939
49295,85.122.115.0,255.255.255.0,39392
50886,85.122.144.0,255.255.248.0,6939
394710,85.131.160.0,255.255.224.0,39392
131965,85.131.192.0,255.255.192.0,39392
39397,85.132.7.0,255.255.255.0,5405
9080,85.132.140.0,255.255.252.0,39392
215704,85.132.180.0,255.255.252.0,39392
39074,85.133.128.0,255.255.255.0,6939
204834,85.133.160.0,255.255.255.0,6939
212077,85.133.200.0,255.255.255.0,6939
204203,85.133.206.0,255.255.255.0,6939
48123,85.140.56.0,255.255.255.0,6939
28884,85.140.96.0,255.255.240.0,6939
48124,85.140.112.0,255.255.252.0,6939
202974,85.143.249.0,255.255.255.0,6939
211996,85.153.135.0,255.255.255.0,6939
214344,85.155.126.0,255.255.255.0,39392
50104,85.155.227.0,255.255.255.0,6939
208041,85.155.248.0,255.255.252.0,6939
3213,85.158.40.0,255.255.248.0,39392
35019,85.158.128.0,255.255.248.0,6939
212025,85.158.145.0,255.255.255.0,39392
57495,85.158.220.0,255.255.255.0,5405
8692,85.158.224.0,255.255.248.0,1764
41007,85.159.24.0,255.255.255.0,6939
59583,85.159.29.0,255.255.255.0,6939
51230,85.159.116.0,255.255.255.0,6939
34746,85.159.152.0,255.255.248.0,39392
28725,85.162.0.0,255.254.0.0,39392
47171,85.184.96.0,255.255.224.0,39392
204274,85.184.128.0,255.255.224.0,39392
42295,85.187.16.0,255.255.255.0,5405
34577,85.187.19.0,255.255.255.0,6939
48233,85.187.192.0,255.255.248.0,5405
39396,85.187.216.0,255.255.254.0,6939
196954,85.190.248.0,255.255.252.0,5405
61124,85.193.144.0,255.255.240.0,39392
211510,85.193.189.0,255.255.255.0,1764
61189,85.194.200.0,255.255.252.0,6939
49282,85.194.204.0,255.255.252.0,6939
57073,85.198.76.0,255.255.252.0,6939
57008,85.198.88.0,255.255.252.0,6939
6702,85.198.128.0,255.255.192.0,6939
206245,85.199.204.0,255.255.255.0,39392
43031,85.202.0.0,255.255.240.0,5405
208817,85.202.60.0,255.255.252.0,39392
44454,85.202.144.0,255.255.240.0,6939
44622,85.202.224.0,255.255.240.0,6939
50840,85.204.27.0,255.255.255.0,5405
62162,85.204.43.0,255.255.255.0,39392
20722,85.204.44.0,255.255.255.0,6939
201213,85.204.54.0,255.255.254.0,22356
58174,85.204.68.0,255.255.255.0,39392
34916,85.204.193.0,255.255.255.0,6939
201096,85.206.144.0,255.255.254.0,6939
209378,85.208.0.0,255.255.252.0,39392
209252,85.208.28.0,255.255.255.0,5405
42275,85.208.68.0,255.255.252.0,39392
57773,85.208.80.0,255.255.252.0,39392
202047,85.208.140.0,255.255.255.0,39392
35426,85.208.144.0,255.255.252.0,6939
212131,85.208.168.0,255.255.252.0,1764
59699,85.208.241.0,255.255.255.0,39392
41336,85.209.12.0,255.255.255.0,6939
207167,85.209.28.0,255.255.252.0,6939
197833,85.209.64.0,255.255.255.0,6939
21030,85.209.68.0,255.255.255.0,6939
198721,85.209.112.0,255.255.252.0,39392
209148,85.209.184.0,255.255.252.0,5405
49377,85.209.212.0,255.255.252.0,6939
213622,85.209.223.0,255.255.255.0,6939
205581,85.209.240.0,255.255.255.0,39392
61098,85.217.160.0,255.255.252.0,6939
31490,85.217.188.0,255.255.255.0,22356
34368,85.217.192.0,255.255.255.0,6939
34781,85.218.0.0,255.255.128.0,4455
43153,85.219.208.0,255.255.254.0,5405
197431,85.232.225.0,255.255.255.0,6939
202162,85.232.236.0,255.255.255.0,6939
30725,85.232.244.0,255.255.255.0,6939
29505,85.233.0.0,255.255.224.0,6939
34790,85.234.64.0,255.255.224.0,6939
59437,85.234.64.0,255.255.255.0,6939
50532,85.234.102.0,255.255.254.0,6939
35032,85.236.160.0,255.255.240.0,6939
35053,85.237.64.0,255.255.252.0,39392
249,85.237.80.0,255.255.252.0,39392
56540,85.237.192.0,255.255.254.0,6939
42962,85.237.205.0,255.255.255.0,22356
24750,85.239.157.0,255.255.255.0,6939
212974,85.248.36.0,255.255.255.0,39392
64488,85.248.78.0,255.255.255.0,39392
48798,85.254.172.0,255.255.255.0,209531
25190,85.255.48.0,255.255.240.0,209531
49074,85.255.112.0,255.255.252.0,6939
43848,85.255.145.0,255.255.255.0,1764
205714,86.32.0.0,255.254.0.0,6939
29384,86.36.0.0,255.254.0.0,6939
34945,86.36.20.0,255.255.252.0,6939
198651,86.38.112.0,255.255.255.0,4455
1741,86.50.0.0,255.255.0.0,6939
198121,86.54.11.0,255.255.255.0,22356
48894,86.54.86.0,255.255.255.0,6939
50427,86.62.4.0,255.255.254.0,6939
60764,86.62.12.0,255.255.255.0,6939
209281,86.62.20.0,255.255.255.0,6939
31556,86.62.44.0,255.255.254.0,6939
42385,86.62.48.0,255.255.255.0,6939
3316,86.62.49.0,255.255.255.0,6939
60426,86.63.0.0,255.255.192.0,39392
35238,86.63.224.0,255.255.224.0,39392
34560,86.104.144.0,255.255.248.0,39392
15692,86.105.0.0,255.255.255.0,39392
57060,86.105.27.0,255.255.255.0,39392
200185,86.105.48.0,255.255.252.0,22356
49169,86.105.154.0,255.255.255.0,5405
62352,86.105.199.0,255.255.255.0,39392
25311,86.105.206.0,255.255.254.0,39392
48427,86.106.17.0,255.255.255.0,6939
39543,86.106.81.0,255.255.255.0,6939
204213,86.106.142.0,255.255.255.0,6939
24749,86.106.188.0,255.255.252.0,39392
57142,86.107.30.0,255.255.255.0,39120
34847,86.107.76.0,255.255.255.0,5405
35263,86.109.64.0,255.255.248.0,39392
6882,86.109.128.0,255.255.224.0,6939
12348,86.109.224.0,255.255.224.0,5405
197140,86.110.211.0,255.255.255.0,6939
29545,86.111.32.0,255.255.248.0,1764
44472,86.111.52.0,255.255.254.0,39392
39608,86.111.88.0,255.255.248.0,6939
30923,86.111.96.0,255.255.224.0,39392
42877,86.111.200.0,255.255.255.0,39392
26478,86.117.47.0,255.255.255.0,22356
62044,87.58.66.0,255.255.254.0,6939
50716,87.76.0.0,255.255.240.0,6939
9205,87.76.128.0,255.255.128.0,6939
35760,87.101.16.0,255.255.240.0,6939
42266,87.101.32.0,255.255.248.0,39392
59102,87.101.96.0,255.255.248.0,6939
62367,87.107.134.0,255.255.254.0,6939
47697,87.118.141.0,255.255.255.0,4455
8470,87.118.192.0,255.255.192.0,6939
213887,87.120.92.0,255.255.255.0,5405
43548,87.120.99.0,255.255.255.0,4455
198890,87.120.100.0,255.255.252.0,5405
16045,87.120.125.0,255.255.255.0,5405
263065,87.120.130.0,255.255.255.0,263444
41624,87.120.152.0,255.255.252.0,6939
42446,87.120.197.0,255.255.255.0,6939
60202,87.120.230.0,255.255.255.0,6939
215904,87.121.85.0,255.255.255.0,5405
132876,87.124.0.0,255.255.255.0,6939
41201,87.199.0.0,255.255.192.0,39392
59484,87.227.140.0,255.255.255.0,5405
44213,87.229.14.0,255.255.255.0,6939
44999,87.236.8.0,255.255.252.0,6939
206660,87.236.34.0,255.255.255.0,39392
35399,87.236.56.0,255.255.248.0,39392
15886,87.236.184.0,255.255.248.0,6939
35834,87.237.32.0,255.255.254.0,5405
35768,87.237.40.0,255.255.248.0,6939
38936,87.237.74.0,255.255.255.0,39392
206141,87.237.160.0,255.255.252.0,39392
41047,87.237.165.0,255.255.255.0,39392
39311,87.237.200.0,255.255.255.0,6939
39029,87.238.32.0,255.255.224.0,6939
31084,87.238.72.0,255.255.248.0,6939
39151,87.238.112.0,255.255.248.0,5405
51776,87.238.137.0,255.255.255.0,5405
38942,87.239.40.0,255.255.248.0,6939
202513,87.239.52.0,255.255.252.0,39392
43558,87.239.120.0,255.255.255.0,6939
31298,87.239.152.0,255.255.248.0,6939
39489,87.239.176.0,255.255.248.0,39392
35311,87.242.0.0,255.255.192.0,39392
35401,87.244.0.0,255.255.248.0,6939
201996,87.246.41.0,255.255.255.0,6939
12346,87.246.224.0,255.255.240.0,39392
137989,87.247.160.0,255.255.248.0,24482
35807,87.248.224.0,255.255.224.0,6939
41925,87.249.192.0,255.255.224.0,6939
35558,87.249.224.0,255.255.224.0,5405
3226,87.250.0.0,255.255.224.0,6939
25488,87.250.64.0,255.255.224.0,39392
208573,87.250.212.0,255.255.255.0,6939
207978,87.250.222.0,255.255.255.0,5405
49993,87.251.76.0,255.255.255.0,6939
41187,87.251.92.0,255.255.254.0,6939
35729,87.252.96.0,255.255.248.0,6939
31143,87.252.225.0,255.255.255.0,6939
60337,87.252.240.0,255.255.255.0,6939
206813,87.253.188.0,255.255.255.0,5405
15925,87.253.248.0,255.255.248.0,6939
20915,87.254.0.0,255.255.224.0,39392
34683,87.254.96.0,255.255.224.0,6939
38930,87.255.32.0,255.255.224.0,39392
38917,87.255.224.0,255.255.224.0,6939
48579,88.80.8.0,255.255.252.0,39392
20657,88.80.131.0,255.255.255.0,6939
31127,88.80.224.0,255.255.224.0,39392
41549,88.84.0.0,255.255.224.0,39392
47680,88.87.160.0,255.255.224.0,6939
41307,88.133.192.0,255.255.224.0,5405
35129,88.135.0.0,255.255.240.0,6939
12403,88.135.80.0,255.255.240.0,6939
50188,88.135.160.0,255.255.240.0,39392
198004,88.135.180.0,255.255.252.0,5405
200668,88.135.184.0,255.255.255.0,6939
205392,88.135.185.0,255.255.255.0,39392
51101,88.135.186.0,255.255.255.0,5405
206455,88.135.187.0,255.255.255.0,5405
30779,88.135.224.0,255.255.224.0,6939
8839,88.151.14.0,255.255.255.0,39392
210062,88.151.43.0,255.255.255.0,4455
44700,88.151.64.0,255.255.248.0,39392
202293,88.151.118.0,255.255.255.0,6939
198352,88.151.120.0,255.255.248.0,39392
200176,88.199.53.0,255.255.255.0,39392
200574,88.199.101.0,255.255.255.0,6939
2107,88.200.0.0,255.255.128.0,6939
44811,88.204.110.0,255.255.254.0,6939
16316,88.209.0.0,255.255.192.0,6939
30815,88.209.128.0,255.255.252.0,6939
206361,88.209.193.0,255.255.255.0,5405
25308,88.210.1.0,255.255.255.0,6939
205784,88.210.29.0,255.255.255.0,6939
42841,88.212.0.0,255.255.192.0,39392
35042,88.214.25.0,255.255.255.0,5405
209275,88.214.40.0,255.255.255.0,5405
214128,88.214.55.0,255.255.255.0,39392
213953,88.218.16.0,255.255.255.0,6939
48988,88.218.68.0,255.255.252.0,6939
60733,88.218.136.0,255.255.255.0,6939
13004,88.218.139.0,255.255.255.0,6939
211025,88.220.58.0,255.255.255.0,5405
39599,88.220.116.0,255.255.255.0,39392
201113,88.220.154.0,255.255.255.0,5405
31108,88.221.82.0,255.255.255.0,22356
50226,89.16.192.0,255.255.255.0,1764
41651,89.17.160.0,255.255.255.0,6939
43923,89.17.162.0,255.255.255.0,6939
41454,89.18.32.0,255.255.254.0,6939
41401,89.18.96.0,255.255.224.0,39392
15930,89.18.128.0,255.255.224.0,6939
25505,89.19.96.0,255.255.240.0,6939
21312,89.19.120.0,255.255.248.0,6939
62314,89.20.37.0,255.255.255.0,6939
41480,89.20.64.0,255.255.224.0,39392
205771,89.21.65.0,255.255.255.0,39392
44894,89.21.76.0,255.255.255.0,6939
41695,89.21.224.0,255.255.224.0,6939
57055,89.22.32.0,255.255.248.0,6939
29382,89.22.40.0,255.255.248.0,6939
59693,89.22.52.0,255.255.252.0,6939
212325,89.22.64.0,255.255.224.0,6939
49893,89.22.128.0,255.255.224.0,5405
213669,89.22.195.0,255.255.255.0,5405
57101,89.22.208.0,255.255.248.0,5405
34858,89.23.121.0,255.255.255.0,6939
211134,89.23.122.0,255.255.255.0,6939
204949,89.23.125.0,255.255.255.0,39392
42541,89.23.224.0,255.255.224.0,39392
49737,89.25.32.0,255.255.255.0,6939
13065,89.28.224.0,255.255.248.0,39392
216003,89.29.252.0,255.255.255.0,39392
60331,89.30.106.0,255.255.255.0,8218
16278,89.30.224.0,255.255.252.0,5405
41639,89.31.80.0,255.255.248.0,6939
206173,89.31.214.0,255.255.254.0,209531
262182,89.32.178.0,255.255.255.0,39392
39277,89.32.216.0,255.255.248.0,39392
35584,89.33.96.0,255.255.252.0,5405
59703,89.33.129.0,255.255.255.0,6939
39391,89.33.176.0,255.255.255.0,5405
39205,89.33.253.0,255.255.255.0,6939
209267,89.34.174.0,255.255.255.0,39392
197212,89.35.36.0,255.255.254.0,39392
51095,89.35.237.0,255.255.255.0,6939
41913,89.36.170.0,255.255.254.0,39392
60907,89.36.174.0,255.255.255.0,39392
206382,89.36.192.0,255.255.255.0,39392
203929,89.37.56.0,255.255.255.0,6939
50424,89.37.141.0,255.255.255.0,39392
34740,89.38.48.0,255.255.255.0,5405
212699,89.38.105.0,255.255.255.0,5405
44974,89.38.112.0,255.255.254.0,39392
212394,89.38.154.0,255.255.255.0,6939
200773,89.38.176.0,255.255.248.0,6939
41635,89.38.208.0,255.255.252.0,5405
204373,89.39.108.0,255.255.255.0,5405
200125,89.39.168.0,255.255.252.0,6939
33823,89.39.203.0,255.255.255.0,39392
61279,89.40.20.0,255.255.255.0,39392
214418,89.40.27.0,255.255.255.0,39392
197483,89.40.80.0,255.255.255.0,6939
48537,89.40.184.0,255.255.248.0,39392
41953,89.40.196.0,255.255.252.0,6939
60118,89.42.26.0,255.255.255.0,6939
203230,89.42.160.0,255.255.254.0,6939
204930,89.42.163.0,255.255.255.0,6939
42405,89.42.200.0,255.255.252.0,6939
61250,89.43.14.0,255.255.254.0,6939
41151,89.43.16.0,255.255.252.0,5405
42786,89.43.175.0,255.255.255.0,6939
13287,89.44.33.0,255.255.255.0,39392
207752,89.44.140.0,255.255.255.0,39392
12842,89.44.160.0,255.255.255.0,39392
214330,89.44.246.0,255.255.255.0,39392
24592,89.45.36.0,255.255.252.0,39392
205139,89.45.216.0,255.255.252.0,39392
51492,89.46.121.0,255.255.255.0,6939
44826,89.46.208.0,255.255.248.0,6939
199451,89.47.171.0,255.255.255.0,6939
5430,89.58.120.0,255.255.248.0,5405
39033,89.104.114.0,255.255.255.0,6939
51346,89.104.121.0,255.255.255.0,6939
16186,89.105.48.0,255.255.240.0,39392
39785,89.105.136.0,255.255.248.0,6939
39555,89.105.160.0,255.255.224.0,1764
42248,89.106.96.0,255.255.255.0,39392
50554,89.106.160.0,255.255.248.0,39392
8677,89.106.184.0,255.255.255.0,8218
44895,89.106.192.0,255.255.248.0,6939
202269,89.106.206.0,255.255.255.0,22356
39837,89.106.208.0,255.255.248.0,1764
48638,89.106.240.0,255.255.248.0,39392
39808,89.107.88.0,255.255.248.0,39392
39821,89.107.120.0,255.255.248.0,6939
24989,89.110.128.0,255.255.192.0,6939
39791,89.111.64.0,255.255.192.0,39392
50919,89.116.175.0,255.255.255.0,5405
202660,89.126.208.0,255.255.252.0,6939
132847,89.147.120.0,255.255.252.0,5405
21502,89.157.88.0,255.255.248.0,39392
39375,89.161.0.0,255.255.252.0,5405
13046,89.164.0.0,255.255.0.0,6939
216322,89.169.64.0,255.255.240.0,6939
48061,89.169.92.0,255.255.252.0,6939
212312,89.184.58.0,255.255.255.0,39392
60860,89.185.8.0,255.255.255.0,6939
39735,89.185.64.0,255.255.255.0,6939
57842,89.185.65.0,255.255.255.0,6939
41678,89.185.128.0,255.255.248.0,6939
39766,89.185.192.0,255.255.224.0,5405
39716,89.186.0.0,255.255.254.0,5405
42667,89.186.2.0,255.255.255.0,6939
213804,89.186.23.0,255.255.255.0,6939
39810,89.187.0.0,255.255.254.0,6939
47860,89.188.160.0,255.255.255.0,6939
59574,89.188.168.0,255.255.252.0,6939
199319,89.188.222.0,255.255.254.0,5405
8371,89.189.0.0,255.255.224.0,5405
41349,89.189.96.0,255.255.224.0,6939
199087,89.190.0.0,255.255.224.0,39392
210139,89.190.32.0,255.255.248.0,39392
49489,89.190.144.0,255.255.252.0,6939
12831,89.191.160.0,255.255.240.0,39392
30753,89.200.144.0,255.255.248.0,6939
49021,89.200.245.0,255.255.255.0,39392
34312,89.200.248.0,255.255.248.0,6939
29649,89.206.0.0,255.255.192.0,39392
201863,89.207.12.0,255.255.255.0,6939
41073,89.207.56.0,255.255.248.0,39392
41160,89.207.104.0,255.255.255.0,6939
21215,89.207.192.0,255.255.248.0,39392
196810,89.207.232.0,255.255.248.0,6939
213780,89.208.119.0,255.255.255.0,6939
42569,89.208.120.0,255.255.254.0,6939
262725,89.213.41.0,255.255.255.0,22356
42596,89.221.0.0,255.255.240.0,6939
50733,89.221.80.0,255.255.252.0,6939
41881,89.221.84.0,255.255.252.0,6939
34123,89.222.128.0,255.255.128.0,6939
50668,89.222.180.0,255.255.252.0,6939
31576,89.234.129.0,255.255.255.0,39392
198978,89.234.130.0,255.255.255.0,39392
199881,89.234.132.0,255.255.255.0,39392
199396,89.234.136.0,255.255.254.0,39392
200162,89.234.152.0,255.255.255.0,8218
197422,89.234.156.0,255.255.254.0,39392
205669,89.234.160.0,255.255.255.0,6939
206059,89.234.188.0,255.255.255.0,6939
41006,89.234.192.0,255.255.240.0,5405
203362,89.234.207.0,255.255.255.0,5405
39571,89.235.64.0,255.255.252.0,6939
41356,89.238.0.0,255.255.192.0,39392
50087,89.248.72.0,255.255.248.0,39392
48348,89.248.96.0,255.255.240.0,39392
200044,89.249.16.0,255.255.240.0,6939
2848,89.249.160.0,255.255.240.0,6939
47709,89.249.239.0,255.255.255.0,6939
31370,89.249.240.0,255.255.240.0,6939
29303,89.250.208.0,255.255.248.0,6939
41469,89.250.224.0,255.255.240.0,6939
41453,89.250.240.0,255.255.240.0,39392
42332,89.251.112.0,255.255.252.0,39392
30892,89.251.224.0,255.255.240.0,6939
205343,89.252.206.0,255.255.255.0,4455
41601,89.255.64.0,255.255.224.0,6939
13215,89.255.96.0,255.255.255.0,6939
54238,89.255.208.0,255.255.248.0,6939
59865,89.255.216.0,255.255.248.0,5405
2280,90.84.11.0,255.255.255.0,39392
137,90.147.0.0,255.255.0.0,6939
59620,90.154.224.0,255.255.255.0,6939
44578,90.156.220.0,255.255.254.0,6939
9021,90.158.0.0,255.255.0.0,6939
41631,91.90.8.0,255.255.248.0,6939
13307,91.90.16.0,255.255.248.0,5405
42039,91.90.56.0,255.255.248.0,39392
49787,91.90.112.0,255.255.248.0,6939
33901,91.90.160.0,255.255.255.0,6939
15372,91.90.167.0,255.255.255.0,5405
12496,91.90.171.0,255.255.255.0,39392
206066,91.90.198.0,255.255.254.0,6939
57487,91.90.212.0,255.255.252.0,6939
62106,91.92.55.0,255.255.255.0,6939
204281,91.92.162.0,255.255.254.0,4455
41741,91.102.24.0,255.255.248.0,6939
8518,91.102.96.0,255.255.248.0,5405
41904,91.102.216.0,255.255.252.0,6939
196659,91.102.232.0,255.255.255.0,6939
28693,91.103.8.0,255.255.255.0,39392
41935,91.103.40.0,255.255.255.0,6939
24689,91.103.72.0,255.255.248.0,6939
50468,91.103.84.0,255.255.255.0,39392
51399,91.103.144.0,255.255.252.0,39392
205111,91.103.153.0,255.255.255.0,49544
42000,91.103.160.0,255.255.248.0,39392
42009,91.103.176.0,255.255.248.0,4455
25511,91.103.196.0,255.255.252.0,6939
211157,91.105.192.0,255.255.254.0,39392
199103,91.105.200.0,255.255.252.0,39392
205430,91.106.28.0,255.255.255.0,5405
198930,91.106.128.0,255.255.192.0,39392
58326,91.106.208.0,255.255.248.0,39392
26356,91.106.220.0,255.255.255.0,39392
48781,91.107.0.0,255.255.192.0,6939
62041,91.108.4.0,255.255.252.0,39392
59930,91.108.12.0,255.255.252.0,39392
62014,91.108.16.0,255.255.252.0,24482
44907,91.108.20.0,255.255.252.0,39392
57246,91.108.41.0,255.255.255.0,6939
43106,91.108.44.0,255.255.252.0,6939
201664,91.108.190.0,255.255.255.0,6939
49779,91.109.64.0,255.255.224.0,6939
58308,91.109.120.0,255.255.248.0,39392
57300,91.109.168.0,255.255.255.0,6939
49924,91.109.192.0,255.255.248.0,6939
58310,91.109.224.0,255.255.254.0,5405
59953,91.109.232.0,255.255.248.0,6939
8302,91.123.96.0,255.255.240.0,39392
51792,91.123.176.0,255.255.240.0,5405
51648,91.123.179.0,255.255.255.0,6939
213615,91.124.1.0,255.255.255.0,39392
209474,91.124.63.0,255.255.255.0,5405
205678,91.132.8.0,255.255.252.0,6939
201983,91.132.52.0,255.255.252.0,39392
209707,91.132.76.0,255.255.252.0,1764
51904,91.132.104.0,255.255.252.0,6939
57511,91.132.164.0,255.255.255.0,6939
199758,91.132.252.0,255.255.252.0,5405
41898,91.135.16.0,255.255.240.0,209531
204672,91.137.80.0,255.255.252.0,39392
3225,91.140.128.0,255.255.128.0,6939
42344,91.142.32.0,255.255.240.0,39392
43843,91.142.64.0,255.255.248.0,39392
41722,91.142.80.0,255.255.255.0,6939
28994,91.142.160.0,255.255.240.0,6939
60213,91.145.32.0,255.255.224.0,39392
49711,91.149.171.0,255.255.255.0,6939
208407,91.149.176.0,255.255.255.0,6939
42673,91.150.160.0,255.255.240.0,39392
203086,91.150.190.0,255.255.255.0,5405
50061,91.151.24.0,255.255.248.0,39392
42852,91.151.224.0,255.255.252.0,39392
34225,91.184.32.0,255.255.240.0,39392
41828,91.185.192.0,255.255.224.0,6939
13092,91.187.128.0,255.255.224.0,6939
12903,91.188.192.0,255.255.255.0,5405
140736,91.188.204.0,255.255.252.0,6939
200513,91.188.245.0,255.255.255.0,6939
42227,91.189.64.0,255.255.248.0,39392
35602,91.189.128.0,255.255.255.0,6939
201250,91.190.64.0,255.255.240.0,5405
34102,91.190.112.0,255.255.240.0,6939
42291,91.192.20.0,255.255.252.0,6939
34393,91.192.56.0,255.255.252.0,6939
42377,91.192.68.0,255.255.252.0,6939
35824,91.192.72.0,255.255.255.0,6939
211392,91.192.107.0,255.255.255.0,6939
47143,91.192.116.0,255.255.252.0,39392
31633,91.192.128.0,255.255.252.0,6939
57478,91.192.144.0,255.255.252.0,39392
42518,91.192.188.0,255.255.252.0,6939
42552,91.192.204.0,255.255.252.0,39392
42576,91.192.224.0,255.255.255.0,6939
48157,91.192.228.0,255.255.252.0,6939
62290,91.193.54.0,255.255.255.0,39392
198884,91.193.73.0,255.255.255.0,6939
42723,91.193.80.0,255.255.252.0,6939
62119,91.193.91.0,255.255.255.0,5405
33951,91.193.96.0,255.255.252.0,39392
50812,91.193.106.0,255.255.254.0,39392
42798,91.193.124.0,255.255.252.0,6939
42555,91.193.156.0,255.255.252.0,5405
29491,91.193.164.0,255.255.252.0,5405
215699,91.193.195.0,255.255.255.0,6939
42914,91.193.208.0,255.255.252.0,39392
42892,91.193.220.0,255.255.252.0,6939
42916,91.193.236.0,255.255.252.0,5405
58188,91.193.244.0,255.255.252.0,39392
199408,91.194.0.0,255.255.254.0,39392
51520,91.194.2.0,255.255.254.0,6939
44504,91.194.68.0,255.255.255.0,39392
201434,91.194.138.0,255.255.255.0,39392
61078,91.194.156.0,255.255.254.0,5405
28761,91.194.163.0,255.255.255.0,6939
12509,91.194.176.0,255.255.255.0,209531
50636,91.194.184.0,255.255.255.0,6939
8308,91.194.210.0,255.255.254.0,6939
43366,91.194.224.0,255.255.254.0,39392
43399,91.194.226.0,255.255.254.0,6939
48293,91.194.246.0,255.255.254.0,6939
42352,91.194.250.0,255.255.254.0,39392
52191,91.195.10.0,255.255.254.0,6939
43473,91.195.14.0,255.255.254.0,39392
60092,91.195.24.0,255.255.255.0,5405
203741,91.195.46.0,255.255.254.0,6939
60777,91.195.69.0,255.255.255.0,6939
43623,91.195.78.0,255.255.254.0,39392
59545,91.195.118.0,255.255.254.0,39392
43712,91.195.128.0,255.255.254.0,5405
43798,91.195.170.0,255.255.255.0,6939
43896,91.195.215.0,255.255.255.0,6939
16190,91.195.255.0,255.255.255.0,6939
42981,91.196.8.0,255.255.252.0,6939
42991,91.196.36.0,255.255.252.0,5405
39464,91.196.44.0,255.255.252.0,39392
198909,91.196.56.0,255.255.252.0,6939
43060,91.196.76.0,255.255.254.0,6939
43067,91.196.80.0,255.255.252.0,39392
24812,91.196.96.0,255.255.252.0,6939
201637,91.196.108.0,255.255.252.0,39392
35795,91.196.120.0,255.255.252.0,6939
43133,91.196.132.0,255.255.255.0,6939
49321,91.196.155.0,255.255.255.0,39392
43418,91.197.48.0,255.255.255.0,39392
35025,91.197.64.0,255.255.252.0,6939
43465,91.197.76.0,255.255.252.0,6939
43495,91.197.88.0,255.255.252.0,39392
57753,91.197.104.0,255.255.252.0,6939
8870,91.197.128.0,255.255.254.0,6939
43576,91.197.144.0,255.255.252.0,6939
12963,91.197.168.0,255.255.252.0,6939
43668,91.197.184.0,255.255.252.0,6939
199201,91.197.224.0,255.255.252.0,6939
200363,91.197.232.0,255.255.255.0,39392
56441,91.197.241.0,255.255.255.0,6939
198018,91.198.24.0,255.255.255.0,6939
43306,91.198.34.0,255.255.255.0,5405
43405,91.198.36.0,255.255.255.0,6939
201754,91.198.56.0,255.255.255.0,6939
43656,91.198.83.0,255.255.255.0,6939
43625,91.198.84.0,255.255.255.0,6939
201661,91.198.94.0,255.255.255.0,5405
50607,91.198.97.0,255.255.255.0,6939
8489,91.198.114.0,255.255.255.0,5405
200553,91.198.141.0,255.255.255.0,209531
41618,91.198.150.0,255.255.255.0,39392
56368,91.198.172.0,255.255.255.0,5405
43941,91.198.186.0,255.255.255.0,6939
201647,91.198.191.0,255.255.255.0,39392
43858,91.198.199.0,255.255.255.0,6939
49743,91.198.209.0,255.255.255.0,6939
198216,91.198.217.0,255.255.255.0,6939
48648,91.198.233.0,255.255.255.0,6939
206924,91.198.241.0,255.255.255.0,39392
203684,91.199.9.0,255.255.255.0,6939
47267,91.199.17.0,255.255.255.0,6939
25373,91.199.31.0,255.255.255.0,39392
204453,91.199.54.0,255.255.255.0,6939
210626,91.199.70.0,255.255.255.0,5405
44306,91.199.77.0,255.255.255.0,39392
34485,91.199.80.0,255.255.255.0,6939
20552,91.199.97.0,255.255.255.0,39392
198249,91.199.98.0,255.255.255.0,6939
206002,91.199.103.0,255.255.255.0,39392
204922,91.199.113.0,255.255.255.0,39392
47828,91.199.134.0,255.255.255.0,5405
44482,91.199.138.0,255.255.255.0,6939
44495,91.199.139.0,255.255.255.0,6939
215205,91.199.146.0,255.255.255.0,6939
31462,91.199.156.0,255.255.255.0,6939
44608,91.199.177.0,255.255.255.0,39392
44595,91.199.178.0,255.255.255.0,6939
39399,91.199.194.0,255.255.255.0,6939
35723,91.199.196.0,255.255.255.0,6939
12732,91.199.214.0,255.255.255.0,5405
57118,91.199.218.0,255.255.255.0,6939
44842,91.199.234.0,255.255.255.0,39392
44401,91.200.62.0,255.255.255.0,5405
199250,91.200.68.0,255.255.255.0,5405
43803,91.200.76.0,255.255.254.0,6939
197217,91.200.78.0,255.255.254.0,6939
198317,91.200.104.0,255.255.252.0,6939
48957,91.200.113.0,255.255.255.0,6939
43942,91.200.128.0,255.255.252.0,39392
202165,91.200.158.0,255.255.255.0,6939
44000,91.200.204.0,255.255.252.0,39392
44027,91.200.216.0,255.255.252.0,6939
22160,91.200.221.0,255.255.255.0,6939
44041,91.200.224.0,255.255.252.0,6939
197672,91.200.236.0,255.255.252.0,6939
47618,91.201.26.0,255.255.255.0,6939
41600,91.201.36.0,255.255.252.0,6939
44157,91.201.80.0,255.255.255.0,39392
29031,91.201.108.0,255.255.254.0,6939
44278,91.201.132.0,255.255.252.0,6939
35213,91.201.168.0,255.255.255.0,6939
44383,91.201.180.0,255.255.252.0,6939
44411,91.201.188.0,255.255.252.0,6939
202779,91.201.220.0,255.255.255.0,5405
44484,91.201.228.0,255.255.252.0,6939
59577,91.201.232.0,255.255.252.0,6939
31725,91.201.240.0,255.255.252.0,6939
29443,91.202.0.0,255.255.252.0,6939
44532,91.202.36.0,255.255.255.0,6939
44640,91.202.44.0,255.255.252.0,6939
20609,91.202.52.0,255.255.252.0,39392
44655,91.202.124.0,255.255.252.0,39392
13032,91.202.128.0,255.255.252.0,5405
213996,91.202.132.0,255.255.252.0,5405
44664,91.202.144.0,255.255.252.0,6939
44674,91.202.148.0,255.255.252.0,6939
57717,91.202.208.0,255.255.255.0,6939
35787,91.202.228.0,255.255.252.0,5405
200593,91.202.233.0,255.255.255.0,6939
44827,91.203.24.0,255.255.252.0,6939
62255,91.203.28.0,255.255.255.0,24482
203347,91.203.100.0,255.255.252.0,6939
47283,91.203.164.0,255.255.252.0,6939
47133,91.203.188.0,255.255.255.0,6939
202994,91.203.221.0,255.255.255.0,6939
57239,91.203.223.0,255.255.255.0,6939
31371,91.204.4.0,255.255.252.0,39392
13178,91.204.20.0,255.255.255.0,6939
60195,91.204.28.0,255.255.252.0,6939
47363,91.204.56.0,255.255.252.0,6939
47333,91.204.68.0,255.255.252.0,6939
20292,91.204.73.0,255.255.255.0,5405
41930,91.204.88.0,255.255.252.0,6939
47379,91.204.108.0,255.255.252.0,5405
42765,91.204.148.0,255.255.252.0,6939
206314,91.204.152.0,255.255.252.0,6939
41554,91.204.164.0,255.255.252.0,6939
48151,91.204.192.0,255.255.252.0,1764
205960,91.204.224.0,255.255.255.0,6939
8788,91.205.16.0,255.255.252.0,5405
60809,91.205.20.0,255.255.252.0,5405
6833,91.205.28.0,255.255.252.0,5405
62298,91.205.40.0,255.255.255.0,39392
41508,91.205.72.0,255.255.252.0,5405
47850,91.205.88.0,255.255.252.0,6939
47820,91.205.116.0,255.255.254.0,39392
47923,91.205.144.0,255.255.252.0,6939
48004,91.205.157.0,255.255.255.0,5405
51880,91.205.160.0,255.255.255.0,5405
204267,91.205.198.0,255.255.255.0,5405
58309,91.205.204.0,255.255.252.0,6939
48043,91.205.236.0,255.255.252.0,6939
43380,91.206.3.0,255.255.255.0,39392
29074,91.206.4.0,255.255.254.0,6939
47302,91.206.24.0,255.255.254.0,6939
42331,91.206.30.0,255.255.254.0,6939
60052,91.206.35.0,255.255.255.0,6939
20889,91.206.38.0,255.255.254.0,5405
57501,91.206.58.0,255.255.255.0,6939
34241,91.206.66.0,255.255.254.0,5405
41108,91.206.76.0,255.255.254.0,39392
47613,91.206.88.0,255.255.254.0,6939
47656,91.206.148.0,255.255.254.0,6939
47657,91.206.150.0,255.255.255.0,6939
50767,91.206.154.0,255.255.254.0,39392
47698,91.206.174.0,255.255.254.0,39392
47790,91.206.210.0,255.255.255.0,39392
47809,91.206.218.0,255.255.254.0,6939
209428,91.206.229.0,255.255.255.0,6939
207606,91.206.231.0,255.255.255.0,39392
47955,91.206.248.0,255.255.255.0,6939
52112,91.207.13.0,255.255.255.0,39392
48742,91.207.68.0,255.255.254.0,6939
48339,91.207.134.0,255.255.254.0,5405
51241,91.207.138.0,255.255.254.0,6939
21150,91.207.162.0,255.255.254.0,39392
57643,91.207.166.0,255.255.254.0,39392
59622,91.207.178.0,255.255.255.0,39392
203821,91.207.184.0,255.255.255.0,5405
205206,91.207.214.0,255.255.254.0,39392
207114,91.207.249.0,255.255.255.0,39392
56418,91.208.6.0,255.255.255.0,39392
8283,91.208.34.0,255.255.255.0,39392
47957,91.208.51.0,255.255.255.0,8218
47705,91.208.97.0,255.255.255.0,6939
47810,91.208.144.0,255.255.255.0,6939
49408,91.208.148.0,255.255.255.0,6939
199624,91.208.171.0,255.255.255.0,6939
47836,91.208.175.0,255.255.255.0,6939
47900,91.208.194.0,255.255.255.0,6939
47919,91.208.198.0,255.255.255.0,6939
138398,91.208.208.0,255.255.255.0,6939
8587,91.208.251.0,255.255.255.0,39392
48115,91.209.8.0,255.255.255.0,5405
48094,91.209.11.0,255.255.255.0,6939
212073,91.209.16.0,255.255.255.0,39392
48239,91.209.51.0,255.255.255.0,39392
48229,91.209.55.0,255.255.255.0,6939
48488,91.209.91.0,255.255.255.0,6939
211000,91.209.94.0,255.255.255.0,6939
207697,91.209.97.0,255.255.255.0,6939
211430,91.209.105.0,255.255.255.0,6939
43048,91.209.119.0,255.255.255.0,6939
48349,91.209.122.0,255.255.255.0,6939
48366,91.209.124.0,255.255.255.0,39392
48408,91.209.133.0,255.255.255.0,39392
48428,91.209.152.0,255.255.255.0,6939
47127,91.209.191.0,255.255.255.0,39392
50399,91.209.213.0,255.255.255.0,39392
51780,91.209.233.0,255.255.255.0,6939
62313,91.209.240.0,255.255.255.0,5405
42934,91.209.255.0,255.255.255.0,39392
25538,91.210.72.0,255.255.252.0,5405
50712,91.210.96.0,255.255.252.0,5405
204288,91.210.110.0,255.255.255.0,6939
48243,91.210.116.0,255.255.252.0,39392
203447,91.210.117.0,255.255.255.0,6939
57780,91.210.153.0,255.255.255.0,39392
48354,91.210.204.0,255.255.252.0,6939
48371,91.210.228.0,255.255.252.0,6939
216029,91.210.236.0,255.255.255.0,6939
203765,91.210.238.0,255.255.255.0,6939
41835,91.210.244.0,255.255.252.0,5405
48480,91.211.48.0,255.255.252.0,6939
48507,91.211.56.0,255.255.252.0,6939
199020,91.211.92.0,255.255.252.0,6939
48634,91.211.156.0,255.255.252.0,6939
12565,91.211.164.0,255.255.252.0,5405
48719,91.211.208.0,255.255.252.0,6939
48720,91.211.216.0,255.255.252.0,6939
39566,91.211.220.0,255.255.252.0,5405
13172,91.211.232.0,255.255.255.0,4455
199236,91.211.240.0,255.255.255.0,1764
61053,91.211.244.0,255.255.252.0,6939
31129,91.211.252.0,255.255.252.0,6939
42100,91.212.13.0,255.255.255.0,5405
201953,91.212.25.0,255.255.255.0,5405
44386,91.212.64.0,255.255.255.0,6939
35115,91.212.84.0,255.255.255.0,6939
30885,91.212.110.0,255.255.255.0,39392
49983,91.212.196.0,255.255.255.0,39392
49359,91.212.214.0,255.255.255.0,6939
49370,91.212.223.0,255.255.255.0,5405
49420,91.212.242.0,255.255.255.0,6939
213576,91.213.28.0,255.255.255.0,5405
49638,91.213.30.0,255.255.255.0,6939
24776,91.213.41.0,255.255.255.0,6939
51028,91.213.44.0,255.255.255.0,6939
48559,91.213.108.0,255.255.255.0,5405
39928,91.213.149.0,255.255.255.0,6939
43201,91.213.155.0,255.255.255.0,6939
49730,91.213.169.0,255.255.255.0,6939
48099,91.213.176.0,255.255.255.0,6939
49883,91.213.187.0,255.255.255.0,6939
203596,91.213.223.0,255.255.255.0,39392
204881,91.213.235.0,255.255.255.0,39392
61430,91.213.252.0,255.255.255.0,5405
50349,91.214.0.0,255.255.252.0,39392
196705,91.214.128.0,255.255.252.0,6939
47898,91.214.136.0,255.255.252.0,6939
49531,91.214.204.0,255.255.252.0,6939
196610,91.214.253.0,255.255.255.0,6939
57981,91.215.56.0,255.255.252.0,6939
43407,91.215.100.0,255.255.255.0,39392
43270,91.215.108.0,255.255.252.0,6939
41082,91.215.128.0,255.255.252.0,6939
34612,91.215.148.0,255.255.252.0,39392
41477,91.215.164.0,255.255.252.0,5405
48757,91.215.172.0,255.255.252.0,5405
49070,91.215.196.0,255.255.252.0,6939
49724,91.215.220.0,255.255.252.0,6939
49722,91.215.224.0,255.255.252.0,6939
196776,91.215.236.0,255.255.252.0,6939
50171,91.216.0.0,255.255.255.0,6939
50893,91.216.1.0,255.255.255.0,39392
8375,91.216.33.0,255.255.255.0,39392
208772,91.216.35.0,255.255.255.0,5405
48303,91.216.44.0,255.255.255.0,5405
205229,91.216.71.0,255.255.255.0,6939
50991,91.216.78.0,255.255.255.0,39392
41666,91.216.79.0,255.255.255.0,5405
196967,91.216.111.0,255.255.255.0,39392
51094,91.216.144.0,255.255.255.0,6939
197099,91.216.149.0,255.255.255.0,5405
59415,91.216.194.0,255.255.255.0,5405
13273,91.216.209.0,255.255.255.0,39392
197181,91.216.213.0,255.255.255.0,39392
51224,91.216.216.0,255.255.255.0,5405
51240,91.216.225.0,255.255.255.0,39392
50446,91.216.234.0,255.255.255.0,5405
62239,91.216.247.0,255.255.255.0,8218
51413,91.216.249.0,255.255.255.0,6939
39728,91.217.4.0,255.255.254.0,6939
197218,91.217.12.0,255.255.254.0,6939
201603,91.217.32.0,255.255.254.0,1764
197251,91.217.58.0,255.255.255.0,5405
51460,91.217.64.0,255.255.254.0,6939
51589,91.217.104.0,255.255.254.0,5405
21449,91.217.128.0,255.255.255.0,6939
198333,91.217.141.0,255.255.255.0,6939
196945,91.217.155.0,255.255.255.0,39392
210685,91.217.163.0,255.255.255.0,6939
51517,91.217.208.0,255.255.255.0,6939
198463,91.217.209.0,255.255.255.0,39392
202933,91.217.213.0,255.255.255.0,39392
39255,91.217.217.0,255.255.255.0,39392
197273,91.217.220.0,255.255.255.0,6939
197274,91.217.224.0,255.255.255.0,39392
213172,91.217.240.0,255.255.255.0,39392
197648,91.217.246.0,255.255.255.0,6939
29655,91.217.247.0,255.255.255.0,39392
51225,91.218.4.0,255.255.252.0,6939
211186,91.218.22.0,255.255.255.0,6939
2613,91.218.38.0,255.255.255.0,6939
197162,91.218.60.0,255.255.252.0,5405
198001,91.218.68.0,255.255.252.0,5405
39199,91.218.88.0,255.255.252.0,6939
57661,91.218.92.0,255.255.252.0,6939
51279,91.218.96.0,255.255.252.0,5405
59533,91.218.100.0,255.255.255.0,6939
35526,91.218.108.0,255.255.255.0,6939
62355,91.218.182.0,255.255.255.0,39392
51380,91.218.192.0,255.255.255.0,6939
34223,91.218.220.0,255.255.255.0,6939
50398,91.219.44.0,255.255.252.0,5405
51528,91.219.52.0,255.255.252.0,5405
197275,91.219.56.0,255.255.252.0,6939
51597,91.219.80.0,255.255.252.0,39392
51612,91.219.96.0,255.255.252.0,6939
51948,91.219.104.0,255.255.252.0,6939
197318,91.219.128.0,255.255.252.0,6939
16323,91.219.160.0,255.255.255.0,6939
15461,91.219.220.0,255.255.252.0,6939
51744,91.219.244.0,255.255.252.0,6939
211671,91.220.10.0,255.255.255.0,5405
28924,91.220.29.0,255.255.255.0,5405
51677,91.220.45.0,255.255.255.0,5405
51689,91.220.48.0,255.255.255.0,39392
197357,91.220.63.0,255.255.255.0,5405
9208,91.220.68.0,255.255.255.0,6939
59905,91.220.77.0,255.255.255.0,39392
51752,91.220.88.0,255.255.255.0,39392
51768,91.220.99.0,255.255.255.0,5405
57508,91.220.110.0,255.255.255.0,39392
212030,91.220.112.0,255.255.255.0,6939
50311,91.220.131.0,255.255.255.0,6939
51823,91.220.132.0,255.255.255.0,39392
205998,91.220.146.0,255.255.255.0,6939
29186,91.220.174.0,255.255.255.0,6939
215174,91.220.212.0,255.255.255.0,6939
197473,91.220.228.0,255.255.255.0,6939
50864,91.220.235.0,255.255.255.0,6939
51635,91.221.0.0,255.255.254.0,6939
42787,91.221.24.0,255.255.254.0,6939
50916,91.221.48.0,255.255.254.0,6939
49168,91.221.74.0,255.255.254.0,6939
36791,91.221.94.0,255.255.254.0,6939
51839,91.221.104.0,255.255.254.0,39392
51903,91.221.124.0,255.255.254.0,6939
51957,91.221.156.0,255.255.254.0,6939
52008,91.221.176.0,255.255.254.0,6939
52003,91.221.178.0,255.255.255.0,6939
52010,91.221.189.0,255.255.255.0,6939
197482,91.221.198.0,255.255.254.0,6939
208072,91.221.240.0,255.255.255.0,6939
56699,91.221.242.0,255.255.254.0,6939
51874,91.222.16.0,255.255.252.0,6939
51960,91.222.24.0,255.255.252.0,6939
198346,91.222.52.0,255.255.255.0,39392
43113,91.222.56.0,255.255.252.0,5405
51972,91.222.60.0,255.255.252.0,6939
52078,91.222.124.0,255.255.252.0,6939
197479,91.222.144.0,255.255.252.0,39392
197502,91.222.160.0,255.255.252.0,5405
41247,91.222.184.0,255.255.255.0,6939
52153,91.222.192.0,255.255.252.0,39392
52180,91.222.244.0,255.255.252.0,5405
59670,91.223.4.0,255.255.255.0,6939
61159,91.223.19.0,255.255.255.0,6939
60191,91.223.31.0,255.255.255.0,5405
197551,91.223.40.0,255.255.255.0,39392
199381,91.223.57.0,255.255.255.0,6939
35199,91.223.64.0,255.255.255.0,39392
200565,91.223.87.0,255.255.255.0,39392
196863,91.223.88.0,255.255.255.0,5405
56358,91.223.98.0,255.255.255.0,6939
197579,91.223.113.0,255.255.255.0,6939
50057,91.223.146.0,255.255.255.0,6939
5404,91.223.147.0,255.255.255.0,1764
56475,91.223.175.0,255.255.255.0,6939
56743,91.223.179.0,255.255.255.0,6939
30931,91.223.203.0,255.255.255.0,6939
197645,91.223.212.0,255.255.255.0,39392
48345,91.223.220.0,255.255.255.0,22356
207349,91.223.222.0,255.255.255.0,5405
196645,91.223.223.0,255.255.255.0,39392
197733,91.223.224.0,255.255.255.0,6939
56543,91.223.227.0,255.255.255.0,6939
198857,91.223.250.0,255.255.255.0,6939
5531,91.224.2.0,255.255.255.0,6939
41297,91.224.28.0,255.255.254.0,6939
59945,91.224.46.0,255.255.255.0,6939
206907,91.224.68.0,255.255.254.0,6939
209605,91.224.92.0,255.255.255.0,6939
56354,91.224.96.0,255.255.255.0,39392
197632,91.224.124.0,255.255.254.0,6939
205154,91.224.165.0,255.255.255.0,5405
56451,91.224.166.0,255.255.255.0,6939
56522,91.224.200.0,255.255.254.0,6939
56493,91.224.206.0,255.255.254.0,6939
42093,91.224.242.0,255.255.254.0,39392
199520,91.224.246.0,255.255.255.0,39392
210165,91.225.1.0,255.255.255.0,39392
60534,91.225.8.0,255.255.252.0,39392
29522,91.225.28.0,255.255.254.0,24482
197035,91.225.36.0,255.255.255.0,6939
56932,91.225.48.0,255.255.252.0,6939
56344,91.225.84.0,255.255.255.0,39392
197572,91.225.132.0,255.255.252.0,5405
56399,91.225.164.0,255.255.252.0,6939
56401,91.225.168.0,255.255.252.0,6939
5396,91.225.180.0,255.255.252.0,6939
197592,91.225.188.0,255.255.252.0,5405
56462,91.225.236.0,255.255.252.0,39392
197747,91.226.22.0,255.255.254.0,6939
210576,91.226.57.0,255.255.255.0,6939
206948,91.226.78.0,255.255.255.0,5405
205485,91.226.96.0,255.255.255.0,5405
196851,91.226.139.0,255.255.255.0,6939
216275,91.226.144.0,255.255.254.0,39392
56690,91.226.172.0,255.255.252.0,6939
56705,91.226.208.0,255.255.252.0,6939
56712,91.226.228.0,255.255.252.0,6939
204766,91.226.232.0,255.255.254.0,5405
16044,91.226.252.0,255.255.252.0,6939
215120,91.227.33.0,255.255.255.0,6939
58307,91.227.61.0,255.255.255.0,39392
200750,91.227.63.0,255.255.255.0,6939
199943,91.227.102.0,255.255.255.0,6939
56754,91.227.109.0,255.255.255.0,6939
197809,91.227.116.0,255.255.252.0,5405
198921,91.227.122.0,255.255.254.0,6939
41249,91.227.128.0,255.255.255.0,5405
56783,91.227.156.0,255.255.252.0,6939
197826,91.227.188.0,255.255.252.0,6939
197844,91.227.196.0,255.255.254.0,5405
197840,91.227.216.0,255.255.252.0,39392
197838,91.228.8.0,255.255.254.0,5405
56838,91.228.32.0,255.255.252.0,6939
48452,91.228.38.0,255.255.255.0,4455
56847,91.228.84.0,255.255.252.0,6939
197849,91.228.89.0,255.255.255.0,6939
56874,91.228.118.0,255.255.255.0,5405
44932,91.228.132.0,255.255.255.0,22356
207170,91.228.157.0,255.255.255.0,6939
49320,91.228.178.0,255.255.255.0,6939
56930,91.228.208.0,255.255.252.0,6939
57018,91.228.230.0,255.255.255.0,6939
198030,91.228.236.0,255.255.255.0,5405
197669,91.228.242.0,255.255.255.0,6939
56955,91.228.244.0,255.255.254.0,39392
43046,91.229.0.0,255.255.254.0,39392
56926,91.229.28.0,255.255.254.0,1764
56949,91.229.84.0,255.255.252.0,5405
51058,91.229.194.0,255.255.254.0,6939
49381,91.229.196.0,255.255.252.0,6939
216458,91.229.202.0,255.255.255.0,6939
28978,91.229.213.0,255.255.255.0,5405
57007,91.229.252.0,255.255.252.0,39392
52163,91.230.10.0,255.255.254.0,6939
60625,91.230.23.0,255.255.255.0,6939
197678,91.230.24.0,255.255.255.0,6939
57049,91.230.25.0,255.255.255.0,6939
57029,91.230.51.0,255.255.255.0,39392
197936,91.230.58.0,255.255.254.0,39392
197294,91.230.116.0,255.255.255.0,5405
49102,91.230.120.0,255.255.255.0,6939
398700,91.230.128.0,255.255.252.0,6939
31004,91.230.140.0,255.255.254.0,6939
57109,91.230.184.0,255.255.252.0,6939
57102,91.230.198.0,255.255.254.0,6939
8496,91.230.210.0,255.255.255.0,6939
57121,91.230.221.0,255.255.255.0,6939
57159,91.230.242.0,255.255.255.0,39392
57153,91.230.252.0,255.255.254.0,5405
60471,91.230.254.0,255.255.254.0,6939
57890,91.231.19.0,255.255.255.0,6939
207739,91.231.53.0,255.255.255.0,6939
198158,91.231.60.0,255.255.254.0,5405
57285,91.231.69.0,255.255.255.0,6939
199978,91.231.74.0,255.255.254.0,6939
197726,91.231.84.0,255.255.254.0,6939
15624,91.231.100.0,255.255.252.0,6939
198067,91.231.110.0,255.255.254.0,6939
198098,91.231.118.0,255.255.254.0,5405
198072,91.231.120.0,255.255.252.0,39392
198081,91.231.152.0,255.255.255.0,6939
21485,91.231.153.0,255.255.255.0,39392
197295,91.231.168.0,255.255.254.0,5405
214379,91.231.182.0,255.255.255.0,6939
44439,91.231.184.0,255.255.255.0,39392
198611,91.231.205.0,255.255.255.0,39392
57354,91.231.218.0,255.255.255.0,6939
51357,91.232.0.0,255.255.252.0,6939
211664,91.232.22.0,255.255.255.0,6939
198896,91.232.90.0,255.255.254.0,39392
50466,91.232.108.0,255.255.252.0,6939
59778,91.232.124.0,255.255.254.0,39392
49627,91.232.130.0,255.255.255.0,39392
198214,91.232.140.0,255.255.252.0,6939
201068,91.232.143.0,255.255.255.0,6939
198227,91.232.158.0,255.255.254.0,6939
198263,91.232.164.0,255.255.252.0,39392
198232,91.232.175.0,255.255.255.0,39392
60036,91.232.181.0,255.255.255.0,39392
61026,91.232.187.0,255.255.255.0,6939
198251,91.232.240.0,255.255.255.0,39392
34911,91.232.247.0,255.255.255.0,39392
42353,91.233.5.0,255.255.255.0,39392
198334,91.233.6.0,255.255.255.0,39392
57569,91.233.18.0,255.255.255.0,39392
57583,91.233.44.0,255.255.252.0,6939
57593,91.233.60.0,255.255.255.0,39392
57586,91.233.62.0,255.255.255.0,6939
50265,91.233.88.0,255.255.255.0,5405
203768,91.233.191.0,255.255.255.0,6939
212932,91.233.196.0,255.255.255.0,39392
198040,91.233.204.0,255.255.254.0,5405
197964,91.233.227.0,255.255.255.0,4455
57723,91.233.228.0,255.255.254.0,39392
198374,91.233.250.0,255.255.254.0,39392
34691,91.233.252.0,255.255.254.0,209531
215307,91.234.11.0,255.255.255.0,6939
198356,91.234.24.0,255.255.255.0,39392
196957,91.234.40.0,255.255.252.0,6939
198367,91.234.60.0,255.255.252.0,6939
42374,91.234.66.0,255.255.254.0,5405
198083,91.234.96.0,255.255.254.0,6939
198397,91.234.124.0,255.255.252.0,5405
198424,91.234.128.0,255.255.252.0,6939
210126,91.234.200.0,255.255.255.0,6939
211451,91.234.233.0,255.255.255.0,39392
57766,91.235.7.0,255.255.255.0,6939
215654,91.235.12.0,255.255.255.0,6939
201160,91.235.64.0,255.255.255.0,5405
57812,91.235.80.0,255.255.254.0,6939
198493,91.235.124.0,255.255.254.0,6939
50584,91.235.160.0,255.255.254.0,6939
198498,91.235.192.0,255.255.252.0,6939
3165,91.235.238.0,255.255.254.0,5405
20682,91.235.248.0,255.255.255.0,6939
198524,91.236.1.0,255.255.255.0,6939
198525,91.236.4.0,255.255.252.0,6939
198529,91.236.20.0,255.255.254.0,5405
58279,91.236.22.0,255.255.254.0,6939
198595,91.236.57.0,255.255.255.0,6939
8778,91.236.68.0,255.255.252.0,6939
198269,91.236.72.0,255.255.255.0,6939
60624,91.236.84.0,255.255.254.0,39392
42237,91.236.116.0,255.255.255.0,39392
198560,91.236.128.0,255.255.255.0,6939
198518,91.236.132.0,255.255.254.0,6939
198891,91.236.137.0,255.255.255.0,6939
20986,91.236.153.0,255.255.255.0,39392
15682,91.236.171.0,255.255.255.0,5405
49720,91.236.224.0,255.255.255.0,6939
57945,91.236.233.0,255.255.255.0,6939
57944,91.236.248.0,255.255.252.0,6939
57962,91.237.40.0,255.255.254.0,6939
42717,91.237.60.0,255.255.254.0,6939
39394,91.237.65.0,255.255.255.0,1764
1921,91.237.67.0,255.255.255.0,49544
29479,91.237.78.0,255.255.255.0,39392
60219,91.237.79.0,255.255.255.0,5405
57966,91.237.80.0,255.255.254.0,6939
198604,91.237.84.0,255.255.254.0,5405
15669,91.237.102.0,255.255.254.0,4455
198713,91.237.112.0,255.255.254.0,6939
201562,91.237.136.0,255.255.254.0,5405
34891,91.237.138.0,255.255.254.0,39392
198327,91.237.160.0,255.255.254.0,39392
211724,91.237.163.0,255.255.255.0,6939
35493,91.237.168.0,255.255.254.0,22356
50392,91.237.244.0,255.255.252.0,6939
60510,91.238.34.0,255.255.254.0,6939
56621,91.238.88.0,255.255.252.0,6939
214385,91.238.96.0,255.255.255.0,6939
58066,91.238.103.0,255.255.255.0,6939
34182,91.238.144.0,255.255.255.0,39392
199857,91.238.178.0,255.255.254.0,6939
47486,91.238.248.0,255.255.255.0,5405
58138,91.239.32.0,255.255.254.0,39392
206082,91.239.38.0,255.255.254.0,39392
25143,91.239.48.0,255.255.255.0,6939
205344,91.239.54.0,255.255.255.0,6939
216265,91.239.55.0,255.255.255.0,39392
58221,91.239.80.0,255.255.252.0,6939
59497,91.239.104.0,255.255.252.0,6939
29196,91.239.112.0,255.255.255.0,5405
60466,91.239.113.0,255.255.255.0,5405
198927,91.239.180.0,255.255.252.0,5405
60606,91.239.200.0,255.255.252.0,39392
201786,91.239.227.0,255.255.255.0,5405
58239,91.239.236.0,255.255.254.0,39392
198948,91.239.248.0,255.255.255.0,5405
198851,91.239.254.0,255.255.255.0,5405
58254,91.240.12.0,255.255.252.0,6939
201126,91.240.17.0,255.255.255.0,39392
58278,91.240.36.0,255.255.255.0,6939
50489,91.240.47.0,255.255.255.0,39392
51950,91.240.48.0,255.255.252.0,6939
199214,91.240.74.0,255.255.254.0,6939
198910,91.240.100.0,255.255.254.0,6939
59424,91.240.120.0,255.255.252.0,6939
200442,91.240.124.0,255.255.252.0,5405
198975,91.240.130.0,255.255.255.0,39392
59439,91.240.178.0,255.255.255.0,39392
198982,91.240.223.0,255.255.255.0,5405
21101,91.240.230.0,255.255.255.0,209531
43013,91.241.0.0,255.255.254.0,39392
59460,91.241.32.0,255.255.252.0,39392
199113,91.242.56.0,255.255.248.0,5405
35346,91.242.78.0,255.255.254.0,6939
199070,91.242.170.0,255.255.254.0,6939
216251,91.242.253.0,255.255.255.0,39392
215226,91.242.255.0,255.255.255.0,6939
198091,91.243.66.0,255.255.254.0,5405
61360,91.243.96.0,255.255.240.0,5405
61960,91.243.120.0,255.255.254.0,6939
59573,91.243.160.0,255.255.240.0,6939
50092,91.244.64.0,255.255.252.0,6939
44837,91.244.69.0,255.255.255.0,6939
49749,91.244.72.0,255.255.248.0,6939
59591,91.244.112.0,255.255.252.0,6939
59636,91.244.124.0,255.255.255.0,6939
59600,91.244.168.0,255.255.248.0,6939
199121,91.244.180.0,255.255.255.0,4455
203416,91.244.192.0,255.255.252.0,39392
203058,91.244.200.0,255.255.252.0,39392
197375,91.244.230.0,255.255.254.0,5405
199125,91.244.238.0,255.255.255.0,6939
28825,91.245.32.0,255.255.255.0,6939
197394,91.245.33.0,255.255.255.0,6939
59611,91.245.80.0,255.255.248.0,6939
47914,91.245.128.0,255.255.224.0,6939
28676,91.245.216.0,255.255.254.0,5405
49485,91.246.10.0,255.255.255.0,39392
44086,91.246.13.0,255.255.255.0,39392
56905,91.246.60.0,255.255.255.0,6939
210612,91.246.61.0,255.255.255.0,39392
59990,91.246.76.0,255.255.255.0,6939
198133,91.246.208.0,255.255.248.0,5405
210593,91.247.175.0,255.255.255.0,6939
35644,91.247.220.0,255.255.255.0,6939
29588,91.247.248.0,255.255.252.0,6939
197520,92.38.22.0,255.255.254.0,39392
198803,92.38.28.0,255.255.255.0,6939
209954,92.38.92.0,255.255.255.0,6939
21051,92.38.244.0,255.255.252.0,6939
44741,92.39.144.0,255.255.255.0,209531
206067,92.40.0.0,255.254.0.0,39392
42176,92.42.80.0,255.255.252.0,6939
51345,92.42.101.0,255.255.255.0,6939
44295,92.42.176.0,255.255.248.0,6939
33835,92.42.216.0,255.255.248.0,39392
47949,92.43.24.0,255.255.248.0,39392
49322,92.43.96.0,255.255.248.0,39392
60730,92.43.155.0,255.255.255.0,6939
62340,92.43.166.0,255.255.254.0,6939
25563,92.43.216.0,255.255.248.0,39392
16128,92.43.248.0,255.255.248.0,8218
62051,92.52.216.0,255.255.255.0,5405
51956,92.53.236.0,255.255.252.0,39392
203760,92.55.204.0,255.255.254.0,6939
44185,92.60.48.0,255.255.252.0,6939
8903,92.60.171.0,255.255.255.0,39392
44765,92.61.60.0,255.255.252.0,6939
44302,92.61.112.0,255.255.240.0,6939
44334,92.61.160.0,255.255.248.0,8218
44384,92.61.192.0,255.255.240.0,39392
29061,92.62.64.0,255.255.240.0,6939
39823,92.62.96.0,255.255.240.0,39392
47684,92.62.144.0,255.255.240.0,5405
49633,92.63.32.0,255.255.240.0,39392
216182,92.114.4.0,255.255.255.0,5405
56684,92.114.106.0,255.255.255.0,39392
205479,92.118.28.0,255.255.252.0,6939
50869,92.119.38.0,255.255.255.0,6939
42005,92.240.224.0,255.255.255.0,1764
60823,92.243.70.0,255.255.255.0,6939
203568,92.243.76.0,255.255.252.0,39392
60296,92.245.28.0,255.255.252.0,6939
43364,92.245.164.0,255.255.252.0,6939
21086,92.245.188.0,255.255.255.0,6939
202999,92.246.77.0,255.255.255.0,5405
47723,92.246.148.0,255.255.252.0,6939
202112,92.249.27.0,255.255.255.0,39392
209067,92.253.200.0,255.255.255.0,6939
47806,93.88.28.0,255.255.252.0,39392
44973,93.88.224.0,255.255.252.0,39392
198813,93.89.96.0,255.255.240.0,6939
201328,93.89.192.0,255.255.240.0,39392
45010,93.90.48.0,255.255.240.0,39392
45055,93.90.80.0,255.255.255.0,6939
62023,93.91.80.0,255.255.240.0,39392
43097,93.92.64.0,255.255.255.0,6939
44923,93.92.200.0,255.255.248.0,6939
48092,93.93.136.0,255.255.248.0,6939
997,93.93.244.0,255.255.255.0,6939
15960,93.94.80.0,255.255.248.0,39392
42998,93.94.152.0,255.255.248.0,6939
29434,93.94.192.0,255.255.255.0,6939
47123,93.94.248.0,255.255.255.0,6939
44902,93.95.56.0,255.255.248.0,8218
60690,93.95.72.0,255.255.248.0,39392
196737,93.95.80.0,255.255.248.0,6939
24594,93.95.120.0,255.255.248.0,39392
31499,93.95.168.0,255.255.248.0,6939
44913,93.95.192.0,255.255.248.0,6939
204773,93.95.210.0,255.255.255.0,6939
39175,93.95.211.0,255.255.255.0,39392
41090,93.95.232.0,255.255.248.0,8218
207163,93.96.192.0,255.255.224.0,39392
210019,93.105.75.0,255.255.255.0,39392
20879,93.113.90.0,255.255.254.0,39392
48067,93.113.192.0,255.255.248.0,6939
48948,93.114.160.0,255.255.255.0,39392
44854,93.114.180.0,255.255.255.0,6939
49298,93.119.172.0,255.255.252.0,6939
208389,93.123.0.0,255.255.254.0,6939
20665,93.123.7.0,255.255.255.0,4455
43068,93.123.48.0,255.255.240.0,6939
60330,93.125.20.0,255.255.252.0,6939
21062,93.125.39.0,255.255.255.0,6939
51276,93.125.70.0,255.255.255.0,6939
35530,93.126.64.0,255.255.252.0,6939
12773,93.157.13.0,255.255.255.0,6939
47370,93.157.40.0,255.255.248.0,5405
199023,93.157.69.0,255.255.255.0,39392
40961,93.157.72.0,255.255.248.0,6939
41714,93.157.80.0,255.255.248.0,6939
212855,93.157.140.0,255.255.255.0,5405
201819,93.157.152.0,255.255.248.0,39392
49403,93.157.168.0,255.255.248.0,6939
47866,93.158.0.0,255.255.192.0,8218
60503,93.158.236.0,255.255.252.0,22356
62201,93.159.183.0,255.255.255.0,6939
199774,93.159.184.0,255.255.255.0,6939
60754,93.170.1.0,255.255.255.0,6939
35325,93.170.40.0,255.255.252.0,6939
57197,93.170.44.0,255.255.254.0,5405
205264,93.170.74.0,255.255.255.0,6939
209863,93.170.78.0,255.255.255.0,6939
16066,93.170.81.0,255.255.255.0,39392
62247,93.170.82.0,255.255.255.0,39392
201069,93.170.96.0,255.255.255.0,6939
50043,93.170.136.0,255.255.254.0,6939
40983,93.170.216.0,255.255.255.0,6939
41119,93.170.219.0,255.255.255.0,6939
50182,93.170.246.0,255.255.254.0,6939
59718,93.171.139.0,255.255.255.0,6939
57371,93.171.144.0,255.255.248.0,6939
215032,93.171.180.0,255.255.255.0,5405
212118,93.171.212.0,255.255.255.0,6939
51495,93.171.220.0,255.255.252.0,6939
49150,93.174.161.0,255.255.255.0,39392
5467,93.175.0.0,255.255.240.0,6939
47702,93.175.192.0,255.255.240.0,6939
203848,93.175.248.0,255.255.255.0,39392
213113,93.177.80.0,255.255.255.0,39392
213111,93.177.82.0,255.255.255.0,39392
209059,93.177.126.0,255.255.255.0,6939
213175,93.179.67.0,255.255.255.0,6939
197965,93.180.72.0,255.255.248.0,5405
41802,93.182.0.0,255.255.192.0,6939
47155,93.182.128.0,255.255.192.0,39392
34527,93.184.164.0,255.255.254.0,6939
56456,93.185.0.0,255.255.240.0,39392
198468,93.185.163.0,255.255.255.0,39392
60771,93.187.97.0,255.255.255.0,6939
48223,93.187.184.0,255.255.248.0,6939
47617,93.187.208.0,255.255.248.0,6939
39570,93.188.0.0,255.255.255.0,6939
199421,93.188.60.0,255.255.252.0,39392
47178,93.188.112.0,255.255.248.0,209531
47181,93.188.188.0,255.255.252.0,6939
39458,93.189.0.0,255.255.248.0,39392
15378,93.189.48.0,255.255.248.0,6939
12347,93.189.64.0,255.255.248.0,6939
41430,93.189.87.0,255.255.255.0,6939
47138,93.189.168.0,255.255.255.0,6939
29430,93.189.232.0,255.255.248.0,6939
6881,93.190.128.0,255.255.248.0,6939
47227,93.190.168.0,255.255.248.0,39392
47236,93.190.200.0,255.255.248.0,6939
47372,93.191.160.0,255.255.248.0,39392
47147,94.16.25.0,255.255.255.0,39392
44068,94.26.128.0,255.255.192.0,6939
201036,94.42.102.0,255.255.255.0,39392
41305,94.45.96.0,255.255.240.0,6939
199631,94.46.238.0,255.255.255.0,39392
59989,94.72.152.0,255.255.252.0,39392
47588,94.100.48.0,255.255.255.0,5405
47942,94.102.192.0,255.255.240.0,39392
47881,94.102.224.0,255.255.240.0,6939
47917,94.103.64.0,255.255.240.0,5405
49457,94.103.96.0,255.255.240.0,39392
209674,94.103.116.0,255.255.254.0,6939
45815,94.103.163.0,255.255.255.0,22356
47875,94.124.32.0,255.255.252.0,6939
48451,94.124.40.0,255.255.248.0,39392
201372,94.124.56.0,255.255.248.0,39392
206052,94.124.76.0,255.255.255.0,5405
47724,94.124.200.0,255.255.254.0,6939
48417,94.125.22.0,255.255.255.0,6939
47833,94.125.104.0,255.255.248.0,39392
12593,94.125.120.0,255.255.248.0,6939
47944,94.125.200.0,255.255.248.0,6939
59721,94.126.112.0,255.255.255.0,6939
47989,94.126.152.0,255.255.248.0,6939
48070,94.126.232.0,255.255.255.0,39392
202895,94.127.128.0,255.255.248.0,39392
8772,94.131.21.0,255.255.255.0,39392
61371,94.131.196.0,255.255.254.0,6939
6798,94.136.96.0,255.255.240.0,39392
205741,94.136.176.0,255.255.252.0,39392
47645,94.137.64.0,255.255.248.0,6939
64433,94.137.74.0,255.255.254.0,6939
210281,94.137.89.0,255.255.255.0,6939
8804,94.137.152.0,255.255.248.0,39392
49530,94.138.148.0,255.255.255.0,6939
12046,94.138.224.0,255.255.224.0,6939
43028,94.140.104.0,255.255.254.0,6939
56669,94.140.216.0,255.255.255.0,6939
39853,94.140.218.0,255.255.255.0,6939
197382,94.141.121.0,255.255.255.0,6939
51696,94.142.134.0,255.255.254.0,39392
48685,94.142.152.0,255.255.248.0,39392
213063,94.142.176.0,255.255.255.0,209531
13247,94.142.216.0,255.255.248.0,5405
209659,94.142.251.0,255.255.255.0,39392
196816,94.143.24.0,255.255.248.0,39392
47258,94.143.48.0,255.255.248.0,6939
35046,94.143.232.0,255.255.248.0,39392
16164,94.143.248.0,255.255.248.0,6939
13282,94.154.0.0,255.255.255.0,39392
207261,94.154.13.0,255.255.255.0,39392
208014,94.154.15.0,255.255.255.0,8218
204455,94.154.47.0,255.255.255.0,6939
197837,94.154.56.0,255.255.248.0,5405
47909,94.154.80.0,255.255.248.0,6939
197892,94.154.96.0,255.255.248.0,6939
215804,94.156.67.0,255.255.255.0,39392
59723,94.156.78.0,255.255.255.0,6939
202619,94.158.32.0,255.255.248.0,6939
48036,94.158.96.0,255.255.240.0,6939
211914,94.158.208.0,255.255.248.0,6939
58175,94.176.7.0,255.255.255.0,39392
211448,94.176.160.0,255.255.255.0,6939
201601,94.177.25.0,255.255.255.0,39392
206162,94.177.132.0,255.255.255.0,6939
48434,94.184.92.0,255.255.254.0,6939
12796,94.190.128.0,255.255.252.0,6939
1140,94.198.152.0,255.255.248.0,6939
202265,94.199.1.0,255.255.255.0,5405
48298,94.199.40.0,255.255.248.0,39392
30836,94.199.48.0,255.255.248.0,5405
39319,94.199.224.0,255.255.248.0,5405
57187,94.207.32.0,255.255.248.0,6939
47998,94.228.64.0,255.255.240.0,39392
48467,94.228.160.0,255.255.255.0,39392
214697,94.228.166.0,255.255.255.0,6939
41938,94.229.20.0,255.255.255.0,6939
201966,94.229.83.0,255.255.255.0,39392
48462,94.229.240.0,255.255.240.0,6939
48464,94.230.16.0,255.255.240.0,39392
48484,94.230.48.0,255.255.240.0,39392
48670,94.230.160.0,255.255.240.0,6939
49732,94.230.240.0,255.255.240.0,6939
41841,94.231.0.0,255.255.240.0,6939
48971,94.231.80.0,255.255.240.0,6939
48089,94.232.56.0,255.255.248.0,5405
48128,94.232.64.0,255.255.248.0,6939
39893,94.232.144.0,255.255.248.0,5405
39067,94.232.224.0,255.255.248.0,6939
47223,94.240.0.0,255.255.255.0,39392
49715,94.240.8.0,255.255.252.0,5405
203985,94.240.12.0,255.255.255.0,6939
198389,94.240.13.0,255.255.255.0,6939
202563,94.240.15.0,255.255.255.0,6939
199238,94.240.22.0,255.255.255.0,5405
200253,94.240.26.0,255.255.255.0,6939
205447,94.240.27.0,255.255.255.0,5405
200302,94.242.0.0,255.255.224.0,6939
49350,94.243.20.0,255.255.255.0,6939
48249,94.243.128.0,255.255.192.0,6939
48278,94.244.0.0,255.255.252.0,6939
33923,94.246.128.0,255.255.192.0,6939
48394,94.247.8.0,255.255.248.0,6939
48441,94.247.56.0,255.255.248.0,6939
49673,94.247.104.0,255.255.248.0,6939
209133,94.247.108.0,255.255.255.0,6939
48483,94.247.112.0,255.255.255.0,8218
44219,94.247.184.0,255.255.254.0,39392
214556,94.249.215.0,255.255.255.0,6939
214929,94.249.228.0,255.255.255.0,5405
216309,94.249.231.0,255.255.255.0,22356
210442,95.46.72.0,255.255.255.0,6939
208941,95.46.73.0,255.255.255.0,6939
56639,95.46.143.0,255.255.255.0,6939
201147,95.46.176.0,255.255.248.0,6939
204020,95.46.209.0,255.255.255.0,39392
41967,95.47.148.0,255.255.252.0,39392
204671,95.47.173.0,255.255.255.0,6939
47845,95.47.246.0,255.255.255.0,6939
35645,95.66.128.0,255.255.224.0,6939
34867,95.67.0.0,255.255.128.0,6939
20661,95.85.96.0,255.255.224.0,6939
214891,95.85.240.0,255.255.255.0,6939
34876,95.86.128.0,255.255.255.0,5405
38924,95.87.0.0,255.255.192.0,5405
47237,95.87.64.0,255.255.248.0,6939
15966,95.128.0.0,255.255.248.0,39392
31178,95.128.72.0,255.255.248.0,39392
48825,95.128.128.0,255.255.248.0,5405
9104,95.128.153.0,255.255.255.0,6939
207227,95.128.154.0,255.255.255.0,209531
48823,95.129.48.0,255.255.248.0,5405
35339,95.129.200.0,255.255.248.0,8218
201514,95.130.4.0,255.255.252.0,5405
39839,95.130.208.0,255.255.248.0,39392
48972,95.130.232.0,255.255.248.0,39392
49044,95.131.128.0,255.255.248.0,1764
6894,95.131.152.0,255.255.248.0,6939
215706,95.131.203.0,255.255.255.0,39392
199536,95.131.206.0,255.255.255.0,39392
48739,95.140.16.0,255.255.240.0,6939
208117,95.140.82.0,255.255.255.0,6939
57207,95.140.122.0,255.255.255.0,39392
2593,95.140.128.0,255.255.248.0,6939
202089,95.141.112.0,255.255.240.0,8218
44158,95.141.192.0,255.255.240.0,6939
204866,95.142.104.0,255.255.255.0,5405
34766,95.142.110.0,255.255.255.0,5405
28709,95.142.201.0,255.255.255.0,6939
60476,95.142.206.0,255.255.255.0,39392
49888,95.143.240.0,255.255.240.0,5405
211096,95.156.203.0,255.255.255.0,6939
197697,95.156.240.0,255.255.248.0,5405
51018,95.159.64.0,255.255.192.0,6939
212566,95.161.83.0,255.255.255.0,6939
211613,95.161.92.0,255.255.254.0,6939
35005,95.161.140.0,255.255.254.0,6939
50952,95.161.252.0,255.255.255.0,6939
39598,95.161.253.0,255.255.255.0,6939
206539,95.169.64.0,255.255.248.0,6939
48822,95.171.0.0,255.255.224.0,6939
60879,95.172.128.0,255.255.248.0,6939
61111,95.172.136.0,255.255.255.0,5405
50166,95.172.138.0,255.255.255.0,6939
8291,95.173.128.0,255.255.248.0,6939
43797,95.173.144.0,255.255.252.0,6939
49025,95.173.200.0,255.255.254.0,39392
59443,95.182.0.0,255.255.248.0,6939
209307,95.183.42.0,255.255.255.0,6939
209788,95.183.44.0,255.255.254.0,6939
56834,95.214.12.0,255.255.252.0,6939
62009,95.214.88.0,255.255.252.0,39392
203395,95.214.119.0,255.255.255.0,6939
49761,95.215.76.0,255.255.252.0,5405
39805,95.215.152.0,255.255.252.0,6939
57174,95.215.176.0,255.255.248.0,6939
51758,95.215.184.0,255.255.248.0,39392
59482,95.215.228.0,255.255.255.0,6939
199846,95.215.232.0,255.255.255.0,6939
200005,96.7.200.0,255.255.255.0,5405
19008,96.31.192.0,255.255.240.0,6939
21659,96.126.70.0,255.255.255.0,6939
395176,97.65.222.0,255.255.255.0,6939
19366,97.107.0.0,255.255.240.0,39392
36001,97.107.32.0,255.255.240.0,6939
6391,97.107.176.0,255.255.240.0,6939
54735,97.107.237.0,255.255.255.0,39392
31844,97.107.240.0,255.255.255.0,39392
137280,98.98.216.0,255.255.255.0,5405
153259,98.98.224.0,255.255.255.0,5405
16428,98.100.114.0,255.255.255.0,39392
32881,98.124.60.0,255.255.252.0,6939
25816,98.142.112.0,255.255.255.0,6939
12189,98.143.32.0,255.255.255.0,6939
400514,98.158.224.0,255.255.254.0,6939
12050,99.193.28.0,255.255.254.0,39392
15128,99.217.128.0,255.255.192.0,6939
55670,101.0.4.0,255.255.255.0,6939
151326,101.1.7.0,255.255.255.0,5405
38592,101.2.160.0,255.255.248.0,6939
55707,101.2.168.0,255.255.255.0,6939
24155,101.36.84.0,255.255.255.0,39392
4787,101.50.16.0,255.255.248.0,6939
18283,101.50.32.0,255.255.240.0,6939
7511,101.50.60.0,255.255.252.0,6939
24173,101.53.0.0,255.255.255.0,5405
4711,101.53.96.0,255.255.252.0,6939
210278,101.56.0.0,255.254.0.0,39392
63804,101.78.4.0,255.255.254.0,6939
45680,101.78.6.0,255.255.255.0,6939
38738,101.96.12.0,255.255.252.0,5405
139006,101.97.36.0,255.255.255.0,6939
3605,101.99.128.0,255.255.128.0,39392
17492,101.100.0.0,255.255.128.0,6939
138384,101.102.0.0,255.255.192.0,39392
131960,101.102.96.0,255.255.252.0,39392
133612,101.112.0.0,255.248.0.0,6939
55992,101.197.0.0,255.255.0.0,6939
54890,101.203.84.0,255.255.254.0,39392
136041,101.234.4.0,255.255.254.0,6939
7473,101.234.31.0,255.255.255.0,5405
10207,101.234.128.0,255.255.254.0,6939
45577,101.234.132.0,255.255.254.0,6939
327907,102.22.64.0,255.255.255.0,6939
328170,102.22.80.0,255.255.252.0,6939
328598,102.22.88.0,255.255.248.0,6939
328575,102.22.124.0,255.255.255.0,6939
328317,102.22.192.0,255.255.255.0,6939
328271,102.22.208.0,255.255.248.0,6939
328589,102.22.236.0,255.255.252.0,39392
328576,102.22.240.0,255.255.248.0,6939
328631,102.22.248.0,255.255.248.0,6939
328568,102.23.88.0,255.255.252.0,5405
327733,102.23.92.0,255.255.252.0,6939
328562,102.23.144.0,255.255.240.0,39392
329122,102.23.160.0,255.255.252.0,6939
328242,102.23.168.0,255.255.248.0,6939
328473,102.23.183.0,255.255.255.0,6939
327751,102.23.184.0,255.255.248.0,39392
328548,102.23.192.0,255.255.240.0,5405
328748,102.23.207.0,255.255.255.0,5405
328547,102.23.208.0,255.255.248.0,6939
327782,102.32.0.0,255.254.0.0,6939
327687,102.34.0.0,255.255.0.0,6939
328556,102.36.132.0,255.255.252.0,6939
37682,102.36.148.0,255.255.255.0,39392
328538,102.36.152.0,255.255.252.0,6939
328544,102.36.156.0,255.255.252.0,22356
328528,102.36.160.0,255.255.255.0,6939
327932,102.36.224.0,255.255.252.0,6939
328567,102.36.240.0,255.255.252.0,6939
328164,102.36.248.0,255.255.252.0,6939
328519,102.36.252.0,255.255.252.0,39392
328510,102.38.64.0,255.255.224.0,22356
328512,102.64.16.0,255.255.240.0,6939
327991,102.64.32.0,255.255.240.0,6939
328536,102.64.56.0,255.255.255.0,6939
328514,102.64.64.0,255.255.248.0,6939
328498,102.64.92.0,255.255.254.0,5405
328501,102.64.112.0,255.255.254.0,6939
328505,102.64.114.0,255.255.254.0,6939
328474,102.67.56.0,255.255.255.0,6939
328468,102.67.64.0,255.255.224.0,5405
37721,102.67.96.0,255.255.248.0,6939
328467,102.67.128.0,255.255.248.0,22356
328482,102.67.152.0,255.255.252.0,6939
328483,102.67.184.0,255.255.252.0,6939
328461,102.68.0.0,255.255.252.0,6939
328469,102.68.16.0,255.255.255.0,6939
328441,102.68.24.0,255.255.248.0,6939
328434,102.68.40.0,255.255.248.0,6939
328490,102.68.76.0,255.255.252.0,6939
327813,102.68.80.0,255.255.255.0,6939
37662,102.68.112.0,255.255.248.0,6939
328480,102.68.120.0,255.255.252.0,39392
328578,102.68.141.0,255.255.255.0,6939
328523,102.68.156.0,255.255.254.0,6939
328423,102.68.180.0,255.255.252.0,6939
328431,102.69.128.0,255.255.240.0,6939
60171,102.69.152.0,255.255.252.0,6939
328418,102.69.156.0,255.255.255.0,6939
328436,102.69.164.0,255.255.252.0,6939
327791,102.69.184.0,255.255.252.0,6939
37549,102.69.192.0,255.255.240.0,39392
328517,102.69.208.0,255.255.252.0,6939
328507,102.69.216.0,255.255.252.0,5405
328475,102.69.224.0,255.255.248.0,39392
328479,102.69.232.0,255.255.252.0,39392
328457,102.69.240.0,255.255.255.0,6939
328456,102.69.244.0,255.255.254.0,6939
328320,102.128.80.0,255.255.240.0,39392
37563,102.128.128.0,255.255.255.0,6939
328210,102.128.144.0,255.255.240.0,39392
328222,102.128.160.0,255.255.252.0,6939
328176,102.128.172.0,255.255.255.0,6939
328397,102.129.40.0,255.255.248.0,5405
37451,102.129.64.0,255.255.255.0,6939
37150,102.129.96.0,255.255.224.0,5405
329184,102.129.165.0,255.255.255.0,5405
328417,102.130.12.0,255.255.252.0,39392
328388,102.130.16.0,255.255.240.0,39392
328386,102.130.72.0,255.255.248.0,39392
328375,102.130.80.0,255.255.255.0,6939
327808,102.130.96.0,255.255.255.0,6939
328401,102.130.103.0,255.255.255.0,6939
328068,102.130.104.0,255.255.254.0,5405
328364,102.130.112.0,255.255.255.0,5405
37634,102.130.128.0,255.255.252.0,39392
37645,102.130.192.0,255.255.248.0,6939
328391,102.130.236.0,255.255.252.0,6939
328426,102.130.240.0,255.255.248.0,6939
37474,102.130.254.0,255.255.254.0,5405
328361,102.131.20.0,255.255.252.0,39392
328356,102.131.28.0,255.255.255.0,6939
328373,102.131.60.0,255.255.255.0,39392
328350,102.132.0.0,255.255.240.0,6939
327996,102.132.32.0,255.255.224.0,6939
328347,102.132.80.0,255.255.252.0,39392
63293,102.132.112.0,255.255.255.0,39120
37680,102.132.128.0,255.255.128.0,6939
328346,102.134.24.0,255.255.252.0,39392
328337,102.134.64.0,255.255.248.0,6939
328384,102.134.80.0,255.255.252.0,6939
328334,102.134.88.0,255.255.252.0,39392
329153,102.134.92.0,255.255.252.0,6939
328437,102.134.116.0,255.255.252.0,39392
328333,102.134.120.0,255.255.248.0,22356
328336,102.134.132.0,255.255.252.0,39392
328331,102.135.168.0,255.255.255.0,6939
328335,102.135.190.0,255.255.255.0,39392
328266,102.135.240.0,255.255.248.0,6939
328327,102.140.64.0,255.255.252.0,6939
328351,102.140.112.0,255.255.248.0,6939
25250,102.140.128.0,255.255.224.0,6939
37720,102.140.160.0,255.255.240.0,6939
328638,102.141.64.0,255.255.224.0,22356
328216,102.141.96.0,255.255.240.0,6939
328323,102.141.120.0,255.255.248.0,6939
328816,102.141.208.0,255.255.252.0,6939
328313,102.141.235.0,255.255.255.0,6939
327962,102.141.240.0,255.255.240.0,6939
33788,102.143.128.0,255.255.128.0,6939
328341,102.164.0.0,255.255.224.0,6939
140595,102.164.56.0,255.255.252.0,6939
328296,102.164.60.0,255.255.255.0,6939
328285,102.164.64.0,255.255.240.0,39392
328315,102.164.80.0,255.255.240.0,39392
328287,102.164.104.0,255.255.248.0,39392
37649,102.164.128.0,255.255.192.0,6939
37529,102.164.248.0,255.255.252.0,6939
270353,102.165.46.0,255.255.255.0,22356
328278,102.165.64.0,255.255.224.0,6939
328275,102.165.120.0,255.255.252.0,6939
37521,102.165.124.0,255.255.255.0,6939
327897,102.165.160.0,255.255.248.0,39392
328270,102.165.168.0,255.255.248.0,39392
328316,102.176.176.0,255.255.252.0,6939
327984,102.176.192.0,255.255.224.0,6939
328260,102.176.251.0,255.255.255.0,22356
37356,102.177.0.0,255.255.192.0,6939
328262,102.177.64.0,255.255.248.0,39392
328269,102.177.72.0,255.255.252.0,6939
140867,102.177.178.0,255.255.255.0,6939
37577,102.178.0.0,255.255.252.0,6939
329006,102.204.48.0,255.255.252.0,6939
327966,102.204.56.0,255.255.252.0,22356
329643,102.204.60.0,255.255.252.0,6939
328178,102.204.92.0,255.255.252.0,22356
329622,102.204.148.0,255.255.252.0,6939
329618,102.204.196.0,255.255.252.0,6939
329608,102.204.244.0,255.255.252.0,22356
329597,102.205.28.0,255.255.252.0,39392
214354,102.205.44.0,255.255.255.0,6939
329583,102.205.80.0,255.255.252.0,6939
329582,102.205.84.0,255.255.252.0,6939
329562,102.205.148.0,255.255.252.0,6939
329558,102.205.164.0,255.255.255.0,6939
329552,102.205.188.0,255.255.254.0,5405
329546,102.205.206.0,255.255.255.0,39392
329541,102.205.212.0,255.255.254.0,6939
329539,102.205.216.0,255.255.252.0,5405
329535,102.205.236.0,255.255.252.0,6939
213481,102.205.240.0,255.255.254.0,5405
329527,102.206.12.0,255.255.252.0,6939
328974,102.206.84.0,255.255.252.0,6939
329126,102.206.92.0,255.255.252.0,6939
328888,102.206.100.0,255.255.254.0,6939
328987,102.206.112.0,255.255.252.0,6939
328939,102.206.128.0,255.255.252.0,6939
329478,102.206.160.0,255.255.252.0,6939
328977,102.206.164.0,255.255.252.0,6939
207113,102.206.164.0,255.255.255.0,6939
328780,102.206.200.0,255.255.255.0,6939
329174,102.206.204.0,255.255.252.0,5405
329039,102.206.212.0,255.255.252.0,6939
329289,102.206.236.0,255.255.252.0,6939
327992,102.207.4.0,255.255.252.0,6939
329518,102.207.44.0,255.255.252.0,6939
329206,102.207.60.0,255.255.252.0,39392
329303,102.207.92.0,255.255.255.0,22356
329510,102.207.120.0,255.255.254.0,6939
328061,102.207.176.0,255.255.252.0,6939
329497,102.207.191.0,255.255.255.0,6939
328722,102.207.244.0,255.255.255.0,6939
329481,102.208.8.0,255.255.255.0,6939
328464,102.208.12.0,255.255.255.0,6939
328223,102.208.16.0,255.255.252.0,6939
328659,102.208.20.0,255.255.255.0,6939
329474,102.208.36.0,255.255.252.0,6939
329467,102.208.64.0,255.255.252.0,6939
329465,102.208.83.0,255.255.255.0,5405
329009,102.208.88.0,255.255.255.0,6939
328988,102.208.96.0,255.255.252.0,6939
329471,102.208.176.0,255.255.252.0,6939
329451,102.208.180.0,255.255.252.0,5405
329446,102.208.196.0,255.255.252.0,39392
327812,102.208.200.0,255.255.252.0,39392
328964,102.208.204.0,255.255.254.0,6939
329443,102.208.212.0,255.255.255.0,6939
328882,102.208.228.0,255.255.255.0,6939
329438,102.208.252.0,255.255.252.0,6939
329433,102.209.12.0,255.255.252.0,5405
328668,102.209.44.0,255.255.255.0,6939
328745,102.209.48.0,255.255.255.0,6939
328856,102.209.56.0,255.255.252.0,6939
329424,102.209.68.0,255.255.255.0,39392
329415,102.209.108.0,255.255.252.0,6939
329414,102.209.124.0,255.255.252.0,5405
329411,102.209.136.0,255.255.252.0,6939
329371,102.209.144.0,255.255.252.0,6939
329402,102.209.191.0,255.255.255.0,39392
329401,102.209.192.0,255.255.252.0,6939
327724,102.209.200.0,255.255.252.0,6939
37222,102.209.224.0,255.255.254.0,6939
328732,102.209.232.0,255.255.252.0,39392
329386,102.209.242.0,255.255.255.0,5405
329392,102.210.0.0,255.255.252.0,6939
329391,102.210.8.0,255.255.255.0,6939
329390,102.210.24.0,255.255.252.0,6939
329014,102.210.28.0,255.255.255.0,6939
329504,102.210.29.0,255.255.255.0,6939
329388,102.210.36.0,255.255.252.0,6939
329387,102.210.40.0,255.255.252.0,6939
329360,102.210.48.0,255.255.252.0,22356
327814,102.210.60.0,255.255.252.0,6939
37697,102.210.72.0,255.255.252.0,6939
328196,102.210.76.0,255.255.252.0,6939
329379,102.210.100.0,255.255.254.0,6939
329373,102.210.124.0,255.255.252.0,6939
37497,102.210.145.0,255.255.255.0,6939
328652,102.210.173.0,255.255.255.0,39392
329350,102.210.210.0,255.255.254.0,6939
37738,102.210.212.0,255.255.255.0,39392
328858,102.210.220.0,255.255.252.0,6939
329346,102.210.243.0,255.255.255.0,39392
329340,102.210.248.0,255.255.252.0,6939
328735,102.211.44.0,255.255.252.0,39392
329317,102.211.92.0,255.255.252.0,22356
329305,102.211.116.0,255.255.255.0,6939
328917,102.211.124.0,255.255.252.0,6939
329148,102.211.164.0,255.255.255.0,6939
327727,102.211.168.0,255.255.255.0,6939
329166,102.211.204.0,255.255.252.0,39392
329288,102.211.212.0,255.255.252.0,6939
37129,102.211.216.0,255.255.252.0,6939
329286,102.211.224.0,255.255.252.0,6939
329291,102.211.230.0,255.255.254.0,6939
329266,102.212.0.0,255.255.252.0,6939
212001,102.212.6.0,255.255.255.0,24482
329248,102.212.32.0,255.255.252.0,6939
328672,102.212.36.0,255.255.255.0,6939
329243,102.212.44.0,255.255.252.0,6939
329240,102.212.52.0,255.255.252.0,39392
329276,102.212.60.0,255.255.254.0,6939
329237,102.212.64.0,255.255.254.0,39392
329279,102.212.120.0,255.255.252.0,5405
329233,102.212.140.0,255.255.255.0,39392
329222,102.212.144.0,255.255.255.0,39392
329290,102.212.162.0,255.255.255.0,6939
328963,102.212.164.0,255.255.252.0,6939
329239,102.212.230.0,255.255.255.0,6939
329215,102.212.232.0,255.255.255.0,6939
329230,102.212.252.0,255.255.254.0,6939
328658,102.212.255.0,255.255.255.0,6939
327872,102.213.0.0,255.255.252.0,6939
329242,102.213.16.0,255.255.254.0,6939
329202,102.213.24.0,255.255.252.0,6939
328154,102.213.32.0,255.255.252.0,6939
329258,102.213.76.0,255.255.255.0,6939
329212,102.213.80.0,255.255.252.0,39392
329182,102.213.88.0,255.255.255.0,6939
329183,102.213.92.0,255.255.252.0,6939
37114,102.213.168.0,255.255.255.0,5405
329253,102.213.192.0,255.255.252.0,6939
328916,102.213.200.0,255.255.252.0,39392
329177,102.213.208.0,255.255.252.0,5405
329198,102.213.216.0,255.255.252.0,6939
329224,102.213.244.0,255.255.255.0,6939
327871,102.214.40.0,255.255.252.0,6939
329135,102.214.84.0,255.255.252.0,39392
329151,102.214.89.0,255.255.255.0,6939
37722,102.214.100.0,255.255.255.0,6939
329125,102.214.152.0,255.255.255.0,39392
327767,102.214.182.0,255.255.254.0,6939
329159,102.214.200.0,255.255.252.0,6939
329144,102.214.204.0,255.255.252.0,6939
329121,102.214.232.0,255.255.252.0,39392
329110,102.214.252.0,255.255.252.0,39392
328803,102.215.20.0,255.255.255.0,39392
329029,102.215.32.0,255.255.252.0,5405
329111,102.215.40.0,255.255.252.0,39392
329098,102.215.64.0,255.255.252.0,39392
328661,102.215.72.0,255.255.252.0,6939
329101,102.215.76.0,255.255.252.0,5405
329095,102.215.99.0,255.255.255.0,6939
329063,102.215.132.0,255.255.252.0,39392
329084,102.215.152.0,255.255.255.0,6939
209179,102.215.224.0,255.255.255.0,6939
329049,102.215.240.0,255.255.252.0,6939
329058,102.215.244.0,255.255.252.0,6939
329062,102.216.0.0,255.255.252.0,6939
329057,102.216.8.0,255.255.254.0,6939
329046,102.216.22.0,255.255.255.0,39392
329053,102.216.28.0,255.255.252.0,39392
329064,102.216.40.0,255.255.252.0,6939
329033,102.216.64.0,255.255.252.0,6939
329028,102.216.72.0,255.255.252.0,5405
329038,102.216.112.0,255.255.252.0,6939
329021,102.216.116.0,255.255.254.0,6939
327983,102.216.124.0,255.255.252.0,6939
328111,102.216.168.0,255.255.252.0,6939
329032,102.216.176.0,255.255.252.0,39392
329024,102.216.180.0,255.255.252.0,6939
329036,102.216.188.0,255.255.252.0,6939
329099,102.216.236.0,255.255.254.0,39392
329109,102.216.238.0,255.255.254.0,6939
328999,102.217.8.0,255.255.255.0,6939
328991,102.217.44.0,255.255.255.0,39392
328994,102.217.100.0,255.255.252.0,39392
328993,102.217.120.0,255.255.254.0,6939
328989,102.217.124.0,255.255.252.0,6939
12556,102.217.132.0,255.255.252.0,6939
327906,102.217.144.0,255.255.252.0,6939
328884,102.217.152.0,255.255.255.0,6939
328986,102.217.172.0,255.255.255.0,39392
328633,102.217.184.0,255.255.252.0,22356
328970,102.217.188.0,255.255.252.0,6939
37659,102.217.213.0,255.255.255.0,6939
24757,102.218.0.0,255.255.252.0,6939
328952,102.218.8.0,255.255.254.0,6939
328948,102.218.16.0,255.255.254.0,6939
328942,102.218.40.0,255.255.254.0,39392
328946,102.218.44.0,255.255.252.0,39392
328016,102.218.64.0,255.255.252.0,6939
328950,102.218.72.0,255.255.255.0,6939
328975,102.218.124.0,255.255.252.0,5405
328826,102.218.192.0,255.255.252.0,6939
328918,102.218.200.0,255.255.252.0,6939
328915,102.218.204.0,255.255.255.0,5405
328719,102.219.16.0,255.255.252.0,5405
328935,102.219.56.0,255.255.252.0,39392
328870,102.219.108.0,255.255.252.0,39392
328894,102.219.138.0,255.255.255.0,6939
327960,102.219.144.0,255.255.252.0,6939
328931,102.219.148.0,255.255.255.0,22356
328848,102.219.228.0,255.255.252.0,6939
328855,102.219.232.0,255.255.255.0,6939
328868,102.219.240.0,255.255.255.0,6939
328691,102.219.252.0,255.255.252.0,6939
328846,102.220.20.0,255.255.255.0,6939
328837,102.220.53.0,255.255.255.0,5405
328839,102.220.68.0,255.255.252.0,6939
328825,102.220.96.0,255.255.255.0,6939
37599,102.220.102.0,255.255.254.0,6939
328820,102.220.104.0,255.255.255.0,6939
328911,102.220.120.0,255.255.254.0,39392
328929,102.220.122.0,255.255.254.0,5405
328912,102.220.127.0,255.255.255.0,6939
328818,102.220.132.0,255.255.252.0,39392
327921,102.220.141.0,255.255.255.0,5405
328822,102.220.144.0,255.255.252.0,6939
328835,102.220.168.0,255.255.252.0,5405
328829,102.220.176.0,255.255.252.0,39392
328160,102.220.188.0,255.255.255.0,6939
328842,102.220.223.0,255.255.255.0,39392
328806,102.220.248.0,255.255.255.0,5405
328795,102.220.252.0,255.255.252.0,39392
328763,102.221.0.0,255.255.255.0,6939
328810,102.221.12.0,255.255.252.0,6939
328841,102.221.48.0,255.255.254.0,6939
328790,102.221.60.0,255.255.252.0,6939
328779,102.221.88.0,255.255.255.0,6939
328777,102.221.92.0,255.255.252.0,39392
328761,102.221.112.0,255.255.254.0,6939
328714,102.221.118.0,255.255.254.0,6939
328744,102.221.168.0,255.255.252.0,39392
328772,102.221.180.0,255.255.254.0,5405
328742,102.221.184.0,255.255.252.0,6939
328730,102.221.196.0,255.255.252.0,22356
328750,102.221.204.0,255.255.252.0,39392
328760,102.221.248.0,255.255.252.0,6939
328767,102.222.12.0,255.255.252.0,39392
328718,102.222.16.0,255.255.252.0,6939
328728,102.222.25.0,255.255.255.0,6939
327817,102.222.28.0,255.255.252.0,39392
328749,102.222.62.0,255.255.254.0,5405
37724,102.222.66.0,255.255.254.0,6939
328706,102.222.73.0,255.255.255.0,5405
328365,102.222.100.0,255.255.254.0,6939
328699,102.222.104.0,255.255.254.0,6939
328720,102.222.108.0,255.255.252.0,6939
37542,102.222.128.0,255.255.252.0,6939
328693,102.222.164.0,255.255.255.0,6939
328698,102.222.184.0,255.255.252.0,39392
328677,102.222.188.0,255.255.252.0,6939
328674,102.222.208.0,255.255.255.0,6939
37316,102.223.4.0,255.255.255.0,6939
328656,102.223.40.0,255.255.252.0,39392
328657,102.223.62.0,255.255.255.0,39392
328643,102.223.114.0,255.255.254.0,39392
328624,102.223.140.0,255.255.252.0,39392
329042,102.223.182.0,255.255.254.0,5405
327822,102.223.200.0,255.255.252.0,39392
328616,102.223.216.0,255.255.252.0,39392
328622,102.223.232.0,255.255.252.0,22356
327896,102.223.236.0,255.255.252.0,6939
328644,102.223.251.0,255.255.255.0,6939
5438,102.240.128.0,255.255.255.0,39392
131074,103.0.0.0,255.255.0.0,6939
56172,103.1.5.0,255.255.255.0,6939
55567,103.1.7.0,255.255.255.0,6939
131267,103.1.28.0,255.255.252.0,5405
142352,103.1.50.0,255.255.255.0,6939
150318,103.1.159.0,255.255.255.0,22356
4621,103.1.160.0,255.255.252.0,6939
5087,103.1.176.0,255.255.255.0,6939
58507,103.1.188.0,255.255.252.0,5405
23627,103.1.252.0,255.255.252.0,39392
24257,103.2.8.0,255.255.254.0,6939
24259,103.2.32.0,255.255.252.0,39392
7505,103.2.60.0,255.255.252.0,6939
150172,103.2.80.0,255.255.255.0,6939
45891,103.2.88.0,255.255.252.0,24482
17958,103.2.96.0,255.255.252.0,39392
38639,103.2.128.0,255.255.252.0,39392
38896,103.2.144.0,255.255.252.0,24482
131210,103.2.232.0,255.255.255.0,39392
10030,103.3.20.0,255.255.252.0,6939
24282,103.3.48.0,255.255.252.0,6939
135477,103.3.58.0,255.255.255.0,24482
45325,103.3.68.0,255.255.255.0,24482
56262,103.3.80.0,255.255.252.0,6939
7595,103.3.164.0,255.255.255.0,6939
7506,103.3.188.0,255.255.252.0,5405
139994,103.3.220.0,255.255.252.0,6939
134860,103.3.234.0,255.255.254.0,6939
150216,103.4.76.0,255.255.254.0,24482
150204,103.4.80.0,255.255.255.0,6939
141934,103.4.82.0,255.255.254.0,6939
138823,103.4.100.0,255.255.254.0,6939
140607,103.4.102.0,255.255.255.0,6939
131316,103.4.122.0,255.255.255.0,6939
131455,103.4.132.0,255.255.255.0,263444
149684,103.4.240.0,255.255.255.0,6939
56252,103.4.243.0,255.255.255.0,6939
55350,103.4.244.0,255.255.252.0,6939
132021,103.5.0.0,255.255.254.0,6939
58381,103.5.50.0,255.255.254.0,24482
45499,103.5.60.0,255.255.255.0,6939
55575,103.5.77.0,255.255.255.0,5405
134753,103.5.79.0,255.255.255.0,24482
141226,103.5.108.0,255.255.255.0,6939
17408,103.5.116.0,255.255.252.0,6939
131160,103.5.140.0,255.255.252.0,6939
149938,103.5.149.0,255.255.255.0,6939
38207,103.5.188.0,255.255.252.0,39392
135516,103.5.212.0,255.255.254.0,6939
24441,103.5.230.0,255.255.254.0,6939
23864,103.5.240.0,255.255.255.0,6939
136968,103.5.241.0,255.255.255.0,39392
134148,103.5.242.0,255.255.255.0,24482
32242,103.6.4.0,255.255.255.0,24482
7604,103.6.12.0,255.255.252.0,6939
134041,103.6.90.0,255.255.255.0,5405
132164,103.6.117.0,255.255.255.0,6939
140586,103.6.119.0,255.255.255.0,6939
138311,103.6.120.0,255.255.255.0,39392
153800,103.6.123.0,255.255.255.0,6939
150768,103.6.124.0,255.255.254.0,6939
10214,103.6.208.0,255.255.254.0,6939
152992,103.6.234.0,255.255.254.0,5405
131310,103.6.236.0,255.255.252.0,6939
131693,103.7.12.0,255.255.255.0,6939
131694,103.7.84.0,255.255.252.0,6939
4768,103.7.96.0,255.255.255.0,6939
149994,103.7.123.0,255.255.255.0,6939
24192,103.7.168.0,255.255.252.0,6939
137352,103.7.186.0,255.255.255.0,6939
135406,103.7.188.0,255.255.254.0,39392
10075,103.7.248.0,255.255.252.0,6939
58580,103.8.28.0,255.255.255.0,6939
45707,103.8.56.0,255.255.255.0,24482
132240,103.8.72.0,255.255.254.0,6939
45320,103.8.76.0,255.255.254.0,6939
17450,103.8.96.0,255.255.252.0,6939
703,103.8.138.0,255.255.255.0,6939
58589,103.8.229.0,255.255.255.0,6939
136463,103.9.42.0,255.255.255.0,6939
132468,103.9.50.0,255.255.255.0,22356
45152,103.9.56.0,255.255.252.0,22356
55789,103.9.116.0,255.255.255.0,6939
9832,103.9.132.0,255.255.252.0,6939
132267,103.9.136.0,255.255.255.0,6939
131713,103.9.144.0,255.255.252.0,6939
135302,103.9.160.0,255.255.252.0,6939
58616,103.9.184.0,255.255.255.0,6939
9245,103.9.216.0,255.255.252.0,6939
132309,103.9.240.0,255.255.252.0,6939
134688,103.10.72.0,255.255.252.0,6939
17473,103.10.82.0,255.255.255.0,6939
56246,103.10.120.0,255.255.252.0,6939
17671,103.10.136.0,255.255.252.0,24482
37908,103.10.164.0,255.255.252.0,6939
45559,103.10.200.0,255.255.255.0,22356
24305,103.11.9.0,255.255.255.0,22356
58430,103.11.12.0,255.255.255.0,6939
132046,103.11.40.0,255.255.255.0,6939
9976,103.11.44.0,255.255.252.0,6939
9387,103.11.60.0,255.255.255.0,6939
45561,103.11.72.0,255.255.254.0,24482
24334,103.11.88.0,255.255.252.0,6939
58453,103.11.109.0,255.255.255.0,39392
58392,103.11.134.0,255.255.254.0,6939
38456,103.11.160.0,255.255.255.0,6939
38505,103.11.186.0,255.255.254.0,6939
132080,103.11.216.0,255.255.252.0,6939
45910,103.11.228.0,255.255.255.0,24482
18400,103.11.241.0,255.255.255.0,6939
137366,103.12.12.0,255.255.254.0,6939
140646,103.12.36.0,255.255.252.0,6939
58629,103.12.72.0,255.255.252.0,6939
142295,103.12.79.0,255.255.255.0,6939
131728,103.12.114.0,255.255.255.0,6939
58655,103.12.172.0,255.255.252.0,6939
58656,103.12.178.0,255.255.255.0,6939
136969,103.12.196.0,255.255.255.0,6939
38611,103.12.201.0,255.255.255.0,5405
134034,103.13.40.0,255.255.255.0,39392
146902,103.13.42.0,255.255.255.0,39392
131284,103.13.64.0,255.255.255.0,6939
136792,103.13.69.0,255.255.255.0,6939
132111,103.13.75.0,255.255.255.0,24482
23918,103.13.83.64,255.255.255.240,39392
4769,103.13.120.0,255.255.254.0,6939
55405,103.13.122.0,255.255.254.0,6939
138886,103.13.137.0,255.255.255.0,24482
150215,103.13.138.0,255.255.255.0,24482
150329,103.13.166.0,255.255.255.0,6939
58645,103.13.168.0,255.255.252.0,6939
56197,103.13.172.0,255.255.255.0,6939
134802,103.13.184.0,255.255.255.0,6939
136141,103.13.192.0,255.255.255.0,6939
138608,103.13.206.0,255.255.255.0,6939
58625,103.14.36.0,255.255.252.0,6939
147314,103.14.151.0,255.255.255.0,6939
150029,103.14.152.0,255.255.255.0,39392
132354,103.14.184.0,255.255.255.0,6939
131732,103.14.195.0,255.255.255.0,6939
58499,103.15.36.0,255.255.254.0,24482
55353,103.15.64.0,255.255.255.0,5405
18094,103.15.92.0,255.255.254.0,39392
17939,103.15.188.0,255.255.252.0,6939
131735,103.15.240.0,255.255.255.0,6939
132599,103.16.60.0,255.255.252.0,24482
134303,103.16.76.0,255.255.255.0,5405
131772,103.16.78.0,255.255.255.0,24482
131769,103.16.132.0,255.255.255.0,6939
38716,103.16.134.0,255.255.254.0,6939
132768,103.16.144.0,255.255.252.0,39392
132602,103.16.152.0,255.255.252.0,6939
131775,103.16.198.0,255.255.255.0,6939
150345,103.17.6.0,255.255.255.0,6939
150593,103.17.12.0,255.255.255.0,5405
55779,103.17.18.0,255.255.255.0,39392
150229,103.17.34.0,255.255.255.0,6939
56055,103.17.44.0,255.255.252.0,5405
24514,103.17.78.0,255.255.255.0,6939
131782,103.17.79.0,255.255.255.0,6939
56209,103.17.80.0,255.255.255.0,5405
56301,103.17.108.0,255.255.254.0,6939
58826,103.17.180.0,255.255.255.0,6939
38165,103.17.182.0,255.255.254.0,6939
135895,103.17.232.0,255.255.252.0,6939
131421,103.17.236.0,255.255.254.0,6939
150973,103.17.248.0,255.255.255.0,24482
45581,103.17.249.0,255.255.255.0,6939
23778,103.18.24.0,255.255.252.0,6939
150275,103.18.44.0,255.255.254.0,6939
24289,103.18.60.0,255.255.252.0,39392
142339,103.18.112.0,255.255.255.0,24482
45287,103.18.114.0,255.255.254.0,6939
7532,103.18.128.0,255.255.252.0,6939
58817,103.18.144.0,255.255.252.0,24482
150230,103.18.184.0,255.255.255.0,24482
134371,103.18.204.0,255.255.255.0,6939
45711,103.18.236.0,255.255.252.0,6939
56028,103.19.4.0,255.255.252.0,6939
23930,103.19.16.0,255.255.255.0,6939
150371,103.19.48.0,255.255.255.0,6939
132637,103.19.56.0,255.255.255.0,6939
132639,103.19.80.0,255.255.255.0,6939
132722,103.19.100.0,255.255.255.0,6939
150063,103.19.120.0,255.255.254.0,39392
55923,103.19.192.0,255.255.255.0,5405
24039,103.19.218.0,255.255.255.0,6939
132668,103.19.228.0,255.255.255.0,6939
149963,103.20.16.0,255.255.255.0,6939
132394,103.20.20.0,255.255.255.0,6939
55996,103.20.34.0,255.255.254.0,6939
38843,103.20.40.0,255.255.252.0,5405
17828,103.20.76.0,255.255.252.0,6939
150187,103.20.88.0,255.255.255.0,6939
14413,103.20.92.0,255.255.255.0,39392
154217,103.20.108.0,255.255.255.0,24482
149707,103.20.109.0,255.255.255.0,24482
10022,103.20.136.0,255.255.252.0,6939
45552,103.20.144.0,255.255.252.0,6939
58688,103.20.180.0,255.255.252.0,39392
58553,103.20.184.0,255.255.255.0,6939
55685,103.20.188.0,255.255.255.0,6939
58708,103.20.236.0,255.255.255.0,24482
132448,103.21.17.0,255.255.255.0,6939
132434,103.21.32.0,255.255.252.0,6939
132435,103.21.44.0,255.255.252.0,6939
132445,103.21.53.0,255.255.255.0,5405
45295,103.21.92.0,255.255.255.0,6939
132453,103.21.184.0,255.255.252.0,39392
149967,103.21.195.0,255.255.255.0,6939
131746,103.21.204.0,255.255.252.0,6939
9905,103.21.216.0,255.255.252.0,6939
131330,103.22.148.0,255.255.255.0,22356
45504,103.22.156.0,255.255.255.0,22356
134640,103.22.204.0,255.255.252.0,24482
134967,103.22.244.0,255.255.252.0,22356
132040,103.23.16.0,255.255.252.0,6939
45796,103.23.120.0,255.255.255.0,6939
133200,103.23.136.0,255.255.255.0,6939
58463,103.23.180.0,255.255.255.0,39392
132094,103.23.184.0,255.255.252.0,6939
58464,103.23.188.0,255.255.252.0,6939
131705,103.23.196.0,255.255.255.0,6939
134928,103.23.239.0,255.255.255.0,5405
140045,103.23.252.0,255.255.255.0,6939
132730,103.24.32.0,255.255.252.0,6939
46052,103.24.56.0,255.255.255.0,6939
58914,103.24.64.0,255.255.252.0,22356
46061,103.24.72.0,255.255.252.0,6939
55651,103.24.120.0,255.255.255.0,6939
133680,103.24.135.0,255.255.255.0,39392
9303,103.24.136.0,255.255.255.0,6939
9622,103.24.168.0,255.255.252.0,6939
132530,103.24.192.0,255.255.255.0,6939
132649,103.24.212.0,255.255.255.0,24482
132652,103.25.192.0,255.255.255.0,24482
59143,103.25.196.0,255.255.254.0,6939
132816,103.25.200.0,255.255.252.0,6939
132653,103.25.208.0,255.255.252.0,6939
18159,103.26.16.0,255.255.254.0,6939
9587,103.26.20.0,255.255.252.0,6939
7690,103.26.24.0,255.255.254.0,6939
150369,103.26.26.0,255.255.254.0,6939
132667,103.26.102.0,255.255.255.0,6939
132774,103.26.108.0,255.255.252.0,39392
141664,103.26.128.0,255.255.255.0,24482
58821,103.26.176.0,255.255.255.0,24482
142308,103.26.179.0,255.255.255.0,6939
142319,103.26.188.0,255.255.254.0,6939
132884,103.26.244.0,255.255.255.0,39392
136374,103.27.2.0,255.255.255.0,5405
133333,103.27.28.0,255.255.252.0,39392
58989,103.27.38.0,255.255.255.0,6939
132881,103.27.52.0,255.255.255.0,6939
132890,103.27.104.0,255.255.252.0,6939
10158,103.27.150.0,255.255.254.0,6939
132895,103.27.172.0,255.255.254.0,6939
150262,103.27.192.0,255.255.254.0,24482
132898,103.27.216.0,255.255.252.0,6939
132372,103.27.255.0,255.255.255.0,6939
139285,103.28.0.0,255.255.252.0,24482
150452,103.28.68.0,255.255.255.0,6939
58473,103.28.72.0,255.255.255.0,6939
133800,103.28.75.0,255.255.255.0,24482
58504,103.28.84.0,255.255.255.0,6939
56258,103.28.93.0,255.255.255.0,6939
63961,103.28.120.0,255.255.252.0,6939
131314,103.28.144.0,255.255.255.0,6939
45931,103.29.88.0,255.255.255.0,39392
131442,103.29.116.0,255.255.255.0,39392
56261,103.29.170.0,255.255.255.0,6939
58378,103.29.171.0,255.255.255.0,6939
38883,103.29.200.0,255.255.252.0,6939
45326,103.30.28.0,255.255.255.0,6939
18424,103.30.44.0,255.255.255.0,22356
56067,103.30.124.0,255.255.252.0,6939
58648,103.30.164.0,255.255.252.0,39392
45302,103.30.180.0,255.255.252.0,6939
150257,103.30.192.0,255.255.254.0,39392
38148,103.30.220.0,255.255.255.0,6939
150106,103.31.8.0,255.255.255.0,5405
131749,103.31.132.0,255.255.252.0,24482
132499,103.31.136.0,255.255.252.0,6939
38496,103.31.156.0,255.255.255.0,6939
45718,103.31.206.0,255.255.255.0,6939
212237,103.31.236.0,255.255.254.0,6939
139952,103.31.240.0,255.255.255.0,24482
131911,103.31.244.0,255.255.252.0,6939
134509,103.35.96.0,255.255.252.0,24482
23991,103.35.108.0,255.255.252.0,6939
9430,103.35.120.0,255.255.255.0,39392
134521,103.35.124.0,255.255.255.0,6939
63399,103.35.126.0,255.255.255.0,6939
64018,103.35.168.0,255.255.255.0,6939
62597,103.35.248.0,255.255.255.0,24482
133930,103.36.4.0,255.255.252.0,6939
7575,103.36.12.0,255.255.255.0,6939
133364,103.36.14.0,255.255.254.0,6939
133623,103.36.16.0,255.255.252.0,6939
133361,103.36.68.0,255.255.255.0,6939
131091,103.36.112.0,255.255.252.0,6939
136759,103.36.255.0,255.255.255.0,5405
150419,103.37.62.0,255.255.254.0,5405
153258,103.37.98.0,255.255.254.0,5405
63494,103.37.168.0,255.255.255.0,24482
133597,103.38.4.0,255.255.255.0,5405
133633,103.38.16.0,255.255.255.0,6939
138346,103.38.54.0,255.255.255.0,6939
38524,103.38.100.0,255.255.252.0,6939
151567,103.38.104.0,255.255.255.0,6939
152009,103.38.106.0,255.255.255.0,6939
151559,103.38.108.0,255.255.254.0,24482
133326,103.38.120.0,255.255.252.0,6939
137591,103.38.124.0,255.255.255.0,5405
140813,103.38.180.0,255.255.255.0,6939
140171,103.38.182.0,255.255.254.0,5405
150359,103.38.210.0,255.255.254.0,39392
150423,103.38.250.0,255.255.255.0,6939
150488,103.39.72.0,255.255.255.0,6939
150272,103.39.74.0,255.255.254.0,6939
133694,103.39.132.0,255.255.255.0,5405
59267,103.39.138.0,255.255.255.0,6939
131574,103.39.200.0,255.255.252.0,6939
59256,103.39.238.0,255.255.255.0,6939
208932,103.40.79.0,255.255.255.0,24482
24012,103.40.87.0,255.255.255.0,5405
133120,103.40.109.0,255.255.255.0,6939
63508,103.40.120.0,255.255.255.0,6939
23808,103.40.128.0,255.255.252.0,39392
135345,103.41.8.0,255.255.255.0,6939
59103,103.41.61.0,255.255.255.0,6939
136093,103.41.78.0,255.255.255.0,24482
139983,103.41.120.0,255.255.252.0,24482
136841,103.41.248.0,255.255.255.0,6939
147181,103.42.4.0,255.255.255.0,22356
150446,103.42.63.0,255.255.255.0,6939
139195,103.42.73.0,255.255.255.0,5405
24519,103.42.118.0,255.255.254.0,6939
133799,103.42.252.0,255.255.252.0,6939
133793,103.43.20.0,255.255.255.0,24482
137207,103.43.28.0,255.255.252.0,6939
134021,103.43.65.0,255.255.255.0,5405
56038,103.43.116.0,255.255.255.0,6939
63945,103.43.144.0,255.255.255.0,6939
11870,103.44.17.0,255.255.255.0,24482
150191,103.44.19.0,255.255.255.0,6939
63919,103.44.24.0,255.255.255.0,6939
138685,103.44.44.0,255.255.255.0,6939
133803,103.44.149.0,255.255.255.0,6939
63927,103.44.232.0,255.255.252.0,39392
150462,103.46.186.0,255.255.254.0,6939
141618,103.46.198.0,255.255.255.0,6939
18149,103.47.2.0,255.255.255.0,6939
59273,103.47.10.0,255.255.254.0,6939
396388,103.47.62.0,255.255.255.0,6939
133114,103.47.154.0,255.255.255.0,6939
133692,103.47.216.0,255.255.252.0,5405
63931,103.47.246.0,255.255.254.0,263444
133918,103.47.252.0,255.255.252.0,39392
59105,103.48.31.0,255.255.255.0,6939
136696,103.48.108.0,255.255.255.0,5405
63861,103.48.128.0,255.255.252.0,24482
136634,103.48.147.0,255.255.255.0,5405
133934,103.48.208.0,255.255.255.0,39392
133936,103.49.24.0,255.255.255.0,24482
63862,103.49.28.0,255.255.254.0,24482
141262,103.49.48.0,255.255.255.0,5405
150480,103.49.50.0,255.255.254.0,24482
59110,103.49.140.0,255.255.252.0,39392
3661,103.49.160.0,255.255.252.0,6939
141317,103.49.164.0,255.255.255.0,5405
153870,103.49.167.0,255.255.255.0,39392
136215,103.49.201.0,255.255.255.0,6939
133950,103.49.205.0,255.255.255.0,6939
24211,103.49.220.0,255.255.254.0,6939
63868,103.49.228.0,255.255.255.0,6939
150586,103.49.236.0,255.255.255.0,5405
133953,103.49.246.0,255.255.254.0,24482
134907,103.49.252.0,255.255.255.0,39392
132784,103.49.254.0,255.255.255.0,5405
141324,103.50.22.0,255.255.254.0,5405
133809,103.50.128.0,255.255.252.0,24482
134001,103.50.152.0,255.255.255.0,5405
134066,103.50.164.0,255.255.252.0,6939
133819,103.51.44.0,255.255.255.0,6939
10204,103.51.50.0,255.255.254.0,6939
131657,103.51.90.0,255.255.255.0,6939
63741,103.51.120.0,255.255.255.0,6939
152718,103.51.128.0,255.255.255.0,6939
141898,103.51.206.0,255.255.255.0,24482
135852,103.51.222.0,255.255.255.0,5405
150202,103.52.6.0,255.255.255.0,24482
133811,103.52.16.0,255.255.255.0,6939
133815,103.52.44.0,255.255.252.0,6939
138881,103.52.60.0,255.255.255.0,24482
59183,103.52.138.0,255.255.255.0,39392
63872,103.52.170.0,255.255.254.0,24482
139955,103.53.28.0,255.255.254.0,24482
23862,103.53.58.0,255.255.255.0,6939
133817,103.53.76.0,255.255.255.0,24482
150683,103.53.162.0,255.255.255.0,6939
63874,103.53.184.0,255.255.255.0,6939
55697,103.54.0.0,255.255.255.0,6939
140411,103.54.1.0,255.255.255.0,6939
134119,103.54.68.0,255.255.252.0,6939
38516,103.54.92.0,255.255.255.0,6939
135848,103.54.100.0,255.255.252.0,5405
136978,103.54.110.0,255.255.255.0,6939
141071,103.54.171.0,255.255.255.0,24482
58824,103.54.172.0,255.255.255.0,6939
150577,103.54.176.0,255.255.255.0,39392
140096,103.55.4.0,255.255.255.0,22356
150487,103.55.28.0,255.255.254.0,24482
133989,103.55.104.0,255.255.255.0,5405
138828,103.55.159.0,255.255.255.0,24482
134147,103.55.162.0,255.255.254.0,263444
150482,103.55.224.0,255.255.254.0,6939
134658,103.55.227.0,255.255.255.0,6939
9230,103.56.3.0,255.255.255.0,6939
152000,103.56.80.0,255.255.255.0,24482
210897,103.56.172.0,255.255.255.0,5405
149946,103.57.8.0,255.255.255.0,6939
136373,103.57.66.0,255.255.255.0,5405
137083,103.57.96.0,255.255.255.0,6939
134840,103.57.204.0,255.255.255.0,6939
140499,103.57.225.0,255.255.255.0,6939
201246,103.58.8.0,255.255.252.0,8218
134012,103.58.96.0,255.255.252.0,5405
59278,103.58.160.0,255.255.252.0,6939
24373,103.59.48.0,255.255.255.0,5405
150692,103.59.162.0,255.255.255.0,6939
136900,103.60.20.0,255.255.255.0,6939
134232,103.60.24.0,255.255.252.0,39392
64095,103.60.99.0,255.255.255.0,6939
7546,103.60.200.0,255.255.252.0,22356
150696,103.60.204.0,255.255.255.0,6939
134305,103.60.212.0,255.255.255.0,39392
150515,103.61.6.0,255.255.255.0,6939
45734,103.61.71.0,255.255.255.0,6939
134363,103.61.192.0,255.255.254.0,24482
134788,103.62.152.0,255.255.252.0,6939
63883,103.62.202.0,255.255.254.0,24482
38193,103.62.234.0,255.255.254.0,6939
138089,103.63.26.0,255.255.255.0,6939
139049,103.63.156.0,255.255.252.0,6939
150609,103.64.128.0,255.255.254.0,5405
150704,103.65.116.0,255.255.254.0,6939
151967,103.65.138.0,255.255.255.0,6939
153346,103.65.141.0,255.255.255.0,22356
142333,103.65.142.0,255.255.255.0,6939
135553,103.65.188.0,255.255.255.0,24482
135449,103.65.212.0,255.255.255.0,6939
135512,103.65.233.0,255.255.255.0,6939
58470,103.65.248.0,255.255.255.0,6939
135688,103.66.4.0,255.255.255.0,39392
141277,103.66.19.0,255.255.255.0,5405
45240,103.66.26.0,255.255.254.0,6939
135565,103.66.37.0,255.255.255.0,6939
135234,103.66.48.0,255.255.255.0,39392
139982,103.66.62.0,255.255.254.0,6939
133840,103.66.70.0,255.255.255.0,6939
141549,103.66.76.0,255.255.252.0,39392
141107,103.66.86.0,255.255.255.0,24482
140170,103.66.120.0,255.255.255.0,6939
9507,103.66.132.0,255.255.254.0,6939
38680,103.66.188.0,255.255.252.0,6939
150605,103.66.236.0,255.255.255.0,5405
151976,103.67.56.0,255.255.254.0,6939
151996,103.67.88.0,255.255.255.0,6939
152005,103.67.90.0,255.255.255.0,6939
135760,103.67.96.0,255.255.255.0,5405
9915,103.67.160.0,255.255.255.0,6939
131910,103.67.220.0,255.255.252.0,6939
140687,103.67.236.0,255.255.255.0,5405
24225,103.67.240.0,255.255.254.0,6939
150265,103.68.2.0,255.255.255.0,24482
135722,103.68.8.0,255.255.252.0,39392
135799,103.68.28.0,255.255.252.0,5405
135775,103.68.36.0,255.255.255.0,6939
135777,103.68.52.0,255.255.255.0,5405
131219,103.68.94.0,255.255.255.0,5405
151552,103.68.106.0,255.255.255.0,5405
131299,103.68.112.0,255.255.255.0,39392
131273,103.68.138.0,255.255.255.0,39392
131270,103.68.160.0,255.255.252.0,6939
7628,103.68.202.0,255.255.255.0,263444
150517,103.68.214.0,255.255.254.0,24482
131296,103.68.228.0,255.255.252.0,6939
150541,103.68.232.0,255.255.254.0,6939
138257,103.69.4.0,255.255.255.0,39392
135686,103.69.44.0,255.255.252.0,39392
150529,103.69.60.0,255.255.255.0,6939
18351,103.69.64.0,255.255.252.0,24482
135158,103.69.78.0,255.255.255.0,6939
151203,103.69.104.0,255.255.254.0,5405
147087,103.69.106.0,255.255.254.0,6939
23966,103.69.110.0,255.255.254.0,6939
131464,103.69.148.0,255.255.252.0,6939
135445,103.69.177.0,255.255.255.0,22356
23913,103.69.198.0,255.255.255.0,263444
132006,103.69.204.0,255.255.252.0,6939
131996,103.69.208.0,255.255.255.0,6939
132337,103.69.212.0,255.255.255.0,6939
150240,103.69.233.0,255.255.255.0,6939
150267,103.69.255.0,255.255.255.0,6939
45809,103.70.24.0,255.255.252.0,6939
135464,103.70.68.0,255.255.255.0,24482
149400,103.70.94.0,255.255.255.0,6939
150980,103.70.122.0,255.255.255.0,24482
134262,103.70.128.0,255.255.255.0,39392
135763,103.70.152.0,255.255.252.0,39392
55366,103.70.172.0,255.255.252.0,6939
135712,103.70.204.0,255.255.255.0,5405
134149,103.70.232.0,255.255.255.0,6939
59123,103.70.240.0,255.255.252.0,6939
132148,103.70.249.0,255.255.255.0,24482
138771,103.71.16.0,255.255.255.0,5405
135705,103.71.64.0,255.255.252.0,39392
139981,103.71.160.0,255.255.254.0,6939
135690,103.71.168.0,255.255.252.0,39392
135380,103.71.220.0,255.255.254.0,6939
9875,103.71.224.0,255.255.255.0,6939
141342,103.72.0.0,255.255.255.0,6939
147302,103.72.3.0,255.255.255.0,6939
151729,103.72.8.0,255.255.252.0,39392
151788,103.72.58.0,255.255.254.0,6939
150235,103.72.89.0,255.255.255.0,6939
133112,103.72.136.0,255.255.255.0,6939
151685,103.72.140.0,255.255.255.0,5405
18196,103.72.204.0,255.255.255.0,39392
133075,103.72.208.0,255.255.254.0,6939
206230,103.73.34.0,255.255.255.0,6939
132436,103.73.36.0,255.255.255.0,6939
132476,103.73.57.0,255.255.255.0,6939
132464,103.73.58.0,255.255.255.0,6939
18187,103.73.68.0,255.255.252.0,6939
135468,103.73.72.0,255.255.252.0,6939
135474,103.73.76.0,255.255.255.0,6939
23686,103.73.83.0,255.255.255.0,6939
132491,103.73.84.0,255.255.254.0,6939
132298,103.73.104.0,255.255.255.0,6939
132528,103.73.108.0,255.255.252.0,5405
132686,103.73.238.0,255.255.255.0,6939
38090,103.74.0.0,255.255.252.0,6939
135444,103.74.5.0,255.255.255.0,24482
147006,103.74.11.0,255.255.255.0,6939
132799,103.74.14.0,255.255.254.0,6939
139879,103.74.20.0,255.255.255.0,6939
132808,103.74.66.0,255.255.254.0,6939
46034,103.74.143.0,255.255.255.0,24482
149515,103.74.188.0,255.255.255.0,24482
148968,103.74.190.0,255.255.254.0,24482
4851,103.74.216.0,255.255.252.0,22356
135697,103.74.227.0,255.255.255.0,39392
9825,103.74.229.0,255.255.255.0,6939
135693,103.74.244.0,255.255.252.0,5405
133045,103.75.4.0,255.255.252.0,5405
149268,103.75.40.0,255.255.255.0,39392
135476,103.75.50.0,255.255.255.0,6939
136873,103.75.84.0,255.255.254.0,6939
133206,103.75.134.0,255.255.254.0,6939
38166,103.75.175.0,255.255.255.0,6939
133483,103.75.202.0,255.255.255.0,6939
135239,103.75.224.0,255.255.255.0,5405
138466,103.76.40.0,255.255.252.0,6939
150242,103.76.91.0,255.255.255.0,6939
151589,103.76.104.0,255.255.255.0,6939
151576,103.76.108.0,255.255.255.0,6939
150639,103.76.118.0,255.255.255.0,5405
141890,103.76.178.0,255.255.255.0,6939
135307,103.76.179.0,255.255.255.0,6939
135480,103.76.200.0,255.255.252.0,6939
58610,103.76.205.0,255.255.255.0,6939
135628,103.77.17.0,255.255.255.0,6939
150596,103.77.42.0,255.255.255.0,5405
38229,103.77.64.0,255.255.252.0,6939
134832,103.77.70.0,255.255.254.0,6939
63631,103.77.72.0,255.255.255.0,24482
135636,103.77.76.0,255.255.255.0,24482
146872,103.77.80.0,255.255.255.0,5405
140810,103.77.172.0,255.255.254.0,6939
151799,103.77.180.0,255.255.254.0,5405
131765,103.77.185.0,255.255.255.0,6939
10222,103.77.192.0,255.255.254.0,39392
64297,103.77.204.0,255.255.252.0,6939
151797,103.77.210.0,255.255.254.0,5405
135811,103.78.20.0,255.255.255.0,5405
55482,103.78.32.0,255.255.255.0,6939
150256,103.78.51.0,255.255.255.0,6939
135654,103.78.52.0,255.255.255.0,6939
135662,103.78.108.0,255.255.254.0,6939
58650,103.78.118.0,255.255.254.0,39392
135668,103.78.136.0,255.255.255.0,39392
135810,103.78.137.0,255.255.255.0,5405
146932,103.78.170.0,255.255.255.0,39392
150021,103.78.186.0,255.255.255.0,5405
64302,103.78.232.0,255.255.255.0,24482
139029,103.78.255.0,255.255.255.0,5405
135806,103.79.8.0,255.255.252.0,39392
138453,103.79.17.0,255.255.255.0,6939
135889,103.79.23.0,255.255.255.0,5405
7540,103.79.92.0,255.255.255.0,6939
134932,103.79.100.0,255.255.255.0,39392
136001,103.79.124.0,255.255.252.0,6939
139951,103.79.128.0,255.255.255.0,24482
9232,103.79.187.0,255.255.255.0,6939
131262,103.79.220.0,255.255.252.0,39392
136014,103.80.0.0,255.255.252.0,6939
136784,103.80.8.0,255.255.254.0,6939
137655,103.80.54.0,255.255.255.0,5405
135863,103.80.68.0,255.255.255.0,39392
135526,103.80.69.0,255.255.255.0,6939
64313,103.80.92.0,255.255.254.0,6939
9821,103.80.140.0,255.255.252.0,6939
23953,103.80.189.0,255.255.255.0,6939
153092,103.80.214.0,255.255.254.0,24482
151582,103.80.230.0,255.255.255.0,6939
64315,103.80.236.0,255.255.255.0,24482
136054,103.80.240.0,255.255.255.0,6939
135422,103.80.248.0,255.255.255.0,39392
132430,103.80.251.0,255.255.255.0,6939
137163,103.81.24.0,255.255.252.0,39392
136055,103.81.64.0,255.255.255.0,6939
138797,103.81.77.0,255.255.255.0,5405
150383,103.81.103.0,255.255.255.0,39392
150958,103.81.110.0,255.255.255.0,6939
135851,103.81.116.0,255.255.255.0,5405
59126,103.81.144.0,255.255.252.0,6939
150553,103.81.254.0,255.255.255.0,6939
18274,103.82.88.0,255.255.252.0,6939
135782,103.82.96.0,255.255.255.0,5405
7551,103.82.108.0,255.255.255.0,6939
136161,103.82.124.0,255.255.255.0,6939
136065,103.82.126.0,255.255.254.0,24482
135964,103.82.204.0,255.255.254.0,6939
137969,103.82.218.0,255.255.255.0,5405
136168,103.82.232.0,255.255.255.0,24482
142370,103.82.246.0,255.255.255.0,24482
150750,103.83.30.0,255.255.255.0,6939
135826,103.83.80.0,255.255.255.0,39392
136184,103.83.89.0,255.255.255.0,6939
136078,103.83.96.0,255.255.255.0,6939
150748,103.83.134.0,255.255.254.0,6939
131241,103.83.162.0,255.255.254.0,6939
58971,103.83.244.0,255.255.252.0,6939
141421,103.84.56.0,255.255.255.0,6939
24086,103.84.76.0,255.255.252.0,5405
136237,103.84.136.0,255.255.252.0,6939
137995,103.84.137.0,255.255.255.0,6939
136075,103.84.208.0,255.255.255.0,24482
138096,103.85.15.0,255.255.255.0,24482
8360,103.85.135.0,255.255.255.0,6939
139901,103.85.236.0,255.255.252.0,6939
136312,103.86.4.0,255.255.254.0,5405
134612,103.86.24.0,255.255.254.0,24482
138655,103.86.39.0,255.255.255.0,6939
136398,103.86.102.0,255.255.255.0,5405
150552,103.86.116.0,255.255.254.0,6939
136400,103.86.124.0,255.255.255.0,6939
136284,103.86.180.0,255.255.255.0,5405
135107,103.86.188.0,255.255.254.0,39392
149765,103.86.195.0,255.255.255.0,6939
45489,103.87.124.0,255.255.254.0,39392
38765,103.87.160.0,255.255.255.0,6939
136106,103.87.184.0,255.255.252.0,6939
151983,103.87.194.0,255.255.255.0,6939
150259,103.87.202.0,255.255.255.0,24482
133189,103.87.218.0,255.255.254.0,5405
136088,103.87.228.0,255.255.255.0,6939
4622,103.88.88.0,255.255.255.0,24482
134942,103.88.132.0,255.255.254.0,39392
136499,103.88.147.0,255.255.255.0,6939
38209,103.88.155.0,255.255.255.0,24482
134806,103.89.27.0,255.255.255.0,6939
150636,103.89.46.0,255.255.255.0,5405
61327,103.89.144.0,255.255.252.0,6939
56099,103.89.236.0,255.255.252.0,6939
150137,103.90.12.0,255.255.255.0,6939
59129,103.90.16.0,255.255.254.0,39392
63497,103.90.25.0,255.255.255.0,6939
135425,103.90.58.0,255.255.254.0,263444
136493,103.90.76.0,255.255.255.0,6939
131915,103.90.164.0,255.255.252.0,6939
136362,103.90.180.0,255.255.252.0,39392
131767,103.90.196.0,255.255.255.0,6939
136300,103.90.200.0,255.255.255.0,39392
136103,103.90.210.0,255.255.255.0,6939
133271,103.90.211.0,255.255.255.0,5405
142453,103.90.236.0,255.255.252.0,39392
131916,103.91.4.0,255.255.252.0,39392
38158,103.91.20.0,255.255.252.0,6939
136105,103.91.44.0,255.255.252.0,6939
136356,103.91.62.0,255.255.255.0,5405
136361,103.91.92.0,255.255.252.0,6939
136360,103.91.96.0,255.255.254.0,39392
136514,103.91.128.0,255.255.255.0,6939
136515,103.91.140.0,255.255.252.0,6939
139967,103.91.149.0,255.255.255.0,6939
45637,103.91.172.0,255.255.252.0,6939
136524,103.91.196.0,255.255.252.0,6939
976,103.91.219.0,255.255.255.0,6939
136303,103.91.220.0,255.255.255.0,5405
150570,103.91.224.0,255.255.255.0,6939
136533,103.91.240.0,255.255.252.0,6939
150022,103.92.106.0,255.255.255.0,5405
136552,103.92.148.0,255.255.255.0,6939
136306,103.92.162.0,255.255.255.0,39392
136823,103.92.224.0,255.255.252.0,6939
18278,103.92.228.0,255.255.252.0,6939
136343,103.93.9.0,255.255.255.0,5405
134785,103.93.32.0,255.255.255.0,6939
136323,103.93.36.0,255.255.255.0,5405
136322,103.93.48.0,255.255.254.0,39392
131918,103.93.60.0,255.255.252.0,39392
61414,103.93.76.0,255.255.255.0,39392
135060,103.93.150.0,255.255.255.0,5405
136116,103.93.158.0,255.255.254.0,6939
136357,103.93.200.0,255.255.255.0,39392
139623,103.93.232.0,255.255.255.0,22356
63490,103.93.236.0,255.255.255.0,6939
45722,103.94.8.0,255.255.252.0,6939
138244,103.94.27.0,255.255.255.0,5405
136617,103.94.68.0,255.255.252.0,6939
138277,103.94.81.0,255.255.255.0,39392
136119,103.94.168.0,255.255.255.0,6939
136733,103.94.224.0,255.255.255.0,24482
63878,103.94.248.0,255.255.255.0,6939
138884,103.94.250.0,255.255.255.0,6939
136741,103.95.0.0,255.255.252.0,263444
131923,103.95.104.0,255.255.252.0,39392
63770,103.95.184.0,255.255.252.0,6939
136785,103.95.215.0,255.255.255.0,6939
136654,103.96.12.0,255.255.252.0,5405
38029,103.96.30.0,255.255.255.0,5405
17981,103.96.78.0,255.255.255.0,6939
134153,103.96.104.0,255.255.254.0,6939
136797,103.96.110.0,255.255.255.0,6939
9607,103.96.112.0,255.255.252.0,6939
136805,103.96.141.0,255.255.255.0,6939
63773,103.96.229.0,255.255.255.0,39392
135277,103.96.242.0,255.255.254.0,6939
136127,103.97.4.0,255.255.255.0,6939
136131,103.97.77.0,255.255.255.0,6939
58820,103.97.111.0,255.255.255.0,6939
150923,103.97.224.0,255.255.255.0,6939
141846,103.97.226.0,255.255.255.0,39392
134578,103.98.15.0,255.255.255.0,6939
136820,103.98.116.0,255.255.254.0,6939
136828,103.98.120.0,255.255.255.0,6939
149781,103.98.192.0,255.255.255.0,39392
136920,103.99.26.0,255.255.255.0,6939
150279,103.99.27.0,255.255.255.0,24482
150723,103.99.35.0,255.255.255.0,39392
63772,103.99.80.0,255.255.252.0,39392
150315,103.99.132.0,255.255.255.0,22356
151575,103.99.136.0,255.255.255.0,6939
135139,103.99.148.0,255.255.252.0,39392
54415,103.99.168.0,255.255.255.0,6939
136837,103.99.214.0,255.255.255.0,6939
136948,103.99.249.0,255.255.255.0,6939
137819,103.100.75.0,255.255.255.0,5405
136838,103.100.96.0,255.255.255.0,6939
133527,103.100.112.0,255.255.252.0,5405
17911,103.100.188.0,255.255.255.0,6939
137050,103.100.204.0,255.255.255.0,6939
136664,103.100.216.0,255.255.252.0,5405
136972,103.100.224.0,255.255.252.0,263444
136975,103.101.16.0,255.255.255.0,6939
135860,103.101.92.0,255.255.255.0,39392
136636,103.101.108.0,255.255.252.0,5405
23951,103.101.138.0,255.255.254.0,6939
136994,103.101.168.0,255.255.252.0,5405
136998,103.101.208.0,255.255.255.0,6939
150941,103.101.216.0,255.255.255.0,6939
142347,103.101.218.0,255.255.255.0,24482
135523,103.101.232.0,255.255.255.0,6939
136865,103.102.12.0,255.255.254.0,6939
137331,103.102.15.0,255.255.255.0,6939
150925,103.102.16.0,255.255.254.0,6939
136700,103.102.96.0,255.255.255.0,39392
142601,103.102.108.0,255.255.255.0,39392
136856,103.102.112.0,255.255.254.0,6939
45158,103.102.118.0,255.255.255.0,6939
136854,103.102.140.0,255.255.255.0,6939
137032,103.102.164.0,255.255.255.0,263444
14907,103.102.166.0,255.255.255.0,5405
137042,103.102.222.0,255.255.255.0,6939
210456,103.102.231.0,255.255.255.0,6939
9255,103.102.235.0,255.255.255.0,5405
136708,103.103.8.0,255.255.252.0,39392
137047,103.103.42.0,255.255.255.0,6939
150467,103.103.115.0,255.255.255.0,6939
135928,103.103.116.0,255.255.252.0,5405
136671,103.103.120.0,255.255.255.0,39392
138818,103.103.136.0,255.255.255.0,24482
136861,103.103.144.0,255.255.255.0,24482
23747,103.103.148.0,255.255.255.0,5405
136847,103.103.180.0,255.255.255.0,6939
137955,103.103.194.0,255.255.255.0,6939
136714,103.104.44.0,255.255.252.0,5405
136869,103.104.204.0,255.255.252.0,6939
141815,103.104.231.0,255.255.255.0,5405
137495,103.105.20.0,255.255.254.0,6939
150942,103.105.56.0,255.255.255.0,6939
150945,103.105.92.0,255.255.255.0,24482
141887,103.105.114.0,255.255.255.0,24482
17727,103.105.128.0,255.255.255.0,6939
38858,103.105.145.0,255.255.255.0,6939
137239,103.105.212.0,255.255.252.0,6939
141137,103.105.217.0,255.255.255.0,24482
136885,103.105.252.0,255.255.255.0,6939
38047,103.106.52.0,255.255.255.0,6939
137267,103.106.110.0,255.255.255.0,6939
136880,103.106.112.0,255.255.255.0,6939
131928,103.106.124.0,255.255.252.0,6939
137157,103.106.136.0,255.255.255.0,39392
18207,103.106.160.0,255.255.252.0,24482
136888,103.106.173.0,255.255.255.0,6939
137090,103.106.180.0,255.255.255.0,5405
137329,103.106.216.0,255.255.255.0,24482
4796,103.107.4.0,255.255.252.0,6939
137388,103.107.39.0,255.255.255.0,6939
137404,103.107.80.0,255.255.252.0,6939
150932,103.107.136.0,255.255.255.0,24482
150948,103.107.138.0,255.255.254.0,6939
137094,103.107.150.0,255.255.255.0,39392
38515,103.107.248.0,255.255.252.0,6939
137102,103.107.252.0,255.255.255.0,39392
147224,103.108.45.0,255.255.255.0,5405
137425,103.108.60.0,255.255.255.0,6939
137426,103.108.68.0,255.255.254.0,6939
24436,103.108.86.0,255.255.255.0,6939
137150,103.108.98.0,255.255.255.0,5405
137104,103.108.118.0,255.255.255.0,39392
137107,103.108.152.0,255.255.255.0,5405
37988,103.108.228.0,255.255.255.0,22356
131929,103.108.232.0,255.255.252.0,39392
46024,103.108.254.0,255.255.255.0,6939
137310,103.109.0.0,255.255.255.0,6939
137109,103.109.12.0,255.255.255.0,39392
137311,103.109.24.0,255.255.255.0,6939
134734,103.109.97.0,255.255.255.0,6939
137316,103.109.124.0,255.255.255.0,6939
141805,103.109.137.0,255.255.255.0,5405
137315,103.109.210.0,255.255.255.0,6939
137491,103.110.96.0,255.255.252.0,6939
137562,103.110.142.0,255.255.255.0,6939
135269,103.110.166.0,255.255.255.0,5405
17494,103.110.215.0,255.255.255.0,39392
137535,103.110.220.0,255.255.254.0,6939
134877,103.110.236.0,255.255.252.0,39392
146904,103.111.6.0,255.255.254.0,6939
137118,103.111.108.0,255.255.255.0,5405
149951,103.111.118.0,255.255.255.0,24482
23947,103.111.144.0,255.255.255.0,6939
137678,103.111.158.0,255.255.255.0,6939
137922,103.111.180.0,255.255.254.0,4455
59149,103.111.248.0,255.255.255.0,6939
137532,103.112.64.0,255.255.255.0,6939
137327,103.112.122.0,255.255.254.0,6939
151043,103.112.138.0,255.255.255.0,6939
18117,103.112.188.0,255.255.255.0,6939
137332,103.112.189.0,255.255.255.0,6939
135059,103.112.191.0,255.255.255.0,6939
138109,103.112.194.0,255.255.255.0,24482
150744,103.112.205.0,255.255.255.0,6939
137172,103.112.212.0,255.255.252.0,39392
137171,103.113.0.0,255.255.255.0,5405
138165,103.113.1.0,255.255.255.0,6939
137557,103.113.44.0,255.255.255.0,6939
63774,103.113.56.0,255.255.255.0,6939
135110,103.113.60.0,255.255.255.0,24482
135943,103.113.80.0,255.255.255.0,5405
137561,103.113.100.0,255.255.255.0,6939
137566,103.113.176.0,255.255.252.0,6939
137567,103.113.184.0,255.255.252.0,24482
135859,103.113.188.0,255.255.252.0,39392
24556,103.113.196.0,255.255.255.0,6939
136342,103.113.228.0,255.255.252.0,39392
137575,103.113.244.0,255.255.255.0,22356
24263,103.113.246.0,255.255.255.0,39392
138787,103.113.252.0,255.255.255.0,39392
137576,103.114.12.0,255.255.252.0,22356
137360,103.114.35.0,255.255.255.0,6939
137349,103.114.52.0,255.255.255.0,24482
137351,103.114.144.0,255.255.255.0,6939
137905,103.114.146.0,255.255.254.0,6939
137815,103.114.170.0,255.255.255.0,6939
23618,103.114.184.0,255.255.252.0,6939
139719,103.115.4.0,255.255.254.0,6939
137823,103.115.24.0,255.255.252.0,6939
137359,103.115.36.0,255.255.252.0,6939
137831,103.115.79.0,255.255.255.0,22356
150363,103.115.84.0,255.255.254.0,6939
137841,103.115.112.0,255.255.255.0,6939
135223,103.115.124.0,255.255.255.0,5405
137847,103.115.136.0,255.255.252.0,6939
138131,103.115.164.0,255.255.255.0,6939
141959,103.115.176.0,255.255.252.0,6939
23676,103.115.192.0,255.255.255.0,6939
152605,103.115.196.0,255.255.255.0,6939
134922,103.116.136.0,255.255.254.0,6939
137363,103.116.172.0,255.255.252.0,24482
4770,103.116.188.0,255.255.254.0,6939
62062,103.116.199.0,255.255.255.0,6939
137945,103.116.240.0,255.255.255.0,6939
150478,103.117.10.0,255.255.255.0,6939
137913,103.117.24.0,255.255.252.0,24482
137609,103.117.32.0,255.255.255.0,39392
150954,103.117.58.0,255.255.254.0,6939
137681,103.117.60.0,255.255.255.0,5405
151358,103.117.116.0,255.255.255.0,6939
148992,103.117.176.0,255.255.255.0,5405
139460,103.117.205.0,255.255.255.0,6939
137677,103.117.236.0,255.255.255.0,5405
135947,103.117.240.0,255.255.255.0,6939
134152,103.118.20.0,255.255.252.0,6939
131937,103.118.92.0,255.255.252.0,39392
137376,103.118.124.0,255.255.252.0,6939
137375,103.118.184.0,255.255.252.0,6939
63782,103.119.88.0,255.255.252.0,39392
137378,103.119.116.0,255.255.255.0,6939
137990,103.119.128.0,255.255.252.0,6939
133007,103.119.198.0,255.255.255.0,39392
151586,103.119.236.0,255.255.254.0,24482
141253,103.119.240.0,255.255.255.0,5405
138025,103.120.69.0,255.255.255.0,6939
150501,103.120.76.0,255.255.255.0,24482
138033,103.120.84.0,255.255.255.0,39392
135419,103.120.112.0,255.255.252.0,6939
138117,103.120.124.0,255.255.254.0,6939
134883,103.120.208.0,255.255.255.0,39392
138045,103.120.233.0,255.255.255.0,6939
134592,103.120.246.0,255.255.255.0,22356
138926,103.121.6.0,255.255.255.0,6939
138147,103.121.81.0,255.255.255.0,6939
23943,103.121.124.0,255.255.252.0,6939
149710,103.121.196.0,255.255.255.0,24482
137661,103.122.36.0,255.255.255.0,22356
138189,103.122.40.0,255.255.255.0,6939
136659,103.122.128.0,255.255.252.0,6939
140407,103.122.152.0,255.255.252.0,24482
38493,103.123.8.0,255.255.252.0,6939
138069,103.123.16.0,255.255.254.0,6939
138076,103.123.39.0,255.255.255.0,6939
38553,103.123.40.0,255.255.255.0,6939
139922,103.123.60.0,255.255.255.0,6939
138074,103.123.96.0,255.255.252.0,6939
138070,103.123.104.0,255.255.255.0,6939
135567,103.123.112.0,255.255.255.0,6939
24298,103.123.144.0,255.255.255.0,6939
63776,103.123.180.0,255.255.255.0,39392
45668,103.123.237.0,255.255.255.0,6939
138385,103.124.52.0,255.255.255.0,6939
7539,103.124.72.0,255.255.252.0,6939
14630,103.124.124.0,255.255.255.0,6939
138947,103.124.128.0,255.255.254.0,6939
131659,103.124.252.0,255.255.252.0,6939
55381,103.125.124.0,255.255.252.0,6939
139415,103.125.172.0,255.255.255.0,24482
138114,103.125.184.0,255.255.255.0,6939
138105,103.125.202.0,255.255.255.0,24482
141013,103.125.244.0,255.255.255.0,39392
138106,103.126.8.0,255.255.252.0,6939
138119,103.126.28.0,255.255.255.0,6939
138107,103.126.56.0,255.255.255.0,24482
24559,103.126.104.0,255.255.252.0,6939
139972,103.126.119.0,255.255.255.0,24482
150288,103.126.142.0,255.255.255.0,6939
138112,103.126.172.0,255.255.255.0,24482
138238,103.126.196.0,255.255.255.0,39392
138113,103.126.200.0,255.255.254.0,6939
134944,103.126.228.0,255.255.252.0,5405
150503,103.126.238.0,255.255.255.0,6939
137645,103.127.20.0,255.255.255.0,5405
9744,103.127.24.0,255.255.252.0,39392
135687,103.127.130.0,255.255.255.0,5405
138527,103.127.250.0,255.255.254.0,5405
131942,103.129.28.0,255.255.252.0,6939
135589,103.129.76.0,255.255.255.0,6939
137594,103.129.108.0,255.255.255.0,39392
151066,103.129.124.0,255.255.254.0,6939
135843,103.129.155.0,255.255.255.0,39392
151732,103.129.194.0,255.255.255.0,5405
138209,103.129.224.0,255.255.255.0,6939
138093,103.130.4.0,255.255.255.0,6939
139977,103.130.80.0,255.255.255.0,24482
138340,103.130.140.0,255.255.255.0,6939
206596,103.130.147.0,255.255.255.0,6939
138359,103.130.153.0,255.255.255.0,6939
135953,103.130.212.0,255.255.255.0,6939
150162,103.130.246.0,255.255.254.0,39392
9264,103.130.252.0,255.255.252.0,6939
138080,103.131.16.0,255.255.255.0,6939
138084,103.131.29.0,255.255.255.0,6939
138502,103.131.42.0,255.255.255.0,6939
138126,103.131.61.0,255.255.255.0,6939
38800,103.131.62.0,255.255.255.0,5405
63800,103.131.151.0,255.255.255.0,6939
153370,103.131.158.0,255.255.255.0,6939
54470,103.131.183.0,255.255.255.0,39392
2515,103.131.194.0,255.255.254.0,6939
152464,103.131.198.0,255.255.255.0,22356
134655,103.131.236.0,255.255.255.0,6939
151152,103.131.250.0,255.255.254.0,5405
138528,103.132.8.0,255.255.252.0,6939
131736,103.132.12.0,255.255.255.0,6939
140036,103.132.42.0,255.255.255.0,6939
138123,103.132.52.0,255.255.255.0,24482
135726,103.132.56.0,255.255.255.0,39392
138536,103.132.92.0,255.255.255.0,6939
58469,103.132.98.0,255.255.255.0,6939
151210,103.132.102.0,255.255.255.0,6939
59178,103.132.144.0,255.255.255.0,39392
141243,103.132.148.0,255.255.255.0,5405
138552,103.132.192.0,255.255.255.0,39392
138317,103.132.196.0,255.255.255.0,5405
133451,103.132.232.0,255.255.255.0,6939
138129,103.132.236.0,255.255.255.0,6939
138130,103.133.24.0,255.255.255.0,24482
138134,103.133.60.0,255.255.255.0,24482
138310,103.133.113.0,255.255.255.0,39392
138139,103.133.144.0,255.255.255.0,6939
133968,103.133.168.0,255.255.255.0,5405
141322,103.133.228.0,255.255.255.0,39392
139722,103.134.43.0,255.255.255.0,6939
138701,103.134.60.0,255.255.252.0,6939
138594,103.134.68.0,255.255.255.0,6939
138143,103.134.76.0,255.255.255.0,6939
134308,103.134.100.0,255.255.254.0,39392
131645,103.134.120.0,255.255.255.0,6939
138629,103.134.176.0,255.255.252.0,39392
138840,103.134.184.0,255.255.255.0,24482
138810,103.134.220.0,255.255.255.0,24482
138622,103.134.226.0,255.255.254.0,5405
150366,103.134.234.0,255.255.255.0,6939
131773,103.134.244.0,255.255.255.0,6939
138786,103.134.252.0,255.255.254.0,39392
46026,103.135.72.0,255.255.252.0,24482
138636,103.135.77.0,255.255.255.0,5405
138637,103.135.87.0,255.255.255.0,5405
59238,103.135.108.0,255.255.252.0,6939
150178,103.135.139.0,255.255.255.0,6939
138871,103.135.224.0,255.255.252.0,6939
132531,103.135.245.0,255.255.255.0,6939
138821,103.136.12.0,255.255.252.0,24482
138783,103.136.44.0,255.255.255.0,5405
153068,103.136.76.0,255.255.255.0,6939
153087,103.136.162.0,255.255.255.0,24482
138909,103.137.0.0,255.255.255.0,6939
138824,103.137.8.0,255.255.254.0,24482
138776,103.137.11.0,255.255.255.0,5405
152333,103.137.21.0,255.255.255.0,6939
138934,103.137.88.0,255.255.252.0,6939
138943,103.137.132.0,255.255.255.0,6939
138849,103.137.144.0,255.255.255.0,6939
138961,103.137.178.0,255.255.254.0,6939
138965,103.137.204.0,255.255.255.0,6939
138970,103.137.209.0,255.255.255.0,6939
131949,103.137.232.0,255.255.252.0,39392
138973,103.137.245.0,255.255.255.0,6939
138839,103.138.14.0,255.255.255.0,6939
7594,103.138.35.0,255.255.255.0,22356
149723,103.138.53.0,255.255.255.0,24482
138843,103.138.62.0,255.255.255.0,6939
138842,103.138.68.0,255.255.254.0,24482
138726,103.138.104.0,255.255.255.0,5405
139417,103.138.116.0,255.255.255.0,6939
139005,103.138.130.0,255.255.255.0,6939
139014,103.138.140.0,255.255.255.0,6939
149058,103.138.146.0,255.255.255.0,6939
139016,103.138.151.0,255.255.255.0,6939
138854,103.138.218.0,255.255.254.0,6939
149258,103.138.232.0,255.255.255.0,5405
149855,103.138.252.0,255.255.255.0,6939
132655,103.139.24.0,255.255.255.0,6939
138860,103.139.26.0,255.255.254.0,24482
153174,103.139.80.0,255.255.255.0,6939
214809,103.139.88.0,255.255.255.0,6939
138862,103.139.98.0,255.255.255.0,24482
139077,103.139.104.0,255.255.254.0,263444
63780,103.139.106.0,255.255.255.0,6939
45259,103.139.109.0,255.255.255.0,24482
149964,103.139.126.0,255.255.255.0,24482
149965,103.139.138.0,255.255.254.0,6939
139089,103.139.146.0,255.255.254.0,6939
50839,103.139.190.0,255.255.255.0,39392
150513,103.139.207.0,255.255.255.0,6939
63779,103.139.238.0,255.255.254.0,6939
151000,103.139.244.0,255.255.254.0,24482
139225,103.140.3.0,255.255.255.0,39392
135977,103.140.4.0,255.255.254.0,6939
22697,103.140.28.0,255.255.254.0,5405
138873,103.140.78.0,255.255.254.0,6939
138876,103.140.90.0,255.255.254.0,24482
58768,103.140.116.0,255.255.255.0,6939
131982,103.140.118.0,255.255.254.0,39392
138866,103.140.130.0,255.255.255.0,6939
139279,103.140.172.0,255.255.254.0,22356
139288,103.140.215.0,255.255.255.0,22356
139301,103.141.6.0,255.255.255.0,6939
138887,103.141.20.0,255.255.255.0,6939
23827,103.141.34.0,255.255.254.0,39392
131955,103.141.48.0,255.255.254.0,6939
133693,103.141.50.0,255.255.255.0,39392
140866,103.141.84.0,255.255.254.0,6939
131966,103.141.94.0,255.255.254.0,6939
138890,103.141.148.0,255.255.254.0,24482
139357,103.141.179.0,255.255.255.0,6939
136644,103.141.192.0,255.255.254.0,5405
147121,103.141.196.0,255.255.255.0,24482
139466,103.141.199.0,255.255.255.0,39392
139464,103.141.202.0,255.255.254.0,6939
139364,103.141.234.0,255.255.255.0,6939
139365,103.141.244.0,255.255.255.0,6939
138027,103.142.3.0,255.255.255.0,263444
139588,103.142.5.0,255.255.255.0,6939
18268,103.142.6.0,255.255.254.0,39392
131952,103.142.12.0,255.255.254.0,39392
132584,103.142.38.0,255.255.255.0,39392
139597,103.142.40.0,255.255.254.0,6939
139369,103.142.61.0,255.255.255.0,6939
38891,103.142.66.0,255.255.255.0,6939
139370,103.142.94.0,255.255.254.0,6939
139609,103.142.98.0,255.255.255.0,6939
139620,103.142.144.0,255.255.255.0,6939
152734,103.142.150.0,255.255.254.0,24482
139521,103.142.162.0,255.255.254.0,5405
139379,103.142.200.0,255.255.255.0,6939
139378,103.142.202.0,255.255.254.0,6939
139382,103.142.240.0,255.255.255.0,6939
139380,103.142.242.0,255.255.255.0,6939
139404,103.143.4.0,255.255.254.0,6939
139431,103.143.22.0,255.255.255.0,6939
139392,103.143.95.0,255.255.255.0,6939
133838,103.143.96.0,255.255.255.0,6939
139675,103.143.126.0,255.255.255.0,6939
10080,103.143.156.0,255.255.254.0,22356
132935,103.143.212.0,255.255.255.0,5405
139412,103.143.224.0,255.255.254.0,6939
138678,103.144.0.0,255.255.255.0,6939
139718,103.144.10.0,255.255.255.0,6939
139418,103.144.18.0,255.255.255.0,24482
131666,103.144.34.0,255.255.254.0,6939
132778,103.144.36.0,255.255.255.0,5405
150724,103.144.88.0,255.255.255.0,6939
139425,103.144.90.0,255.255.254.0,24482
139421,103.144.102.0,255.255.255.0,6939
131958,103.144.122.0,255.255.254.0,39392
46065,103.144.132.0,255.255.255.0,6939
139428,103.144.146.0,255.255.255.0,6939
139762,103.144.200.0,255.255.254.0,6939
139435,103.144.250.0,255.255.254.0,24482
149105,103.145.2.0,255.255.254.0,6939
139438,103.145.14.0,255.255.254.0,6939
139449,103.145.34.0,255.255.255.0,24482
139440,103.145.66.0,255.255.254.0,24482
139799,103.145.92.0,255.255.255.0,22356
139447,103.145.125.0,255.255.255.0,6939
139809,103.145.132.0,255.255.255.0,6939
140008,103.145.146.0,255.255.254.0,6939
139831,103.145.206.0,255.255.254.0,6939
45706,103.145.220.0,255.255.254.0,6939
139526,103.146.0.0,255.255.255.0,5405
139984,103.146.26.0,255.255.255.0,6939
139870,103.146.42.0,255.255.255.0,6939
139849,103.146.66.0,255.255.254.0,6939
139863,103.146.92.0,255.255.255.0,6939
215823,103.146.102.0,255.255.255.0,39392
209735,103.146.103.0,255.255.255.0,39392
139869,103.146.106.0,255.255.255.0,6939
139900,103.146.206.0,255.255.255.0,6939
139899,103.146.226.0,255.255.254.0,6939
139531,103.146.240.0,255.255.255.0,39392
18041,103.147.22.0,255.255.254.0,6939
139946,103.147.46.0,255.255.254.0,6939
139958,103.147.82.0,255.255.255.0,24482
139959,103.147.92.0,255.255.255.0,6939
139927,103.147.106.0,255.255.254.0,6939
131677,103.147.130.0,255.255.254.0,39392
139963,103.147.134.0,255.255.254.0,6939
132523,103.147.192.0,255.255.255.0,39392
150544,103.147.211.0,255.255.255.0,24482
139559,103.147.250.0,255.255.255.0,39392
134654,103.147.254.0,255.255.255.0,39392
137651,103.148.1.0,255.255.255.0,5405
140063,103.148.10.0,255.255.255.0,6939
140068,103.148.14.0,255.255.255.0,6939
139978,103.148.18.0,255.255.254.0,6939
140012,103.148.28.0,255.255.255.0,24482
24527,103.148.46.0,255.255.255.0,6939
149214,103.148.65.0,255.255.255.0,39392
140416,103.148.86.0,255.255.255.0,6939
140421,103.148.88.0,255.255.255.0,6939
139988,103.148.100.0,255.255.255.0,6939
9326,103.148.110.0,255.255.255.0,24482
139993,103.148.112.0,255.255.255.0,24482
141127,103.148.130.0,255.255.255.0,24482
140210,103.148.154.0,255.255.255.0,6939
134880,103.148.182.0,255.255.255.0,5405
140223,103.148.184.0,255.255.255.0,6939
139995,103.148.192.0,255.255.254.0,6939
140007,103.148.196.0,255.255.254.0,24482
139998,103.148.198.0,255.255.255.0,6939
140004,103.148.208.0,255.255.254.0,6939
140228,103.148.212.0,255.255.254.0,6939
140231,103.148.220.0,255.255.255.0,39392
132054,103.148.224.0,255.255.254.0,6939
59098,103.149.4.0,255.255.254.0,6939
150526,103.149.42.0,255.255.255.0,6939
137000,103.149.58.0,255.255.255.0,39392
134896,103.149.69.0,255.255.255.0,39392
140385,103.149.114.0,255.255.255.0,39392
140023,103.149.120.0,255.255.255.0,6939
151413,103.149.218.0,255.255.255.0,6939
140384,103.149.238.0,255.255.254.0,24482
140390,103.150.32.0,255.255.255.0,6939
140388,103.150.44.0,255.255.255.0,24482
140546,103.150.48.0,255.255.255.0,6939
140631,103.150.74.0,255.255.254.0,6939
140395,103.150.150.0,255.255.254.0,39392
140394,103.150.168.0,255.255.254.0,6939
38572,103.150.171.0,255.255.255.0,6939
140396,103.150.174.0,255.255.255.0,6939
140591,103.150.184.0,255.255.254.0,5405
140593,103.150.202.0,255.255.254.0,39392
150734,103.151.12.0,255.255.255.0,6939
140404,103.151.22.0,255.255.254.0,24482
140413,103.151.34.0,255.255.254.0,6939
151330,103.151.42.0,255.255.255.0,6939
140625,103.151.62.0,255.255.255.0,6939
140410,103.151.63.0,255.255.255.0,6939
140409,103.151.72.0,255.255.255.0,6939
140635,103.151.76.0,255.255.254.0,6939
140637,103.151.86.0,255.255.254.0,22356
17538,103.151.94.0,255.255.254.0,6939
140428,103.151.109.0,255.255.255.0,6939
13360,103.151.126.0,255.255.255.0,6939
150534,103.151.129.0,255.255.255.0,6939
140417,103.151.140.0,255.255.254.0,6939
140670,103.151.144.0,255.255.255.0,6939
140633,103.151.150.0,255.255.254.0,5405
45735,103.151.162.0,255.255.254.0,24482
140423,103.151.222.0,255.255.254.0,24482
140429,103.151.226.0,255.255.255.0,24482
140119,103.151.232.0,255.255.254.0,5405
140120,103.151.234.0,255.255.255.0,39392
38734,103.151.242.0,255.255.254.0,6939
140583,103.152.0.0,255.255.255.0,39392
140710,103.152.12.0,255.255.254.0,6939
140442,103.152.72.0,255.255.255.0,6939
17955,103.152.138.0,255.255.254.0,39392
17415,103.152.202.0,255.255.255.0,6939
140927,103.152.216.0,255.255.254.0,6939
9384,103.152.227.0,255.255.255.0,22356
140446,103.152.232.0,255.255.255.0,24482
140448,103.152.238.0,255.255.255.0,6939
141174,103.152.246.0,255.255.255.0,6939
140892,103.153.8.0,255.255.254.0,22356
140896,103.153.30.0,255.255.255.0,22356
140444,103.153.42.0,255.255.255.0,24482
140905,103.153.54.0,255.255.255.0,39392
140910,103.153.90.0,255.255.254.0,6939
140460,103.153.96.0,255.255.255.0,24482
152847,103.153.98.0,255.255.255.0,6939
140918,103.153.118.0,255.255.255.0,6939
45411,103.153.158.0,255.255.255.0,6939
140942,103.153.172.0,255.255.254.0,6939
140947,103.153.182.0,255.255.254.0,5405
140469,103.153.190.0,255.255.254.0,24482
131970,103.153.206.0,255.255.254.0,39392
140967,103.153.238.0,255.255.254.0,6939
140475,103.153.246.0,255.255.255.0,24482
140970,103.154.10.0,255.255.255.0,6939
140478,103.154.24.0,255.255.254.0,24482
140479,103.154.52.0,255.255.255.0,6939
150129,103.154.64.0,255.255.255.0,6939
140481,103.154.76.0,255.255.255.0,24482
140985,103.154.94.0,255.255.255.0,6939
140994,103.154.154.0,255.255.254.0,22356
141054,103.154.172.0,255.255.254.0,6939
136121,103.154.230.0,255.255.254.0,6939
141014,103.154.234.0,255.255.255.0,5405
151660,103.155.36.0,255.255.255.0,39392
141049,103.155.46.0,255.255.254.0,6939
140148,103.155.54.0,255.255.255.0,6939
142381,103.155.64.0,255.255.254.0,6939
141047,103.155.68.0,255.255.255.0,6939
141152,103.155.88.0,255.255.254.0,6939
141056,103.155.116.0,255.255.254.0,6939
141480,103.155.130.0,255.255.255.0,5405
141062,103.155.156.0,255.255.255.0,6939
141064,103.155.166.0,255.255.254.0,24482
141065,103.155.168.0,255.255.254.0,24482
141181,103.155.184.0,255.255.255.0,6939
24198,103.155.186.0,255.255.254.0,6939
141067,103.155.190.0,255.255.255.0,24482
140151,103.155.194.0,255.255.255.0,5405
141073,103.155.200.0,255.255.255.0,6939
141076,103.155.221.0,255.255.255.0,6939
136289,103.155.234.0,255.255.255.0,39392
17884,103.155.250.0,255.255.255.0,24482
141077,103.156.16.0,255.255.255.0,24482
141081,103.156.70.0,255.255.254.0,6939
45291,103.156.72.0,255.255.255.0,24482
141082,103.156.74.0,255.255.254.0,6939
135273,103.156.76.0,255.255.255.0,39392
141204,103.156.80.0,255.255.254.0,5405
141085,103.156.88.0,255.255.255.0,24482
141087,103.156.96.0,255.255.255.0,6939
141202,103.156.106.0,255.255.255.0,5405
141091,103.156.128.0,255.255.255.0,6939
149883,103.156.140.0,255.255.254.0,6939
140189,103.156.144.0,255.255.254.0,5405
141216,103.156.154.0,255.255.255.0,6939
149667,103.156.221.0,255.255.255.0,24482
141097,103.156.224.0,255.255.255.0,6939
141098,103.156.233.0,255.255.255.0,6939
38150,103.156.240.0,255.255.255.0,6939
141105,103.157.24.0,255.255.255.0,24482
56239,103.157.64.0,255.255.254.0,6939
141114,103.157.78.0,255.255.255.0,6939
141113,103.157.80.0,255.255.255.0,6939
24253,103.157.156.0,255.255.255.0,6939
131973,103.157.157.0,255.255.255.0,39392
7492,103.157.244.0,255.255.254.0,6939
134712,103.158.4.0,255.255.254.0,6939
141389,103.158.14.0,255.255.255.0,5405
141675,103.158.26.0,255.255.255.0,6939
141394,103.158.29.0,255.255.255.0,39392
38614,103.158.39.0,255.255.255.0,6939
141308,103.158.44.0,255.255.255.0,5405
141339,103.158.52.0,255.255.255.0,39392
142111,103.158.74.0,255.255.255.0,6939
141130,103.158.96.0,255.255.255.0,6939
141125,103.158.98.0,255.255.255.0,6939
141332,103.158.142.0,255.255.255.0,5405
141254,103.158.146.0,255.255.254.0,5405
141126,103.158.154.0,255.255.255.0,6939
150045,103.158.212.0,255.255.255.0,39392
38230,103.158.222.0,255.255.255.0,5405
141420,103.158.226.0,255.255.255.0,39392
23750,103.158.237.0,255.255.255.0,6939
17769,103.159.20.0,255.255.255.0,6939
138333,103.159.26.0,255.255.255.0,6939
141266,103.159.32.0,255.255.254.0,39392
141265,103.159.44.0,255.255.254.0,5405
142470,103.159.70.0,255.255.255.0,5405
141139,103.159.92.0,255.255.255.0,24482
142320,103.159.111.0,255.255.255.0,6939
141602,103.159.112.0,255.255.254.0,6939
139816,103.159.114.0,255.255.255.0,5405
38856,103.159.118.0,255.255.254.0,6939
141731,103.159.126.0,255.255.255.0,6939
132366,103.159.127.0,255.255.255.0,6939
141804,103.159.162.0,255.255.255.0,39392
140470,103.159.196.0,255.255.255.0,24482
135709,103.159.217.0,255.255.255.0,6939
141147,103.159.224.0,255.255.255.0,6939
141457,103.159.236.0,255.255.254.0,22356
141659,103.160.42.0,255.255.255.0,6939
141607,103.160.68.0,255.255.255.0,24482
141514,103.160.126.0,255.255.254.0,5405
141288,103.160.128.0,255.255.255.0,6939
58819,103.160.148.0,255.255.254.0,24482
134468,103.160.168.0,255.255.255.0,6939
150208,103.160.182.0,255.255.255.0,24482
141600,103.160.201.0,255.255.255.0,24482
141595,103.160.205.0,255.255.255.0,24482
135182,103.160.206.0,255.255.254.0,39392
149920,103.161.1.0,255.255.255.0,6939
140770,103.161.38.0,255.255.255.0,5405
134489,103.161.48.0,255.255.255.0,6939
38156,103.161.62.0,255.255.255.0,6939
141612,103.161.114.0,255.255.255.0,6939
141626,103.161.128.0,255.255.255.0,6939
141613,103.161.130.0,255.255.254.0,24482
141628,103.161.146.0,255.255.254.0,24482
151191,103.161.154.0,255.255.254.0,6939
141682,103.161.244.0,255.255.254.0,24482
141655,103.162.35.0,255.255.255.0,6939
141639,103.162.36.0,255.255.255.0,24482
141693,103.162.48.0,255.255.254.0,39392
141645,103.162.54.0,255.255.255.0,24482
141492,103.162.64.0,255.255.254.0,39392
141524,103.162.66.0,255.255.255.0,39392
141536,103.162.78.0,255.255.254.0,5405
17996,103.162.100.0,255.255.254.0,6939
141653,103.162.106.0,255.255.254.0,6939
141652,103.162.112.0,255.255.254.0,24482
141709,103.162.127.0,255.255.255.0,6939
141384,103.162.142.0,255.255.255.0,6939
141519,103.162.164.0,255.255.255.0,39392
141667,103.162.232.0,255.255.255.0,6939
17670,103.162.236.0,255.255.255.0,6939
141671,103.162.240.0,255.255.255.0,6939
141889,103.163.13.0,255.255.255.0,24482
141523,103.163.18.0,255.255.255.0,5405
135983,103.163.24.0,255.255.254.0,6939
141881,103.163.40.0,255.255.255.0,39392
38204,103.163.76.0,255.255.255.0,5405
141674,103.163.80.0,255.255.255.0,24482
141673,103.163.102.0,255.255.254.0,6939
141767,103.163.182.0,255.255.254.0,6939
142366,103.163.184.0,255.255.255.0,6939
141773,103.163.210.0,255.255.254.0,6939
141896,103.163.226.0,255.255.255.0,6939
141907,103.163.230.0,255.255.254.0,6939
141988,103.163.246.0,255.255.254.0,6939
142394,103.164.11.0,255.255.255.0,24482
141903,103.164.56.0,255.255.255.0,6939
131931,103.164.72.0,255.255.254.0,6939
2907,103.164.74.0,255.255.254.0,39392
141906,103.164.83.0,255.255.255.0,6939
141905,103.164.84.0,255.255.255.0,24482
141939,103.164.192.0,255.255.255.0,6939
141793,103.164.202.0,255.255.255.0,39392
142014,103.164.224.0,255.255.254.0,39392
141917,103.164.228.0,255.255.255.0,6939
142577,103.164.255.0,255.255.255.0,6939
141783,103.165.24.0,255.255.255.0,39392
24496,103.165.46.0,255.255.255.0,6939
142029,103.165.56.0,255.255.254.0,6939
149596,103.165.64.0,255.255.254.0,39392
141864,103.165.95.0,255.255.255.0,39392
141920,103.165.148.0,255.255.255.0,6939
141921,103.165.155.0,255.255.255.0,6939
142049,103.165.180.0,255.255.255.0,6939
141070,103.165.249.0,255.255.255.0,24482
141960,103.165.253.0,255.255.255.0,24482
141928,103.166.0.0,255.255.255.0,6939
141978,103.166.8.0,255.255.254.0,24482
152377,103.166.10.0,255.255.255.0,6939
141940,103.166.30.0,255.255.255.0,6939
141935,103.166.44.0,255.255.254.0,6939
141933,103.166.64.0,255.255.255.0,6939
141941,103.166.90.0,255.255.255.0,6939
141943,103.166.106.0,255.255.255.0,6939
142064,103.166.114.0,255.255.255.0,39392
141947,103.166.124.0,255.255.254.0,6939
142116,103.166.132.0,255.255.254.0,22356
142125,103.166.148.0,255.255.255.0,24482
141955,103.166.158.0,255.255.254.0,24482
141957,103.166.212.0,255.255.255.0,6939
211041,103.166.229.0,255.255.255.0,5405
141966,103.166.254.0,255.255.255.0,24482
142160,103.167.26.0,255.255.254.0,5405
131986,103.167.44.0,255.255.254.0,39392
142271,103.167.66.0,255.255.255.0,6939
142285,103.167.116.0,255.255.255.0,6939
141878,103.167.128.0,255.255.255.0,39392
150554,103.167.156.0,255.255.255.0,24482
138929,103.167.160.0,255.255.254.0,6939
141985,103.167.168.0,255.255.255.0,24482
141831,103.167.184.0,255.255.255.0,39392
142296,103.167.188.0,255.255.254.0,6939
142412,103.168.6.0,255.255.254.0,6939
142310,103.168.46.0,255.255.255.0,24482
56311,103.168.70.0,255.255.254.0,5405
141842,103.168.75.0,255.255.255.0,5405
141840,103.168.85.0,255.255.255.0,39392
142350,103.168.148.0,255.255.255.0,24482
142315,103.168.149.0,255.255.255.0,6939
142317,103.168.158.0,255.255.254.0,6939
142346,103.169.8.0,255.255.255.0,24482
142335,103.169.10.0,255.255.254.0,6939
142331,103.169.38.0,255.255.255.0,6939
142332,103.169.40.0,255.255.254.0,24482
142345,103.169.42.0,255.255.255.0,6939
142391,103.169.44.0,255.255.255.0,6939
38853,103.169.46.0,255.255.254.0,6939
142555,103.169.68.0,255.255.254.0,6939
152547,103.170.21.0,255.255.255.0,5405
149332,103.170.89.0,255.255.255.0,6939
142368,103.170.96.0,255.255.254.0,6939
142364,103.170.100.0,255.255.254.0,6939
132849,103.170.102.0,255.255.254.0,5405
131988,103.170.124.0,255.255.254.0,39392
142596,103.170.142.0,255.255.255.0,6939
142485,103.170.176.0,255.255.254.0,5405
141987,103.170.206.0,255.255.254.0,6939
147228,103.170.222.0,255.255.255.0,39392
147226,103.170.228.0,255.255.254.0,5405
142615,103.170.231.0,255.255.255.0,6939
142616,103.170.232.0,255.255.254.0,22356
142628,103.171.42.0,255.255.255.0,6939
138251,103.171.54.0,255.255.255.0,5405
142373,103.171.82.0,255.255.254.0,24482
142631,103.171.104.0,255.255.254.0,6939
142451,103.171.124.0,255.255.255.0,5405
142374,103.171.184.0,255.255.255.0,24482
139543,103.171.188.0,255.255.255.0,5405
146924,103.171.202.0,255.255.255.0,39392
38771,103.171.234.0,255.255.254.0,6939
142390,103.171.240.0,255.255.255.0,6939
142383,103.172.20.0,255.255.255.0,6939
142387,103.172.24.0,255.255.255.0,6939
5068,103.172.80.0,255.255.255.0,6939
146944,103.172.88.0,255.255.255.0,39392
133434,103.172.108.0,255.255.255.0,6939
142398,103.172.120.0,255.255.254.0,24482
142389,103.172.144.0,255.255.255.0,6939
142400,103.172.186.0,255.255.255.0,6939
142401,103.172.240.0,255.255.255.0,6939
147072,103.172.244.0,255.255.254.0,6939
146890,103.173.20.0,255.255.254.0,5405
146887,103.173.40.0,255.255.255.0,39392
147029,103.173.60.0,255.255.254.0,6939
147039,103.173.79.0,255.255.255.0,22356
140321,103.173.84.0,255.255.254.0,6939
131242,103.173.90.0,255.255.255.0,6939
146863,103.173.92.0,255.255.254.0,5405
146870,103.173.132.0,255.255.255.0,39392
58485,103.173.140.0,255.255.255.0,24482
147090,103.173.142.0,255.255.254.0,6939
147081,103.173.164.0,255.255.255.0,6939
147056,103.173.187.0,255.255.255.0,6939
141210,103.173.188.0,255.255.255.0,6939
147089,103.173.232.0,255.255.254.0,24482
147061,103.173.235.0,255.255.255.0,39392
147170,103.174.13.0,255.255.255.0,6939
147182,103.174.48.0,255.255.254.0,6939
7676,103.174.60.0,255.255.254.0,39392
147100,103.174.116.0,255.255.255.0,6939
147097,103.174.120.0,255.255.254.0,24482
147195,103.174.144.0,255.255.254.0,39392
147101,103.174.174.0,255.255.254.0,6939
147106,103.174.236.0,255.255.254.0,24482
146972,103.175.36.0,255.255.255.0,39392
149704,103.175.80.0,255.255.255.0,24482
148979,103.175.92.0,255.255.254.0,6939
146974,103.175.110.0,255.255.254.0,6939
38562,103.175.127.0,255.255.255.0,6939
147120,103.175.156.0,255.255.254.0,6939
45353,103.175.192.0,255.255.254.0,6939
147246,103.176.64.0,255.255.254.0,39392
149364,103.176.77.0,255.255.255.0,6939
147131,103.176.96.0,255.255.254.0,24482
149019,103.176.174.0,255.255.255.0,6939
147135,103.176.177.0,255.255.255.0,24482
147133,103.176.180.0,255.255.255.0,24482
147132,103.176.182.0,255.255.255.0,24482
152373,103.176.201.0,255.255.255.0,24482
149026,103.176.218.0,255.255.254.0,6939
147154,103.176.227.0,255.255.255.0,6939
147254,103.177.4.0,255.255.255.0,5405
147137,103.177.8.0,255.255.255.0,24482
149035,103.177.54.0,255.255.255.0,6939
147145,103.177.92.0,255.255.255.0,6939
147155,103.177.144.0,255.255.254.0,6939
139873,103.177.160.0,255.255.255.0,39392
147264,103.177.172.0,255.255.255.0,39392
149353,103.177.188.0,255.255.255.0,6939
136956,103.177.190.0,255.255.254.0,5405
147163,103.177.214.0,255.255.255.0,6939
147165,103.178.12.0,255.255.254.0,24482
149319,103.178.20.0,255.255.254.0,6939
149318,103.178.84.0,255.255.255.0,6939
149320,103.178.86.0,255.255.254.0,24482
149340,103.178.146.0,255.255.254.0,6939
24530,103.178.196.0,255.255.254.0,24482
149419,103.178.216.0,255.255.255.0,6939
149202,103.178.249.0,255.255.255.0,5405
149333,103.179.26.0,255.255.254.0,6939
151332,103.179.36.0,255.255.255.0,6939
149337,103.179.68.0,255.255.255.0,6939
149251,103.179.106.0,255.255.254.0,5405
149345,103.179.180.0,255.255.255.0,24482
149446,103.179.204.0,255.255.254.0,24482
149374,103.180.126.0,255.255.255.0,24482
146979,103.180.130.0,255.255.255.0,6939
149365,103.180.166.0,255.255.255.0,24482
149369,103.180.196.0,255.255.255.0,24482
149368,103.180.198.0,255.255.254.0,6939
149224,103.180.210.0,255.255.255.0,5405
149373,103.180.250.0,255.255.254.0,39392
136641,103.181.16.0,255.255.254.0,39392
149392,103.181.78.0,255.255.255.0,24482
134337,103.181.158.0,255.255.254.0,5405
149394,103.182.52.0,255.255.255.0,6939
152828,103.182.53.0,255.255.255.0,6939
149526,103.182.132.0,255.255.254.0,39392
134282,103.182.156.0,255.255.255.0,5405
134312,103.182.216.0,255.255.255.0,5405
149404,103.183.8.0,255.255.254.0,24482
139560,103.183.44.0,255.255.255.0,5405
149405,103.183.56.0,255.255.255.0,6939
149409,103.183.58.0,255.255.255.0,24482
135248,103.183.80.0,255.255.255.0,39392
149670,103.183.100.0,255.255.255.0,24482
136964,103.183.142.0,255.255.255.0,6939
149315,103.184.16.0,255.255.255.0,6939
149675,103.184.18.0,255.255.254.0,24482
149647,103.184.32.0,255.255.254.0,5405
149672,103.184.50.0,255.255.255.0,6939
152352,103.184.57.0,255.255.255.0,39392
151636,103.184.92.0,255.255.255.0,6939
149649,103.184.94.0,255.255.254.0,6939
7387,103.184.102.0,255.255.255.0,39392
149661,103.184.167.0,255.255.255.0,6939
149655,103.184.176.0,255.255.255.0,39392
149662,103.184.178.0,255.255.255.0,6939
149546,103.184.252.0,255.255.255.0,5405
138128,103.185.36.0,255.255.254.0,6939
149671,103.185.46.0,255.255.254.0,6939
149660,103.185.222.0,255.255.254.0,6939
134283,103.186.18.0,255.255.255.0,39392
149690,103.186.32.0,255.255.255.0,24482
149687,103.186.34.0,255.255.255.0,6939
149740,103.186.94.0,255.255.254.0,6939
18423,103.186.142.0,255.255.254.0,6939
139846,103.186.144.0,255.255.255.0,6939
149570,103.186.188.0,255.255.255.0,39392
149713,103.186.193.0,255.255.255.0,6939
149712,103.186.194.0,255.255.254.0,24482
149716,103.186.210.0,255.255.255.0,6939
149714,103.186.212.0,255.255.254.0,6939
135206,103.186.250.0,255.255.255.0,39392
149576,103.187.16.0,255.255.255.0,39392
149825,103.187.28.0,255.255.254.0,6939
142017,103.187.104.0,255.255.255.0,39392
149720,103.187.112.0,255.255.255.0,6939
63795,103.187.126.0,255.255.255.0,6939
137065,103.187.138.0,255.255.255.0,263444
149744,103.187.162.0,255.255.254.0,6939
149897,103.187.164.0,255.255.254.0,24482
133981,103.187.178.0,255.255.254.0,39392
134017,103.187.212.0,255.255.254.0,39392
149729,103.187.223.0,255.255.255.0,6939
149728,103.187.226.0,255.255.254.0,6939
149848,103.188.86.0,255.255.254.0,6939
149735,103.188.122.0,255.255.254.0,6939
149851,103.188.134.0,255.255.255.0,39392
149736,103.188.172.0,255.255.255.0,24482
149734,103.188.176.0,255.255.255.0,6939
149908,103.188.249.0,255.255.255.0,6939
149880,103.189.0.0,255.255.255.0,6939
149758,103.189.58.0,255.255.255.0,6939
149749,103.189.110.0,255.255.254.0,24482
149752,103.189.138.0,255.255.255.0,24482
149754,103.189.165.0,255.255.255.0,6939
131156,103.189.185.0,255.255.255.0,6939
146981,103.189.188.0,255.255.254.0,6939
208171,103.189.191.0,255.255.255.0,5405
149912,103.189.197.0,255.255.255.0,6939
149589,103.190.52.0,255.255.255.0,5405
149591,103.190.91.0,255.255.255.0,5405
150551,103.190.94.0,255.255.255.0,24482
149907,103.190.112.0,255.255.254.0,24482
150004,103.190.128.0,255.255.255.0,39392
150001,103.190.132.0,255.255.254.0,6939
149909,103.191.58.0,255.255.254.0,6939
149914,103.191.70.0,255.255.254.0,6939
149917,103.191.116.0,255.255.255.0,6939
149922,103.191.141.0,255.255.255.0,6939
149934,103.191.196.0,255.255.254.0,6939
149943,103.191.254.0,255.255.255.0,6939
133615,103.192.82.0,255.255.255.0,6939
64015,103.192.240.0,255.255.252.0,6939
150986,103.193.146.0,255.255.255.0,6939
17976,103.193.204.0,255.255.255.0,6939
149971,103.194.46.0,255.255.255.0,24482
134257,103.194.70.0,255.255.255.0,5405
63885,103.194.172.0,255.255.255.0,24482
58439,103.194.176.0,255.255.252.0,6939
133122,103.195.12.0,255.255.255.0,6939
134280,103.195.16.0,255.255.255.0,5405
134981,103.195.136.0,255.255.252.0,39392
138283,103.195.252.0,255.255.255.0,5405
150921,103.196.15.0,255.255.255.0,6939
150931,103.196.85.0,255.255.255.0,6939
134707,103.196.136.0,255.255.252.0,6939
150951,103.196.156.0,255.255.255.0,24482
134623,103.197.92.0,255.255.255.0,6939
24016,103.197.167.0,255.255.255.0,6939
23771,103.197.228.0,255.255.252.0,6939
64044,103.197.236.0,255.255.252.0,6939
141397,103.198.24.0,255.255.255.0,22356
38541,103.198.54.0,255.255.255.0,6939
133771,103.198.56.0,255.255.252.0,6939
131896,103.198.108.0,255.255.255.0,6939
46055,103.198.120.0,255.255.254.0,6939
64055,103.198.176.0,255.255.255.0,6939
134626,103.199.2.0,255.255.254.0,6939
140051,103.199.82.0,255.255.254.0,39392
150924,103.199.117.0,255.255.255.0,24482
134633,103.200.128.0,255.255.255.0,24482
134295,103.201.124.0,255.255.252.0,39392
136180,103.203.56.0,255.255.255.0,22356
197961,103.203.84.0,255.255.255.0,6939
64074,103.203.176.0,255.255.255.0,6939
63561,103.203.216.0,255.255.252.0,6939
133187,103.203.238.0,255.255.254.0,39392
134940,103.203.252.0,255.255.252.0,39392
151585,103.204.46.0,255.255.254.0,6939
151172,103.204.50.0,255.255.255.0,39392
134980,103.204.117.0,255.255.255.0,5405
151341,103.204.178.0,255.255.255.0,6939
207778,103.204.192.0,255.255.255.0,6939
215605,103.204.195.0,255.255.255.0,6939
135015,103.205.30.0,255.255.255.0,6939
134861,103.205.112.0,255.255.255.0,5405
134850,103.205.128.0,255.255.255.0,5405
150640,103.206.29.0,255.255.255.0,39392
134931,103.206.164.0,255.255.252.0,39392
7477,103.206.236.0,255.255.252.0,5405
134863,103.207.4.0,255.255.252.0,39392
134643,103.207.96.0,255.255.255.0,6939
132781,103.207.100.0,255.255.255.0,5405
135066,103.208.3.0,255.255.255.0,6939
135065,103.208.36.0,255.255.255.0,6939
151354,103.208.67.0,255.255.255.0,6939
135081,103.208.192.0,255.255.252.0,6939
137271,103.209.4.0,255.255.254.0,6939
134659,103.209.7.0,255.255.255.0,6939
150927,103.209.10.0,255.255.255.0,24482
9558,103.209.182.0,255.255.255.0,39392
134673,103.209.224.0,255.255.252.0,6939
45665,103.209.244.0,255.255.252.0,6939
17440,103.209.248.0,255.255.252.0,6939
150995,103.210.2.0,255.255.255.0,6939
152131,103.210.114.0,255.255.255.0,39392
64024,103.210.116.0,255.255.255.0,24482
140177,103.210.126.0,255.255.255.0,39392
134903,103.210.140.0,255.255.255.0,5405
134918,103.210.204.0,255.255.255.0,39392
150193,103.211.26.0,255.255.254.0,6939
134428,103.211.70.0,255.255.255.0,6939
18282,103.211.72.0,255.255.252.0,39392
203554,103.211.118.0,255.255.254.0,6939
134916,103.211.152.0,255.255.252.0,39392
45852,103.211.240.0,255.255.252.0,6939
17456,103.212.24.0,255.255.252.0,6939
5666,103.212.40.0,255.255.255.0,6939
131954,103.212.76.0,255.255.252.0,6939
150938,103.212.177.0,255.255.255.0,24482
135290,103.212.180.0,255.255.252.0,6939
7720,103.213.4.0,255.255.254.0,6939
18254,103.213.244.0,255.255.254.0,6939
135321,103.214.30.0,255.255.255.0,6939
64027,103.214.100.0,255.255.255.0,6939
135328,103.214.104.0,255.255.255.0,39392
64029,103.214.184.0,255.255.255.0,6939
55822,103.214.196.0,255.255.255.0,6939
135439,103.214.239.0,255.255.255.0,24482
151009,103.214.251.0,255.255.255.0,6939
18070,103.215.84.0,255.255.252.0,6939
203835,103.215.98.0,255.255.254.0,6939
135323,103.215.128.0,255.255.255.0,6939
151587,103.216.104.0,255.255.255.0,6939
151513,103.217.146.0,255.255.254.0,6939
24529,103.217.216.0,255.255.255.0,6939
18101,103.218.247.0,255.255.255.0,6939
54054,103.219.56.0,255.255.252.0,39392
135027,103.219.62.0,255.255.255.0,22356
135465,103.219.73.0,255.255.255.0,24482
135442,103.219.197.0,255.255.255.0,6939
151405,103.221.64.0,255.255.254.0,6939
135235,103.221.80.0,255.255.255.0,39392
131605,103.222.248.0,255.255.252.0,6939
132961,103.224.36.0,255.255.255.0,39392
150197,103.224.124.0,255.255.254.0,6939
45696,103.224.180.0,255.255.255.0,6939
135338,103.225.28.0,255.255.255.0,5405
136518,103.225.67.0,255.255.255.0,6939
150203,103.225.71.0,255.255.255.0,24482
59160,103.225.98.0,255.255.255.0,6939
58530,103.225.156.0,255.255.255.0,39392
133370,103.225.210.0,255.255.255.0,6939
133372,103.225.213.0,255.255.255.0,24482
133383,103.226.22.0,255.255.255.0,6939
151213,103.226.219.0,255.255.255.0,6939
59276,103.226.232.0,255.255.254.0,6939
56307,103.227.20.0,255.255.254.0,6939
59280,103.228.24.0,255.255.255.0,24482
59282,103.228.244.0,255.255.252.0,24482
24337,103.228.252.0,255.255.255.0,6939
27281,103.229.11.0,255.255.255.0,39392
150196,103.229.14.0,255.255.255.0,6939
150962,103.229.131.0,255.255.255.0,6939
133453,103.229.176.0,255.255.252.0,6939
151470,103.229.234.0,255.255.254.0,24482
133456,103.230.50.0,255.255.254.0,5405
9795,103.230.80.0,255.255.255.0,6939
150961,103.230.81.0,255.255.255.0,6939
45925,103.230.104.0,255.255.252.0,6939
151482,103.230.130.0,255.255.255.0,6939
47152,103.230.140.0,255.255.255.0,22356
133233,103.230.166.0,255.255.255.0,6939
59093,103.230.168.0,255.255.252.0,6939
58815,103.231.121.0,255.255.255.0,6939
7479,103.231.140.0,255.255.255.0,24482
59365,103.231.228.0,255.255.255.0,6939
151508,103.232.20.0,255.255.254.0,24482
4007,103.232.152.0,255.255.252.0,6939
55329,103.232.192.0,255.255.252.0,6939
210110,103.232.212.0,255.255.255.0,22356
133201,103.233.8.0,255.255.252.0,6939
59370,103.233.56.0,255.255.252.0,39392
134359,103.233.132.0,255.255.252.0,6939
9263,103.233.164.0,255.255.252.0,39392
9913,103.233.208.0,255.255.255.0,6939
63850,103.234.14.0,255.255.254.0,6939
151506,103.234.18.0,255.255.254.0,6939
151507,103.234.28.0,255.255.254.0,6939
45938,103.234.104.0,255.255.255.0,6939
151522,103.234.124.0,255.255.255.0,24482
133317,103.234.136.0,255.255.252.0,5405
59097,103.234.176.0,255.255.254.0,6939
38767,103.234.208.0,255.255.252.0,6939
38768,103.234.216.0,255.255.255.0,6939
55309,103.235.208.0,255.255.252.0,5405
151518,103.236.140.0,255.255.255.0,6939
151125,103.238.64.0,255.255.255.0,39392
132196,103.238.124.0,255.255.255.0,6939
17931,103.238.236.0,255.255.252.0,39392
151519,103.239.20.0,255.255.254.0,39392
151531,103.239.41.0,255.255.255.0,6939
63805,103.239.90.0,255.255.254.0,6939
37922,103.239.108.0,255.255.252.0,39392
150407,103.240.200.0,255.255.255.0,5405
134433,103.241.84.0,255.255.255.0,263444
150564,103.241.149.0,255.255.255.0,39392
18121,103.241.208.0,255.255.254.0,6939
9934,103.242.44.0,255.255.252.0,6939
151548,103.242.80.0,255.255.254.0,6939
132957,103.242.184.0,255.255.252.0,39392
23756,103.242.204.0,255.255.252.0,6939
24545,103.243.8.0,255.255.254.0,24482
38500,103.244.36.0,255.255.255.0,24482
203843,103.244.163.0,255.255.255.0,6939
132533,103.244.200.0,255.255.252.0,6939
131759,103.244.204.0,255.255.255.0,24482
151547,103.245.36.0,255.255.255.0,6939
58800,103.245.108.0,255.255.255.0,6939
46056,103.245.122.0,255.255.255.0,6939
151544,103.245.159.0,255.255.255.0,24482
132579,103.245.160.0,255.255.254.0,39392
45926,103.245.212.0,255.255.252.0,39392
24538,103.246.185.0,255.255.255.0,24482
132022,103.246.204.0,255.255.255.0,6939
58487,103.247.8.0,255.255.252.0,6939
131706,103.247.12.0,255.255.255.0,6939
17794,103.247.92.0,255.255.255.0,24482
151538,103.248.8.0,255.255.255.0,24482
132658,103.248.25.0,255.255.255.0,6939
133417,103.248.44.0,255.255.252.0,6939
132608,103.248.204.0,255.255.255.0,6939
137112,103.248.242.0,255.255.255.0,39392
150206,103.249.18.0,255.255.255.0,6939
151650,103.249.198.0,255.255.254.0,6939
151590,103.250.14.0,255.255.255.0,24482
151653,103.250.77.0,255.255.255.0,6939
45845,103.250.135.0,255.255.255.0,6939
38437,103.250.228.0,255.255.252.0,6939
45677,103.251.116.0,255.255.252.0,6939
151087,103.251.169.0,255.255.255.0,39392
58818,103.251.180.0,255.255.252.0,6939
10206,103.251.240.0,255.255.255.0,6939
134885,103.252.52.0,255.255.255.0,39392
134971,103.252.224.0,255.255.255.0,6939
59330,103.252.246.0,255.255.255.0,39392
59139,103.253.0.0,255.255.252.0,6939
18353,103.253.48.0,255.255.255.0,39392
22071,103.253.80.0,255.255.252.0,6939
9251,103.253.106.0,255.255.254.0,24482
59142,103.253.124.0,255.255.255.0,6939
151404,103.253.229.0,255.255.255.0,6939
214451,103.254.62.0,255.255.255.0,39392
46017,103.254.95.0,255.255.255.0,6939
131403,103.254.216.0,255.255.252.0,5405
135383,103.255.64.0,255.255.255.0,39392
152017,103.255.162.0,255.255.255.0,6939
151994,103.255.164.0,255.255.255.0,6939
14789,104.22.5.0,255.255.255.0,22356
53767,104.36.20.0,255.255.252.0,39392
46886,104.36.252.0,255.255.252.0,6939
970,104.37.40.0,255.255.255.0,6939
16628,104.37.44.0,255.255.255.0,5405
63060,104.37.96.0,255.255.248.0,39392
22324,104.37.208.0,255.255.252.0,6939
21748,104.37.232.0,255.255.248.0,39392
9329,104.75.84.0,255.255.255.0,39392
4771,104.95.104.0,255.255.252.0,39392
31758,104.128.0.0,255.255.240.0,6939
5050,104.128.208.0,255.255.240.0,6939
271,104.128.240.0,255.255.240.0,39392
33247,104.129.176.0,255.255.252.0,6939
40850,104.140.64.0,255.255.252.0,263444
13739,104.143.68.0,255.255.252.0,39392
27330,104.143.85.0,255.255.255.0,6939
14987,104.152.52.0,255.255.252.0,22356
40731,104.152.200.0,255.255.255.0,39392
16851,104.152.240.0,255.255.252.0,6939
23188,104.153.16.0,255.255.252.0,6939
17210,104.153.228.0,255.255.252.0,6939
14382,104.153.240.0,255.255.252.0,6939
398826,104.160.18.0,255.255.255.0,6939
396125,104.160.232.0,255.255.252.0,6939
56610,104.164.76.0,255.255.255.0,6939
40838,104.166.100.0,255.255.252.0,6939
62600,104.166.108.0,255.255.255.0,6939
216067,104.167.26.0,255.255.254.0,39392
54874,104.167.213.0,255.255.255.0,6939
32951,104.192.248.0,255.255.255.0,39392
396317,104.193.40.0,255.255.252.0,6939
55264,104.193.112.0,255.255.254.0,6939
393731,104.204.224.0,255.255.254.0,6939
1426,104.204.252.0,255.255.254.0,39392
14329,104.207.96.0,255.255.240.0,39392
54133,104.218.60.0,255.255.255.0,6939
46353,104.219.45.0,255.255.255.0,6939
26327,104.219.80.0,255.255.248.0,39392
63457,104.219.184.0,255.255.255.0,6939
9150,104.222.191.0,255.255.255.0,39392
46781,104.224.10.0,255.255.254.0,39392
401707,104.232.11.0,255.255.255.0,39392
14735,104.232.48.0,255.255.240.0,6939
56443,104.233.10.0,255.255.255.0,6939
210619,104.233.63.0,255.255.255.0,6939
401081,104.234.87.0,255.255.255.0,39392
263522,104.234.235.0,255.255.255.0,22356
393905,104.234.251.0,255.255.255.0,39392
63125,104.238.237.0,255.255.255.0,6939
36601,104.243.209.0,255.255.255.0,39392
16616,104.243.224.0,255.255.240.0,6939
26512,104.244.16.0,255.255.255.0,39392
63210,104.244.96.0,255.255.252.0,6939
16803,104.244.112.0,255.255.248.0,6939
33084,104.245.168.0,255.255.252.0,39392
395561,104.245.205.0,255.255.255.0,39392
6205,104.247.171.0,255.255.255.0,6939
23024,104.249.64.0,255.255.255.0,5405
53839,104.249.144.0,255.255.255.0,39392
32145,104.249.184.0,255.255.252.0,5405
152900,104.250.122.0,255.255.255.0,24482
397449,104.251.172.0,255.255.254.0,39392
26768,104.251.233.0,255.255.255.0,6939
63113,104.254.80.0,255.255.255.0,39392
15190,104.255.140.0,255.255.254.0,6939
36873,105.112.0.0,255.255.255.0,6939
53038,107.150.167.0,255.255.255.0,22356
55002,107.162.0.0,255.255.0.0,39392
21837,107.167.96.0,255.255.252.0,6939
63014,107.171.0.0,255.255.128.0,39392
13844,107.181.30.0,255.255.255.0,39392
201864,107.181.146.0,255.255.255.0,39392
40328,108.59.96.0,255.255.240.0,6939
11287,108.160.81.0,255.255.255.0,6939
20058,108.161.0.0,255.255.240.0,6939
263934,108.165.140.0,255.255.255.0,22356
210457,108.165.164.0,255.255.255.0,5405
21719,108.174.64.0,255.255.255.0,6939
32431,108.179.1.0,255.255.255.0,39392
27371,108.179.24.0,255.255.255.0,39392
25372,109.68.40.0,255.255.248.0,6939
8878,109.68.96.0,255.255.248.0,5405
202246,109.68.128.0,255.255.248.0,39392
197899,109.68.146.0,255.255.255.0,5405
215583,109.68.148.0,255.255.255.0,5405
50031,109.69.112.0,255.255.248.0,39392
198554,109.70.58.0,255.255.255.0,6939
29067,109.70.108.0,255.255.255.0,6939
25358,109.70.168.0,255.255.248.0,8218
213053,109.70.238.0,255.255.255.0,6939
50128,109.71.64.0,255.255.248.0,39392
39602,109.71.76.0,255.255.255.0,39392
31572,109.71.216.0,255.255.248.0,5405
49823,109.72.208.0,255.255.240.0,39392
49863,109.72.240.0,255.255.240.0,6939
49674,109.73.128.0,255.255.252.0,5405
196843,109.73.208.0,255.255.240.0,39392
51336,109.73.240.0,255.255.254.0,6939
204179,109.74.24.0,255.255.254.0,39392
206874,109.74.82.0,255.255.254.0,8218
8478,109.74.176.0,255.255.240.0,6939
47139,109.75.48.0,255.255.240.0,6939
39886,109.94.32.0,255.255.224.0,39392
213306,109.94.102.0,255.255.254.0,5405
56460,109.94.128.0,255.255.252.0,22356
50086,109.94.240.0,255.255.240.0,39392
50241,109.95.80.0,255.255.248.0,5405
212176,109.95.141.0,255.255.255.0,5405
48896,109.95.152.0,255.255.248.0,6939
196891,109.95.176.0,255.255.248.0,5405
50471,109.95.216.0,255.255.248.0,6939
2603,109.105.96.0,255.255.240.0,6939
51497,109.105.152.0,255.255.252.0,5405
15958,109.106.224.0,255.255.240.0,6939
50977,109.107.104.0,255.255.255.0,39392
210483,109.107.130.0,255.255.255.0,6939
213369,109.107.162.0,255.255.254.0,6939
50050,109.109.0.0,255.255.248.0,5405
271799,109.110.190.0,255.255.255.0,6939
209156,109.121.135.0,255.255.255.0,6939
47872,109.121.152.0,255.255.255.0,6939
203345,109.122.8.0,255.255.255.0,6939
58056,109.123.0.0,255.255.192.0,6939
203567,109.125.252.0,255.255.255.0,5405
204210,109.160.11.0,255.255.255.0,5405
44313,109.160.100.0,255.255.252.0,6939
60913,109.167.252.0,255.255.255.0,6939
25108,109.169.63.0,255.255.255.0,6939
50999,109.171.128.0,255.255.128.0,6939
216096,109.175.210.0,255.255.255.0,6939
215628,109.175.234.0,255.255.255.0,39392
210246,109.196.32.0,255.255.248.0,39392
196883,109.196.112.0,255.255.240.0,5405
50672,109.197.24.0,255.255.248.0,6939
61134,109.197.35.0,255.255.255.0,6939
50604,109.197.80.0,255.255.248.0,39392
50661,109.197.96.0,255.255.248.0,39392
50620,109.197.104.0,255.255.248.0,39392
50705,109.197.168.0,255.255.248.0,6939
198277,109.197.184.0,255.255.248.0,39392
25526,109.197.216.0,255.255.248.0,5405
50698,109.202.64.0,255.255.224.0,39392
198213,109.202.120.0,255.255.255.0,39392
25096,109.202.160.0,255.255.224.0,6939
215114,109.205.8.0,255.255.255.0,22356
206460,109.205.16.0,255.255.248.0,39392
20545,109.205.40.0,255.255.252.0,6939
202844,109.205.136.0,255.255.252.0,6939
202499,109.205.194.0,255.255.255.0,5405
50610,109.205.232.0,255.255.248.0,6939
199665,109.205.241.0,255.255.255.0,39392
41966,109.206.192.0,255.255.224.0,39392
200680,109.207.68.0,255.255.254.0,5405
50550,109.207.96.0,255.255.255.0,6939
201925,109.207.104.0,255.255.255.0,6939
196740,109.207.112.0,255.255.240.0,6939
214707,109.224.208.0,255.255.248.0,6939
44882,109.230.128.0,255.255.224.0,6939
61296,109.231.128.0,255.255.192.0,39392
50299,109.232.104.0,255.255.252.0,6939
196865,109.232.136.0,255.255.248.0,209531
201225,109.232.160.0,255.255.255.0,6939
50287,109.232.182.0,255.255.255.0,6939
50234,109.232.192.0,255.255.248.0,39392
51464,109.232.248.0,255.255.248.0,6939
50270,109.233.0.0,255.255.248.0,6939
56474,109.233.8.0,255.255.252.0,6939
48847,109.233.16.0,255.255.248.0,39392
212694,109.233.40.0,255.255.248.0,6939
196874,109.233.80.0,255.255.248.0,6939
58082,109.233.129.0,255.255.255.0,209531
50332,109.233.136.0,255.255.248.0,39392
196897,109.234.144.0,255.255.254.0,1764
50377,109.234.244.0,255.255.255.0,39392
41528,109.235.174.0,255.255.254.0,39392
51057,109.235.232.0,255.255.248.0,39392
211391,109.236.168.0,255.255.248.0,209531
8774,109.237.0.0,255.255.252.0,6939
199811,109.237.60.0,255.255.252.0,6939
198691,109.245.31.0,255.255.255.0,5405
41500,109.248.63.0,255.255.255.0,5405
209343,109.248.130.0,255.255.255.0,6939
200634,109.248.216.0,255.255.255.0,5405
200722,109.248.218.0,255.255.255.0,6939
49490,109.248.232.0,255.255.254.0,6939
204917,109.248.245.0,255.255.255.0,39392
17993,110.5.112.0,255.255.252.0,6939
55714,110.34.33.0,255.255.255.0,6939
45546,110.35.72.0,255.255.248.0,5405
9999,110.44.20.0,255.255.252.0,39392
24206,110.44.168.0,255.255.255.0,6939
7682,110.50.88.0,255.255.248.0,6939
9293,110.79.0.0,255.255.0.0,5405
55808,110.164.135.0,255.255.255.0,6939
7664,110.172.48.0,255.255.252.0,39392
56035,110.173.228.0,255.255.255.0,6939
17667,110.238.0.0,255.255.254.0,39392
23841,111.31.196.0,255.255.255.0,6939
38710,111.88.233.0,255.255.255.0,6939
55655,111.92.161.0,255.255.255.0,24482
23671,111.92.164.0,255.255.255.0,24482
7632,111.95.244.0,255.255.254.0,6939
138423,111.119.175.0,255.255.255.0,6939
45713,111.221.40.0,255.255.255.0,24482
208913,111.235.150.0,255.255.255.0,6939
24521,112.109.16.0,255.255.248.0,6939
23749,112.213.64.0,255.255.255.0,6939
17885,112.215.7.0,255.255.255.0,5405
7565,113.11.0.0,255.255.128.0,6939
9241,113.20.64.0,255.255.224.0,6939
45716,113.20.136.0,255.255.255.0,6939
9584,113.21.184.0,255.255.255.0,6939
45496,113.29.252.0,255.255.252.0,6939
138627,113.30.129.0,255.255.255.0,6939
45296,113.59.232.0,255.255.255.0,6939
152060,113.192.0.0,255.255.255.0,6939
152186,113.192.62.0,255.255.255.0,22356
18026,113.198.160.0,255.255.248.0,6939
23818,113.212.104.0,255.255.255.0,39392
24413,114.28.229.0,255.255.255.0,39392
10126,114.30.32.0,255.255.240.0,39392
18034,114.70.170.0,255.255.254.0,6939
24572,114.110.48.0,255.255.240.0,39392
146762,114.111.180.0,255.255.255.0,6939
17806,114.130.0.0,255.255.128.0,6939
58778,114.130.46.0,255.255.255.0,5405
45588,114.130.128.0,255.255.255.0,39392
38770,114.134.64.0,255.255.248.0,39392
17895,114.198.128.0,255.255.224.0,24482
24525,114.199.96.0,255.255.255.0,24482
37897,115.31.192.0,255.255.240.0,39392
10089,115.67.0.0,255.255.255.0,6939
133543,115.67.8.0,255.255.248.0,6939
146984,115.69.236.0,255.255.255.0,39392
7521,115.69.237.0,255.255.255.0,39392
38644,115.69.238.0,255.255.255.0,39392
131079,115.69.239.0,255.255.255.0,39392
56123,115.124.8.0,255.255.248.0,6939
7687,115.126.144.0,255.255.240.0,6939
24342,115.127.0.0,255.255.128.0,6939
10195,115.144.35.0,255.255.255.0,6939
9686,115.145.0.0,255.255.128.0,6939
17886,115.146.112.0,255.255.255.0,6939
24277,115.166.160.0,255.255.224.0,6939
38783,115.178.48.0,255.255.255.0,24482
137346,115.178.123.0,255.255.255.0,6939
9794,115.178.128.0,255.255.255.0,6939
10004,115.179.57.0,255.255.255.0,6939
141023,115.186.47.0,255.255.255.0,6939
136198,116.19.103.0,255.255.255.0,6939
17563,116.58.8.0,255.255.255.0,6939
38154,116.58.193.0,255.255.255.0,6939
151645,116.66.240.0,255.255.255.0,263444
23923,116.68.192.0,255.255.240.0,6939
63515,116.193.188.0,255.255.255.0,24482
9627,116.193.192.0,255.255.255.0,6939
24023,116.197.180.0,255.255.255.0,5405
152093,116.199.200.0,255.255.254.0,6939
17889,116.212.64.0,255.255.248.0,6939
38712,116.212.104.0,255.255.248.0,6939
9785,116.213.58.0,255.255.254.0,6939
7468,116.214.110.0,255.255.254.0,6939
24033,116.250.0.0,255.255.0.0,6939
24233,116.255.42.0,255.255.255.0,5405
152769,117.18.16.0,255.255.252.0,24482
215915,117.18.102.0,255.255.255.0,39392
38808,117.18.240.0,255.255.240.0,39392
9340,117.54.0.0,255.255.0.0,6939
38523,117.74.112.0,255.255.255.0,6939
56234,117.103.68.0,255.255.255.0,6939
10118,117.103.144.0,255.255.240.0,24482
38506,117.103.168.0,255.255.248.0,24482
10229,117.104.191.0,255.255.255.0,6939
23666,117.104.192.0,255.255.255.0,6939
23962,117.122.116.0,255.255.252.0,5405
23899,117.122.120.0,255.255.252.0,5405
24066,117.122.124.0,255.255.252.0,5405
138407,117.135.194.0,255.255.255.0,6939
58791,118.27.224.0,255.255.240.0,5405
7712,118.67.200.0,255.255.252.0,6939
38146,118.82.5.0,255.255.255.0,24482
24195,118.91.128.0,255.255.252.0,6939
63502,118.91.141.0,255.255.255.0,6939
38525,118.91.224.0,255.255.248.0,6939
17990,118.103.246.0,255.255.255.0,24482
140881,118.143.172.0,255.255.255.0,6939
46031,118.151.212.0,255.255.255.0,24482
23816,118.151.224.0,255.255.224.0,6939
23956,118.179.32.0,255.255.224.0,6939
59045,118.191.128.0,255.255.255.0,6939
24278,118.238.128.0,255.255.192.0,6939
10217,119.11.128.0,255.255.128.0,6939
23854,119.15.64.0,255.255.255.0,5405
45306,119.15.135.0,255.255.255.0,6939
23892,119.63.67.0,255.255.255.0,24482
18218,119.63.96.0,255.255.240.0,24482
9615,119.63.112.0,255.255.240.0,6939
10029,119.82.64.0,255.255.248.0,39392
24213,119.82.224.0,255.255.252.0,6939
45147,119.110.112.0,255.255.255.0,6939
9749,119.224.144.0,255.255.240.0,6939
45146,119.235.248.0,255.255.255.0,39392
38764,120.29.224.0,255.255.255.0,6939
138654,120.88.96.0,255.255.255.0,6939
24207,120.89.92.0,255.255.255.0,24482
1659,120.96.0.0,255.224.0.0,6939
17716,120.96.0.0,255.255.224.0,6939
9916,120.126.32.0,255.255.224.0,6939
55855,121.52.200.0,255.255.248.0,22356
9957,121.78.0.0,255.255.255.0,6939
55573,121.200.215.0,255.255.255.0,6939
38809,121.200.224.0,255.255.240.0,6939
7656,122.10.204.0,255.255.255.0,6939
38522,122.49.224.0,255.255.255.0,6939
38763,122.129.200.0,255.255.255.0,6939
135566,122.155.26.0,255.255.255.0,6939
9301,122.200.164.0,255.255.255.0,6939
10083,122.200.172.0,255.255.255.0,6939
24324,122.200.176.0,255.255.240.0,5405
141142,122.248.35.0,255.255.255.0,6939
18077,122.250.0.0,255.254.0.0,6939
38286,122.252.176.0,255.255.248.0,6939
56054,123.0.16.0,255.255.240.0,6939
45510,123.51.105.0,255.255.255.0,6939
23871,123.108.69.0,255.255.255.0,5405
9231,123.136.7.0,255.255.255.0,24482
38227,123.176.72.0,255.255.252.0,5405
38450,123.242.128.0,255.255.192.0,6939
153726,123.253.226.0,255.255.255.0,6939
4641,123.255.96.0,255.255.224.0,6939
38256,124.6.224.0,255.255.255.0,6939
139721,124.73.136.0,255.255.248.0,6939
38328,124.109.24.0,255.255.248.0,6939
270824,124.198.128.0,255.255.254.0,263444
17961,124.241.0.0,255.255.192.0,6939
37892,124.247.0.0,255.255.128.0,6939
23575,125.61.0.0,255.255.128.0,6939
38797,125.62.224.0,255.255.255.0,6939
9814,125.98.122.0,255.255.255.0,6939
38888,125.213.224.0,255.255.224.0,6939
9942,125.254.0.0,255.255.224.0,6939
37904,126.209.94.0,255.255.255.0,39392
56417,128.0.2.0,255.255.255.0,5405
199265,128.0.37.0,255.255.255.0,39392
60905,128.0.48.0,255.255.255.0,39392
16,128.3.0.0,255.255.0.0,6939
46,128.6.0.0,255.255.0.0,6939
4,128.9.0.0,255.255.240.0,6939
1341,128.13.48.0,255.255.255.0,39392
27138,128.26.15.0,255.255.255.0,39392
27139,128.26.20.0,255.255.255.0,39392
27137,128.26.25.0,255.255.255.0,39392
10879,128.35.0.0,255.255.128.0,6939
8,128.42.0.0,255.255.0.0,6939
72,128.58.0.0,255.255.0.0,6939
55,128.91.0.0,255.255.0.0,6939
270,128.102.0.0,255.255.0.0,6939
81,128.109.0.0,255.255.0.0,6939
12,128.122.0.0,255.255.0.0,24482
198240,128.127.0.0,255.255.248.0,39392
8582,128.127.152.0,255.255.252.0,39392
160,128.135.0.0,255.255.0.0,6939
378,128.139.0.0,255.255.0.0,6939
198111,128.140.144.0,255.255.248.0,6939
57365,128.140.200.0,255.255.248.0,39392
513,128.141.0.0,255.255.0.0,6939
159,128.146.0.0,255.255.0.0,6939
122,128.147.0.0,255.255.0.0,6939
297,128.156.0.0,255.255.0.0,6939
11039,128.164.0.0,255.255.0.0,6939
16989,128.169.0.0,255.255.0.0,39392
6360,128.171.0.0,255.255.0.0,6939
21534,128.177.14.0,255.255.255.0,6939
19755,128.177.102.0,255.255.255.0,39392
111,128.197.0.0,255.255.0.0,6939
263405,128.201.0.0,255.255.252.0,6939
271046,128.201.12.0,255.255.252.0,22356
266637,128.201.16.0,255.255.254.0,22356
266611,128.201.28.0,255.255.252.0,22356
271258,128.201.32.0,255.255.254.0,263444
266651,128.201.40.0,255.255.252.0,39392
266616,128.201.44.0,255.255.252.0,22356
266636,128.201.56.0,255.255.255.0,22356
266623,128.201.76.0,255.255.252.0,22356
265741,128.201.80.0,255.255.252.0,39392
266620,128.201.84.0,255.255.254.0,6939
265745,128.201.88.0,255.255.252.0,6939
263903,128.201.96.0,255.255.252.0,22356
266625,128.201.104.0,255.255.252.0,22356
265771,128.201.108.0,255.255.252.0,22356
265743,128.201.116.0,255.255.252.0,6939
262532,128.201.120.0,255.255.252.0,6939
266649,128.201.124.0,255.255.255.0,22356
266630,128.201.136.0,255.255.252.0,6939
266631,128.201.140.0,255.255.252.0,263444
266633,128.201.152.0,255.255.252.0,22356
266635,128.201.156.0,255.255.252.0,22356
28198,128.201.176.0,255.255.252.0,6939
266644,128.201.180.0,255.255.254.0,22356
265886,128.201.192.0,255.255.252.0,22356
266650,128.201.216.0,255.255.252.0,22356
28277,128.201.220.0,255.255.252.0,22356
274550,128.201.223.0,255.255.255.0,22356
5723,128.220.0.0,255.255.0.0,6939
3527,128.231.0.0,255.255.0.0,6939
22950,128.233.0.0,255.255.0.0,6939
4246,128.235.0.0,255.255.0.0,6939
77,128.244.0.0,255.255.0.0,6939
302,128.249.0.0,255.255.0.0,6939
400200,128.254.128.0,255.255.252.0,6939
400426,128.254.136.0,255.255.255.0,6939
62807,128.254.168.0,255.255.252.0,39392
3676,128.255.0.0,255.255.0.0,6939
156,129.10.0.0,255.255.0.0,6939
34878,129.13.0.0,255.255.0.0,39392
14041,129.19.0.0,255.255.0.0,6939
12145,129.19.0.0,255.255.192.0,6939
4385,129.21.0.0,255.255.0.0,6939
32666,129.22.0.0,255.255.0.0,6939
3778,129.32.0.0,255.255.0.0,6939
204764,129.35.23.0,255.255.255.0,6939
209394,129.35.70.0,255.255.254.0,6939
16807,129.42.5.0,255.255.255.0,39392
5719,129.49.0.0,255.255.0.0,6939
37918,129.60.0.0,255.255.0.0,39392
3464,129.66.0.0,255.255.0.0,6939
7925,129.71.0.0,255.255.0.0,6939
26577,129.86.0.0,255.255.0.0,6939
11995,129.95.0.0,255.255.254.0,6939
17324,129.98.0.0,255.255.0.0,6939
1103,129.125.0.0,255.255.0.0,6939
20126,129.137.0.0,255.255.0.0,6939
8111,129.173.0.0,255.255.0.0,6939
11279,129.174.0.0,255.255.128.0,6939
7973,129.176.0.0,255.255.0.0,6939
201479,129.185.112.0,255.255.254.0,4455
12816,129.187.0.0,255.255.0.0,39392
37628,129.205.64.0,255.255.240.0,22356
57388,130.0.24.0,255.255.248.0,6939
22284,130.11.0.0,255.255.0.0,6939
50842,130.12.241.0,255.255.255.0,5405
395915,130.12.255.0,255.255.255.0,6939
70,130.14.0.0,255.255.0.0,6939
16614,130.51.156.0,255.255.252.0,6939
63297,130.51.184.0,255.255.252.0,6939
198551,130.93.180.0,255.255.252.0,8218
24437,130.95.0.0,255.255.0.0,6939
600,130.108.0.0,255.255.0.0,6939
200108,130.117.235.0,255.255.255.0,39392
199325,130.117.239.0,255.255.255.0,39392
1842,130.118.152.0,255.255.255.0,6939
1715,130.120.0.0,255.255.0.0,6939
9433,130.123.0.0,255.255.0.0,6939
2153,130.150.12.0,255.255.254.0,6939
567,130.152.185.0,255.255.255.0,5405
21976,130.156.0.0,255.255.0.0,6939
40267,130.156.50.0,255.255.255.0,6939
17001,130.179.0.0,255.255.0.0,6939
57568,130.185.120.0,255.255.252.0,5405
200799,130.193.1.0,255.255.255.0,6939
212665,130.193.28.0,255.255.255.0,6939
8916,130.193.30.0,255.255.255.0,39392
49396,130.193.78.0,255.255.255.0,6939
197518,130.193.104.0,255.255.248.0,6939
23905,130.195.0.0,255.255.224.0,6939
766,130.206.0.0,255.255.0.0,6939
15474,130.208.0.0,255.255.0.0,6939
1835,130.225.0.0,255.255.0.0,6939
2839,130.229.128.0,255.255.192.0,6939
394901,130.250.0.0,255.255.240.0,5405
33691,130.250.48.0,255.255.240.0,5405
394896,130.250.176.0,255.255.252.0,6939
394899,130.250.192.0,255.255.255.0,39392
22634,130.254.64.0,255.255.224.0,49544
198185,130.255.8.0,255.255.248.0,6939
58323,130.255.20.0,255.255.252.0,39392
197927,130.255.174.0,255.255.255.0,6939
61855,131.0.4.0,255.255.252.0,22356
28604,131.0.24.0,255.255.252.0,6939
262621,131.0.44.0,255.255.252.0,22356
61704,131.0.60.0,255.255.252.0,22356
61871,131.0.92.0,255.255.252.0,263444
263649,131.0.96.0,255.255.252.0,263444
61700,131.0.112.0,255.255.252.0,22356
262744,131.0.120.0,255.255.252.0,39392
52232,131.0.128.0,255.255.255.0,22356
14117,131.0.172.0,255.255.252.0,22356
61719,131.0.192.0,255.255.252.0,22356
61729,131.0.204.0,255.255.252.0,22356
28613,131.0.216.0,255.255.255.0,6939
52965,131.0.224.0,255.255.252.0,22356
61470,131.0.232.0,255.255.252.0,22356
262380,131.0.240.0,255.255.252.0,263444
61714,131.0.244.0,255.255.255.0,22356
27046,131.70.4.0,255.255.255.0,39392
28075,131.72.0.0,255.255.255.0,22356
61713,131.72.16.0,255.255.252.0,22356
52455,131.72.24.0,255.255.252.0,22356
61711,131.72.32.0,255.255.252.0,263444
52545,131.72.48.0,255.255.252.0,263444
273474,131.72.52.0,255.255.252.0,22356
53231,131.72.60.0,255.255.254.0,22356
61758,131.72.68.0,255.255.254.0,22356
28038,131.72.72.0,255.255.252.0,39392
264811,131.72.76.0,255.255.252.0,39392
28294,131.72.84.0,255.255.254.0,22356
61646,131.72.100.0,255.255.252.0,22356
61732,131.72.104.0,255.255.252.0,263444
61727,131.72.124.0,255.255.252.0,6939
61744,131.72.128.0,255.255.252.0,6939
28670,131.72.144.0,255.255.252.0,263444
61745,131.72.152.0,255.255.252.0,6939
61731,131.72.160.0,255.255.252.0,6939
269918,131.72.168.0,255.255.252.0,6939
61737,131.72.180.0,255.255.252.0,22356
61750,131.72.184.0,255.255.252.0,6939
262809,131.72.200.0,255.255.252.0,22356
262150,131.72.204.0,255.255.255.0,22356
13591,131.72.212.0,255.255.252.0,6939
262352,131.72.216.0,255.255.252.0,22356
262393,131.72.244.0,255.255.254.0,22356
52751,131.72.248.0,255.255.252.0,22356
61751,131.72.252.0,255.255.252.0,263444
5974,131.77.0.0,255.255.0.0,39392
270896,131.100.4.0,255.255.254.0,22356
61752,131.100.12.0,255.255.252.0,22356
271758,131.100.28.0,255.255.252.0,22356
27800,131.100.36.0,255.255.252.0,6939
61754,131.100.40.0,255.255.252.0,22356
61748,131.100.52.0,255.255.252.0,263444
262323,131.100.56.0,255.255.252.0,263444
53143,131.100.68.0,255.255.252.0,263444
61759,131.100.80.0,255.255.252.0,22356
11664,131.100.108.0,255.255.252.0,39392
52866,131.100.128.0,255.255.252.0,6939
61637,131.100.132.0,255.255.252.0,6939
264381,131.100.144.0,255.255.252.0,262355
27665,131.100.160.0,255.255.252.0,6939
61648,131.100.176.0,255.255.252.0,263444
262187,131.100.180.0,255.255.252.0,22356
53196,131.100.196.0,255.255.252.0,263444
271683,131.100.200.0,255.255.252.0,6939
273409,131.100.204.0,255.255.252.0,39392
61653,131.100.224.0,255.255.252.0,263444
61686,131.100.234.0,255.255.254.0,39392
61668,131.100.248.0,255.255.252.0,6939
61657,131.100.252.0,255.255.252.0,22356
33845,131.102.0.0,255.255.0.0,5405
61487,131.108.0.0,255.255.252.0,22356
263424,131.108.8.0,255.255.252.0,263444
61659,131.108.28.0,255.255.252.0,22356
264367,131.108.32.0,255.255.252.0,6939
61680,131.108.64.0,255.255.252.0,263444
18747,131.108.68.0,255.255.252.0,22356
61665,131.108.72.0,255.255.252.0,22356
61666,131.108.76.0,255.255.255.0,22356
262521,131.108.84.0,255.255.254.0,22356
61672,131.108.100.0,255.255.252.0,22356
61673,131.108.120.0,255.255.252.0,263444
264354,131.108.128.0,255.255.252.0,6939
61490,131.108.140.0,255.255.255.0,22356
61681,131.108.156.0,255.255.252.0,263444
61678,131.108.164.0,255.255.252.0,6939
10299,131.108.168.0,255.255.252.0,6939
22381,131.108.184.0,255.255.252.0,263444
262691,131.108.200.0,255.255.252.0,22356
264351,131.108.212.0,255.255.254.0,22356
64126,131.108.236.0,255.255.252.0,6939
264355,131.108.240.0,255.255.252.0,263444
52928,131.108.244.0,255.255.252.0,22356
9367,131.112.0.0,255.255.0.0,39392
6059,131.118.0.0,255.255.0.0,6939
11050,131.123.0.0,255.255.0.0,6939
3112,131.123.236.0,255.255.252.0,6939
40776,131.143.20.0,255.255.255.0,6939
15280,131.143.43.0,255.255.255.0,39392
200454,131.143.87.0,255.255.255.0,6939
2728,131.143.232.0,255.255.254.0,6939
207134,131.153.40.0,255.255.254.0,6939
11417,131.156.0.0,255.255.0.0,6939
264360,131.161.28.0,255.255.252.0,22356
52564,131.161.36.0,255.255.255.0,22356
52674,131.161.40.0,255.255.252.0,6939
265144,131.161.44.0,255.255.255.0,22356
264369,131.161.64.0,255.255.252.0,263444
262355,131.161.72.0,255.255.252.0,262355
270777,131.161.119.0,255.255.255.0,263444
264387,131.161.124.0,255.255.255.0,22356
264378,131.161.128.0,255.255.252.0,263444
262293,131.161.132.0,255.255.252.0,263444
263077,131.161.140.0,255.255.252.0,22356
61812,131.161.160.0,255.255.252.0,6939
264384,131.161.176.0,255.255.252.0,22356
52720,131.161.196.0,255.255.252.0,22356
263258,131.161.204.0,255.255.254.0,22356
264401,131.161.212.0,255.255.252.0,6939
264393,131.161.216.0,255.255.252.0,262355
264404,131.161.228.0,255.255.252.0,263444
263687,131.161.236.0,255.255.252.0,39392
28103,131.161.252.0,255.255.255.0,22356
2025,131.183.0.0,255.255.0.0,6939
54676,131.187.132.0,255.255.252.0,6939
26247,131.187.224.0,255.255.248.0,6939
26898,131.187.248.0,255.255.252.0,6939
14677,131.191.0.0,255.255.128.0,6939
265890,131.196.4.0,255.255.252.0,22356
265903,131.196.20.0,255.255.255.0,22356
271410,131.196.28.0,255.255.252.0,263444
262189,131.196.39.0,255.255.255.0,22356
265894,131.196.48.0,255.255.254.0,22356
265976,131.196.64.0,255.255.252.0,22356
262509,131.196.76.0,255.255.252.0,22356
265907,131.196.84.0,255.255.252.0,263444
262756,131.196.88.0,255.255.252.0,263444
262813,131.196.92.0,255.255.255.0,22356
265918,131.196.104.0,255.255.255.0,263444
265923,131.196.128.0,255.255.252.0,22356
265928,131.196.132.0,255.255.252.0,22356
265943,131.196.160.0,255.255.252.0,263444
265914,131.196.164.0,255.255.252.0,263444
265757,131.196.176.0,255.255.252.0,22356
265927,131.196.216.0,255.255.252.0,22356
265985,131.196.220.0,255.255.252.0,22356
266006,131.196.224.0,255.255.254.0,262355
265996,131.196.232.0,255.255.252.0,22356
273703,131.196.236.0,255.255.252.0,22356
265931,131.196.240.0,255.255.252.0,263444
3128,131.210.0.0,255.255.0.0,6939
7727,131.221.8.0,255.255.252.0,6939
262765,131.221.56.0,255.255.252.0,39392
52566,131.221.72.0,255.255.252.0,22356
264424,131.221.108.0,255.255.252.0,263444
52937,131.221.116.0,255.255.252.0,22356
264416,131.221.120.0,255.255.252.0,6939
264428,131.221.124.0,255.255.252.0,263444
264434,131.221.160.0,255.255.252.0,22356
27901,131.221.164.0,255.255.255.0,39392
264422,131.221.172.0,255.255.255.0,22356
264425,131.221.184.0,255.255.252.0,22356
264426,131.221.188.0,255.255.252.0,22356
264442,131.221.192.0,255.255.252.0,22356
262316,131.221.200.0,255.255.252.0,263444
28658,131.221.208.0,255.255.252.0,22356
264444,131.221.224.0,255.255.252.0,6939
264439,131.221.236.0,255.255.252.0,22356
264427,131.221.240.0,255.255.252.0,6939
264440,131.221.244.0,255.255.252.0,22356
52900,131.221.252.0,255.255.252.0,6939
22794,131.226.136.0,255.255.248.0,6939
203724,131.229.128.0,255.255.255.0,22356
205272,131.229.140.0,255.255.255.0,39392
32234,131.238.0.0,255.255.0.0,6939
199578,131.246.0.0,255.255.0.0,6939
5661,131.247.0.0,255.255.0.0,6939
27065,131.250.242.0,255.255.255.0,39392
6366,131.252.0.0,255.255.0.0,6939
61493,131.255.4.0,255.255.255.0,22356
263741,131.255.12.0,255.255.252.0,22356
27693,131.255.24.0,255.255.252.0,263444
264448,131.255.28.0,255.255.252.0,22356
264449,131.255.32.0,255.255.252.0,22356
264450,131.255.36.0,255.255.252.0,22356
61893,131.255.44.0,255.255.252.0,263444
262675,131.255.52.0,255.255.252.0,262355
264518,131.255.76.0,255.255.252.0,6939
264470,131.255.80.0,255.255.252.0,22356
263468,131.255.96.0,255.255.252.0,22356
28165,131.255.100.0,255.255.252.0,22356
271761,131.255.104.0,255.255.252.0,22356
52783,131.255.116.0,255.255.252.0,22356
271673,131.255.130.0,255.255.255.0,22356
262417,131.255.132.0,255.255.252.0,263444
264485,131.255.144.0,255.255.252.0,22356
264503,131.255.148.0,255.255.252.0,22356
264493,131.255.156.0,255.255.252.0,22356
264490,131.255.160.0,255.255.252.0,263444
262470,131.255.168.0,255.255.252.0,22356
262491,131.255.172.0,255.255.252.0,22356
264491,131.255.176.0,255.255.252.0,263444
263715,131.255.180.0,255.255.252.0,22356
264492,131.255.184.0,255.255.252.0,22356
262210,131.255.192.0,255.255.252.0,6939
28265,131.255.196.0,255.255.252.0,22356
262546,131.255.200.0,255.255.252.0,22356
263582,131.255.204.0,255.255.252.0,6939
262979,131.255.208.0,255.255.255.0,262355
264498,131.255.212.0,255.255.252.0,22356
264496,131.255.224.0,255.255.252.0,22356
264500,131.255.228.0,255.255.252.0,22356
262318,131.255.236.0,255.255.252.0,6939
264297,131.255.252.0,255.255.252.0,22356
2665,132.156.0.0,255.255.0.0,6939
21575,132.157.0.0,255.255.0.0,39392
2818,132.185.0.0,255.255.0.0,39392
1351,132.198.0.0,255.255.0.0,6939
278,132.247.0.0,255.255.0.0,6939
27839,132.251.224.0,255.255.248.0,39392
265823,132.255.8.0,255.255.252.0,22356
263586,132.255.16.0,255.255.252.0,22356
262286,132.255.24.0,255.255.252.0,262355
264461,132.255.28.0,255.255.252.0,263444
264455,132.255.36.0,255.255.252.0,22356
264452,132.255.48.0,255.255.252.0,22356
264462,132.255.52.0,255.255.252.0,22356
264453,132.255.56.0,255.255.252.0,263444
52840,132.255.60.0,255.255.252.0,22356
28667,132.255.64.0,255.255.252.0,6939
264463,132.255.72.0,255.255.252.0,262355
264464,132.255.80.0,255.255.252.0,22356
264459,132.255.92.0,255.255.252.0,22356
1916,132.255.96.0,255.255.252.0,6939
263355,132.255.104.0,255.255.252.0,22356
264477,132.255.108.0,255.255.252.0,263444
52436,132.255.112.0,255.255.252.0,22356
264473,132.255.116.0,255.255.252.0,263444
53223,132.255.140.0,255.255.252.0,22356
53085,132.255.148.0,255.255.252.0,22356
262404,132.255.156.0,255.255.252.0,22356
264516,132.255.160.0,255.255.252.0,263444
264517,132.255.172.0,255.255.252.0,263444
53048,132.255.176.0,255.255.252.0,263444
263040,132.255.180.0,255.255.252.0,39392
264510,132.255.184.0,255.255.254.0,263444
264513,132.255.196.0,255.255.252.0,22356
264635,132.255.208.0,255.255.255.0,22356
264521,132.255.212.0,255.255.252.0,263444
262978,132.255.220.0,255.255.252.0,22356
264512,132.255.228.0,255.255.252.0,263444
61588,132.255.240.0,255.255.252.0,263444
264519,132.255.244.0,255.255.252.0,22356
262605,132.255.252.0,255.255.252.0,6939
2500,133.4.128.0,255.255.192.0,39392
23630,133.32.112.0,255.255.248.0,6939
131969,133.88.20.0,255.255.252.0,39392
146986,133.88.28.0,255.255.255.0,39392
131921,133.117.148.0,255.255.252.0,39392
63802,133.131.0.0,255.255.0.0,6939
151386,133.223.15.0,255.255.255.0,39392
23820,133.237.0.0,255.255.0.0,6939
4675,133.247.80.0,255.255.248.0,39392
47708,134.25.0.0,255.255.0.0,39392
22968,134.53.0.0,255.255.0.0,6939
293,134.55.0.0,255.255.0.0,6939
27263,134.65.160.0,255.255.252.0,6939
1237,134.75.0.0,255.255.0.0,6939
17579,134.75.1.0,255.255.255.0,24482
207592,134.76.0.0,255.255.0.0,39392
198380,134.90.240.0,255.255.248.0,6939
2857,134.93.0.0,255.255.0.0,6939
50533,134.101.64.0,255.255.224.0,5405
6471,134.162.99.0,255.255.255.0,6939
11340,134.171.169.0,255.255.255.0,22356
40127,134.174.0.0,255.255.0.0,6939
399998,134.195.6.0,255.255.255.0,39392
36127,134.195.52.0,255.255.255.0,6939
54613,134.195.76.0,255.255.255.0,39392
12186,134.195.187.0,255.255.255.0,6939
62866,134.195.207.0,255.255.255.0,6939
1733,134.229.68.0,255.255.255.0,39392
27066,134.229.134.0,255.255.255.0,39392
210,134.250.0.0,255.255.0.0,6939
38016,135.92.55.0,255.255.255.0,4455
19165,136.24.0.0,255.255.0.0,6939
215601,136.144.30.0,255.255.255.0,6939
19399,136.155.0.0,255.255.0.0,6939
36124,136.175.48.0,255.255.255.0,6939
62902,136.175.126.0,255.255.255.0,39392
54746,136.175.130.0,255.255.255.0,6939
397860,136.175.248.0,255.255.252.0,39392
15320,136.223.177.0,255.255.255.0,39392
395379,136.228.64.0,255.255.224.0,39392
53449,136.228.96.0,255.255.224.0,39392
5488,136.238.196.0,255.255.255.0,5405
3477,137.75.64.0,255.255.192.0,6939
16550,137.75.122.0,255.255.255.0,6939
26100,137.75.124.0,255.255.252.0,6939
13837,137.83.22.0,255.255.255.0,39392
40956,137.83.77.0,255.255.255.0,6939
13427,137.83.103.0,255.255.255.0,6939
19464,137.113.0.0,255.255.0.0,6939
21515,137.119.26.0,255.255.254.0,6939
52668,137.133.0.0,255.255.255.0,39392
7860,137.149.0.0,255.255.0.0,6939
36324,137.152.224.0,255.255.224.0,6939
36857,137.170.64.0,255.255.192.0,39392
12079,137.188.0.0,255.255.0.0,39392
15806,137.191.224.0,255.255.224.0,39392
199116,137.194.8.0,255.255.252.0,39392
10,137.196.4.0,255.255.255.0,22356
2018,137.214.0.0,255.255.0.0,6939
637,137.234.0.0,255.255.252.0,39392
3755,137.238.240.0,255.255.240.0,6939
7738,138.0.16.0,255.255.252.0,6939
264528,138.0.20.0,255.255.252.0,22356
264539,138.0.24.0,255.255.252.0,263444
262755,138.0.32.0,255.255.252.0,22356
264536,138.0.68.0,255.255.252.0,263444
264531,138.0.72.0,255.255.252.0,22356
53076,138.0.85.0,255.255.255.0,263444
273813,138.0.86.0,255.255.255.0,22356
264543,138.0.96.0,255.255.252.0,22356
262216,138.0.104.0,255.255.252.0,22356
264544,138.0.112.0,255.255.252.0,263444
264547,138.0.133.0,255.255.255.0,22356
264550,138.0.136.0,255.255.252.0,22356
264566,138.0.144.0,255.255.252.0,263444
52236,138.0.156.0,255.255.255.0,39392
264555,138.0.160.0,255.255.252.0,22356
271564,138.0.176.0,255.255.252.0,22356
263736,138.0.184.0,255.255.252.0,39392
28131,138.0.192.0,255.255.252.0,22356
263073,138.0.196.0,255.255.252.0,6939
264556,138.0.204.0,255.255.255.0,39392
264554,138.0.212.0,255.255.255.0,22356
264559,138.0.216.0,255.255.255.0,22356
264567,138.0.232.0,255.255.252.0,6939
263629,138.0.248.0,255.255.255.0,263444
32472,138.12.0.0,255.255.128.0,39392
6106,138.23.0.0,255.255.0.0,5405
4503,138.33.33.0,255.255.255.0,39392
264564,138.36.4.0,255.255.252.0,22356
263026,138.36.20.0,255.255.252.0,22356
14868,138.36.32.0,255.255.252.0,6939
264568,138.36.36.0,255.255.252.0,22356
264570,138.36.40.0,255.255.252.0,6939
262832,138.36.60.0,255.255.252.0,22356
61797,138.36.68.0,255.255.252.0,22356
264574,138.36.108.0,255.255.252.0,22356
264577,138.36.116.0,255.255.252.0,263444
264579,138.36.128.0,255.255.252.0,22356
264580,138.36.132.0,255.255.252.0,22356
28257,138.36.140.0,255.255.252.0,22356
263729,138.36.148.0,255.255.252.0,22356
52610,138.36.160.0,255.255.252.0,22356
262300,138.36.168.0,255.255.252.0,22356
52968,138.36.184.0,255.255.252.0,22356
262535,138.36.192.0,255.255.252.0,22356
264590,138.36.212.0,255.255.252.0,22356
264588,138.36.224.0,255.255.252.0,22356
61696,138.36.232.0,255.255.252.0,263444
264589,138.36.240.0,255.255.252.0,22356
262814,138.36.244.0,255.255.254.0,6939
61934,138.36.248.0,255.255.252.0,22356
395437,138.43.128.0,255.255.255.0,6939
27750,138.59.12.0,255.255.252.0,6939
270932,138.59.36.0,255.255.252.0,22356
264596,138.59.40.0,255.255.252.0,22356
264595,138.59.44.0,255.255.252.0,263444
264597,138.59.48.0,255.255.252.0,6939
52887,138.59.56.0,255.255.252.0,22356
22689,138.59.88.0,255.255.252.0,6939
262769,138.59.92.0,255.255.252.0,22356
27720,138.59.96.0,255.255.252.0,263444
28606,138.59.112.0,255.255.252.0,22356
53222,138.59.128.0,255.255.252.0,263444
263042,138.59.156.0,255.255.252.0,22356
270816,138.59.180.0,255.255.252.0,39392
264103,138.59.188.0,255.255.252.0,22356
264133,138.59.192.0,255.255.252.0,22356
264116,138.59.208.0,255.255.252.0,22356
264119,138.59.216.0,255.255.252.0,22356
264127,138.59.220.0,255.255.252.0,263444
263154,138.59.236.0,255.255.252.0,22356
52858,138.59.248.0,255.255.252.0,263444
7386,138.87.0.0,255.255.0.0,6939
52901,138.94.4.0,255.255.252.0,22356
28360,138.94.8.0,255.255.252.0,263444
266201,138.94.32.0,255.255.252.0,22356
264344,138.94.36.0,255.255.255.0,22356
264124,138.94.48.0,255.255.252.0,22356
264106,138.94.52.0,255.255.252.0,6939
264135,138.94.64.0,255.255.252.0,22356
263471,138.94.68.0,255.255.252.0,22356
262821,138.94.100.0,255.255.252.0,262355
264134,138.94.104.0,255.255.252.0,6939
273548,138.94.116.0,255.255.252.0,263444
61584,138.94.128.0,255.255.252.0,263444
264180,138.94.164.0,255.255.252.0,6939
264186,138.94.192.0,255.255.252.0,22356
262887,138.94.232.0,255.255.252.0,22356
265840,138.94.247.0,255.255.255.0,39392
262346,138.97.0.0,255.255.252.0,263444
53112,138.97.4.0,255.255.252.0,263444
52604,138.97.16.0,255.255.252.0,263444
264112,138.97.20.0,255.255.252.0,39392
264118,138.97.24.0,255.255.252.0,22356
264117,138.97.28.0,255.255.252.0,22356
61900,138.97.32.0,255.255.254.0,22356
264129,138.97.36.0,255.255.252.0,22356
264120,138.97.40.0,255.255.252.0,22356
262811,138.97.48.0,255.255.252.0,22356
264147,138.97.68.0,255.255.252.0,22356
271069,138.97.79.0,255.255.255.0,22356
264138,138.97.84.0,255.255.252.0,39392
264137,138.97.96.0,255.255.252.0,22356
264144,138.97.124.0,255.255.252.0,22356
267442,138.97.128.0,255.255.252.0,22356
262645,138.97.132.0,255.255.252.0,22356
266178,138.97.144.0,255.255.255.0,6939
264197,138.97.148.0,255.255.252.0,263444
264189,138.97.164.0,255.255.252.0,263444
264206,138.97.180.0,255.255.252.0,263444
264191,138.97.189.0,255.255.255.0,263444
264200,138.97.192.0,255.255.252.0,22356
264195,138.97.196.0,255.255.252.0,22356
264207,138.97.212.0,255.255.252.0,39392
264209,138.97.220.0,255.255.252.0,22356
264204,138.97.232.0,255.255.252.0,22356
264217,138.97.240.0,255.255.252.0,22356
264213,138.97.252.0,255.255.252.0,22356
264159,138.99.16.0,255.255.252.0,6939
61786,138.99.28.0,255.255.252.0,22356
263086,138.99.40.0,255.255.252.0,22356
262427,138.99.48.0,255.255.252.0,263444
28577,138.99.52.0,255.255.252.0,22356
52877,138.99.56.0,255.255.252.0,22356
264160,138.99.68.0,255.255.252.0,22356
52747,138.99.108.0,255.255.254.0,22356
262544,138.99.112.0,255.255.252.0,22356
270997,138.99.124.0,255.255.252.0,263444
263768,138.99.128.0,255.255.252.0,6939
264215,138.99.132.0,255.255.252.0,22356
271255,138.99.156.0,255.255.252.0,22356
264212,138.99.160.0,255.255.252.0,22356
264211,138.99.164.0,255.255.252.0,22356
61582,138.99.168.0,255.255.252.0,22356
273914,138.99.179.0,255.255.255.0,6939
52695,138.99.188.0,255.255.252.0,22356
264216,138.99.196.0,255.255.252.0,22356
52686,138.99.204.0,255.255.252.0,22356
27660,138.99.212.0,255.255.252.0,39392
262374,138.99.244.0,255.255.252.0,6939
28130,138.99.248.0,255.255.252.0,6939
263589,138.99.252.0,255.255.252.0,262355
9593,138.101.0.0,255.255.0.0,39392
27984,138.117.20.0,255.255.252.0,6939
263321,138.117.24.0,255.255.252.0,22356
273363,138.117.46.0,255.255.254.0,263444
28258,138.117.72.0,255.255.252.0,6939
263774,138.117.76.0,255.255.252.0,22356
262387,138.117.100.0,255.255.252.0,22356
17069,138.117.112.0,255.255.255.0,22356
262820,138.117.120.0,255.255.252.0,263444
61572,138.117.132.0,255.255.254.0,5405
61498,138.117.136.0,255.255.255.0,6939
264242,138.117.144.0,255.255.252.0,263444
265831,138.117.148.0,255.255.255.0,6939
264234,138.117.152.0,255.255.254.0,22356
262168,138.117.160.0,255.255.252.0,39392
264237,138.117.172.0,255.255.254.0,6939
28186,138.117.176.0,255.255.252.0,263444
264238,138.117.188.0,255.255.252.0,6939
264241,138.118.4.0,255.255.252.0,263444
262591,138.118.12.0,255.255.252.0,22356
262290,138.118.16.0,255.255.252.0,22356
264247,138.118.32.0,255.255.255.0,22356
52308,138.118.36.0,255.255.255.0,39392
52431,138.118.48.0,255.255.252.0,6939
264249,138.118.52.0,255.255.255.0,263444
264246,138.118.56.0,255.255.252.0,22356
264248,138.118.60.0,255.255.252.0,22356
264250,138.118.64.0,255.255.252.0,22356
262394,138.118.76.0,255.255.252.0,6939
53184,138.118.84.0,255.255.252.0,22356
262485,138.118.88.0,255.255.252.0,22356
263781,138.118.104.0,255.255.252.0,6939
28287,138.118.120.0,255.255.252.0,6939
27796,138.118.124.0,255.255.252.0,22356
262500,138.118.128.0,255.255.252.0,262355
262448,138.118.172.0,255.255.252.0,22356
264268,138.118.176.0,255.255.252.0,6939
264067,138.118.184.0,255.255.252.0,6939
52323,138.118.208.0,255.255.252.0,22356
264273,138.118.220.0,255.255.252.0,22356
263880,138.118.232.0,255.255.252.0,6939
264283,138.118.240.0,255.255.252.0,6939
52742,138.118.252.0,255.255.254.0,22356
264274,138.121.8.0,255.255.254.0,22356
264289,138.121.28.0,255.255.252.0,6939
264288,138.121.32.0,255.255.252.0,22356
264280,138.121.44.0,255.255.252.0,22356
264285,138.121.56.0,255.255.252.0,263444
52637,138.121.72.0,255.255.252.0,39392
52427,138.121.76.0,255.255.254.0,6939
61500,138.121.80.0,255.255.252.0,22356
263789,138.121.84.0,255.255.252.0,22356
263784,138.121.96.0,255.255.252.0,22356
263791,138.121.112.0,255.255.255.0,22356
264295,138.121.116.0,255.255.252.0,22356
264294,138.121.128.0,255.255.252.0,22356
28317,138.121.140.0,255.255.255.0,22356
52821,138.121.144.0,255.255.252.0,262355
264301,138.121.196.0,255.255.254.0,22356
265315,138.121.208.0,255.255.254.0,22356
53045,138.121.232.0,255.255.252.0,22356
264323,138.121.244.0,255.255.252.0,22356
264308,138.122.20.0,255.255.254.0,263444
264327,138.122.56.0,255.255.252.0,22356
61573,138.122.60.0,255.255.252.0,6939
264309,138.122.64.0,255.255.252.0,263444
263263,138.122.72.0,255.255.252.0,22356
264324,138.122.92.0,255.255.252.0,263444
263792,138.122.108.0,255.255.255.0,6939
264320,138.122.120.0,255.255.254.0,22356
264329,138.122.136.0,255.255.252.0,39392
264321,138.122.152.0,255.255.252.0,263444
23201,138.122.160.0,255.255.252.0,39392
262952,138.122.168.0,255.255.252.0,22356
262518,138.122.172.0,255.255.254.0,263444
52653,138.122.180.0,255.255.252.0,22356
263801,138.122.188.0,255.255.252.0,22356
264326,138.122.204.0,255.255.252.0,22356
27955,138.122.228.0,255.255.252.0,22356
200675,138.124.188.0,255.255.252.0,39392
200315,138.128.224.0,255.255.255.0,5405
16832,138.128.232.0,255.255.248.0,6939
13999,138.185.2.0,255.255.254.0,39392
264332,138.185.20.0,255.255.252.0,22356
264338,138.185.32.0,255.255.252.0,22356
263384,138.185.40.0,255.255.252.0,263444
264343,138.185.72.0,255.255.252.0,262355
270877,138.185.88.0,255.255.255.0,263444
52721,138.185.108.0,255.255.252.0,22356
28066,138.185.112.0,255.255.252.0,6939
263840,138.185.124.0,255.255.252.0,263444
263805,138.185.136.0,255.255.255.0,22356
264345,138.185.144.0,255.255.252.0,6939
263846,138.185.148.0,255.255.252.0,263444
264342,138.185.156.0,255.255.252.0,22356
262604,138.185.160.0,255.255.252.0,6939
28187,138.185.168.0,255.255.252.0,263444
264348,138.185.176.0,255.255.252.0,6939
28255,138.185.180.0,255.255.252.0,22356
263847,138.185.196.0,255.255.252.0,263444
262482,138.185.212.0,255.255.252.0,262355
263920,138.185.240.0,255.255.252.0,22356
263940,138.185.252.0,255.255.252.0,22356
52579,138.186.0.0,255.255.252.0,22356
17072,138.186.28.0,255.255.255.0,6939
52771,138.186.44.0,255.255.252.0,6939
263858,138.186.48.0,255.255.252.0,263444
262622,138.186.80.0,255.255.252.0,6939
263855,138.186.84.0,255.255.252.0,22356
14709,138.186.88.0,255.255.252.0,6939
263124,138.186.92.0,255.255.252.0,22356
264681,138.186.120.0,255.255.252.0,6939
263860,138.186.128.0,255.255.252.0,6939
53160,138.186.132.0,255.255.252.0,22356
61449,138.186.160.0,255.255.252.0,22356
263877,138.186.172.0,255.255.252.0,22356
61784,138.186.184.0,255.255.252.0,263444
262573,138.186.192.0,255.255.252.0,22356
263869,138.186.196.0,255.255.252.0,22356
53218,138.186.204.0,255.255.252.0,22356
27775,138.186.208.0,255.255.252.0,6939
212424,138.195.128.0,255.255.224.0,39392
61775,138.204.36.0,255.255.252.0,22356
266192,138.204.44.0,255.255.255.0,22356
263891,138.204.48.0,255.255.252.0,22356
263879,138.204.76.0,255.255.254.0,263444
263897,138.204.112.0,255.255.252.0,22356
263898,138.204.116.0,255.255.252.0,263444
263906,138.204.120.0,255.255.252.0,22356
263888,138.204.132.0,255.255.252.0,263444
262262,138.204.180.0,255.255.255.0,22356
263907,138.204.184.0,255.255.252.0,22356
263908,138.204.192.0,255.255.252.0,22356
263904,138.204.196.0,255.255.252.0,22356
61890,138.204.212.0,255.255.252.0,22356
53153,138.204.220.0,255.255.255.0,263444
61506,138.204.228.0,255.255.255.0,39392
263917,138.204.232.0,255.255.252.0,22356
263913,138.204.240.0,255.255.252.0,263444
61495,138.219.0.0,255.255.255.0,22356
61504,138.219.1.0,255.255.255.0,22356
52404,138.219.2.0,255.255.255.0,22356
263939,138.219.44.0,255.255.252.0,22356
61508,138.219.60.0,255.255.255.0,22356
61940,138.219.76.0,255.255.252.0,263444
263922,138.219.96.0,255.255.252.0,22356
263941,138.219.100.0,255.255.252.0,263444
263944,138.219.108.0,255.255.252.0,263444
263928,138.219.116.0,255.255.255.0,263444
263929,138.219.132.0,255.255.252.0,22356
263820,138.219.160.0,255.255.255.0,22356
264017,138.219.168.0,255.255.252.0,22356
263936,138.219.192.0,255.255.252.0,22356
263946,138.219.196.0,255.255.252.0,22356
262649,138.219.204.0,255.255.252.0,263444
263948,138.219.236.0,255.255.252.0,22356
52873,138.219.244.0,255.255.252.0,39392
10497,138.220.0.0,255.255.0.0,39392
136990,138.235.8.0,255.255.252.0,5405
23779,138.243.0.0,255.255.0.0,6939
63900,138.252.12.0,255.255.255.0,22356
154309,138.252.80.0,255.255.254.0,5405
154039,138.252.92.0,255.255.255.0,24482
139649,138.252.126.0,255.255.254.0,263444
154242,138.252.167.0,255.255.255.0,6939
152799,138.252.176.0,255.255.255.0,24482
263947,138.255.12.0,255.255.254.0,262355
263952,138.255.28.0,255.255.252.0,6939
263970,138.255.64.0,255.255.255.0,22356
263959,138.255.72.0,255.255.252.0,39392
263961,138.255.104.0,255.255.252.0,22356
263972,138.255.128.0,255.255.252.0,22356
28132,138.255.140.0,255.255.252.0,22356
263650,138.255.148.0,255.255.252.0,263444
263975,138.255.160.0,255.255.255.0,22356
263979,138.255.176.0,255.255.252.0,22356
262868,138.255.196.0,255.255.252.0,22356
263994,138.255.220.0,255.255.252.0,263444
263989,138.255.224.0,255.255.252.0,263444
263982,138.255.232.0,255.255.252.0,263444
264645,138.255.252.0,255.255.255.0,39392
47273,139.28.40.0,255.255.252.0,5405
47140,139.28.52.0,255.255.252.0,6939
209624,139.28.148.0,255.255.252.0,39392
212068,139.28.205.0,255.255.255.0,5405
210258,139.28.208.0,255.255.252.0,39392
209627,139.28.248.0,255.255.255.0,39392
5091,139.45.160.0,255.255.255.0,8218
210203,139.45.198.0,255.255.254.0,39392
51327,139.45.214.0,255.255.254.0,39392
214455,139.45.216.0,255.255.254.0,39392
398563,139.60.167.0,255.255.255.0,6939
31914,139.64.216.0,255.255.255.0,6939
26034,139.72.158.0,255.255.255.0,6939
532,139.77.6.0,255.255.255.0,39392
2715,139.82.0.0,255.255.0.0,6939
1930,139.83.0.0,255.255.0.0,6939
8522,139.91.0.0,255.255.0.0,6939
15260,139.104.71.0,255.255.255.0,39392
23344,139.104.97.0,255.255.255.0,6939
22604,139.104.112.0,255.255.255.0,22356
5619,139.105.0.0,255.255.0.0,6939
53927,139.131.31.0,255.255.255.0,39392
399362,139.138.52.0,255.255.254.0,39392
54825,139.178.76.0,255.255.254.0,6939
27628,139.181.5.0,255.255.255.0,6939
7535,139.223.0.0,255.255.0.0,39392
1945,140.77.0.0,255.255.0.0,6939
36459,140.82.112.0,255.255.240.0,5405
202435,140.95.136.0,255.255.252.0,6939
17713,140.117.0.0,255.255.0.0,6939
63303,140.174.27.0,255.255.255.0,39392
63376,140.174.30.0,255.255.255.0,6939
3701,140.211.0.0,255.255.0.0,6939
208437,140.233.176.0,255.255.255.0,22356
47536,140.235.4.0,255.255.255.0,5405
395559,140.235.40.0,255.255.255.0,6939
53745,140.235.52.0,255.255.252.0,6939
48927,140.235.68.0,255.255.252.0,6939
50224,140.235.75.0,255.255.255.0,6939
214675,140.235.199.0,255.255.255.0,5405
27370,140.241.0.0,255.255.0.0,6939
136195,140.249.3.0,255.255.255.0,6939
20633,141.2.0.0,255.255.0.0,39392
205684,141.11.110.0,255.255.255.0,39392
13128,141.15.0.0,255.255.0.0,6939
41289,141.17.0.0,255.255.0.0,39392
211286,141.39.220.0,255.255.252.0,5405
210482,141.80.0.0,255.255.0.0,39392
25367,141.96.0.0,255.255.0.0,5405
209591,141.98.124.0,255.255.252.0,209531
56381,141.98.136.0,255.255.255.0,5405
206988,141.98.200.0,255.255.252.0,6939
60299,141.101.186.0,255.255.255.0,6939
12990,141.105.16.0,255.255.248.0,39392
206621,141.105.133.0,255.255.255.0,6939
57124,141.105.144.0,255.255.248.0,39392
13588,141.123.7.0,255.255.255.0,6939
30972,141.138.88.0,255.255.248.0,8218
1224,141.142.0.0,255.255.0.0,6939
17350,141.160.12.0,255.255.252.0,5405
59908,141.170.214.0,255.255.255.0,6939
6169,141.193.36.0,255.255.252.0,39392
53971,141.193.80.0,255.255.252.0,6939
13943,141.193.104.0,255.255.252.0,6939
16717,141.193.160.0,255.255.240.0,6939
54037,141.193.220.0,255.255.254.0,6939
6720,141.203.0.0,255.255.0.0,1764
3784,141.223.0.0,255.255.192.0,6939
14048,141.225.0.0,255.255.0.0,39392
200478,141.226.124.0,255.255.255.0,6939
28690,141.228.19.0,255.255.255.0,6939
16796,142.13.0.0,255.255.0.0,6939
857,142.15.0.0,255.255.254.0,6939
11522,142.40.38.0,255.255.255.0,6939
19752,142.46.0.0,255.255.0.0,39392
11727,142.46.68.0,255.255.252.0,6939
5664,142.55.0.0,255.255.0.0,6939
2675,142.74.0.0,255.255.248.0,6939
3378,142.77.1.0,255.255.255.0,39392
11486,142.77.49.0,255.255.255.0,39392
2682,142.98.224.0,255.255.255.0,6939
18934,142.202.68.0,255.255.255.0,6939
54351,142.202.96.0,255.255.252.0,6939
398203,142.202.164.0,255.255.252.0,39392
13830,142.202.220.0,255.255.252.0,6939
32550,142.215.96.0,255.255.255.0,6939
16553,142.215.107.0,255.255.255.0,6939
27566,142.215.109.0,255.255.255.0,6939
27224,142.215.110.0,255.255.255.0,6939
36750,142.240.0.0,255.255.0.0,6939
396993,142.248.21.0,255.255.255.0,6939
897,142.248.240.0,255.255.255.0,6939
204921,142.249.114.0,255.255.255.0,5405
264008,143.0.0.0,255.255.252.0,22356
263991,143.0.28.0,255.255.252.0,22356
263992,143.0.36.0,255.255.252.0,22356
262550,143.0.40.0,255.255.252.0,263444
270361,143.0.44.0,255.255.255.0,22356
263997,143.0.52.0,255.255.255.0,6939
264002,143.0.60.0,255.255.252.0,263444
265989,143.0.68.0,255.255.252.0,39392
11014,143.0.76.0,255.255.255.0,6939
262995,143.0.112.0,255.255.252.0,262355
52680,143.0.116.0,255.255.252.0,263444
264000,143.0.124.0,255.255.252.0,263444
264021,143.0.132.0,255.255.252.0,22356
264011,143.0.136.0,255.255.252.0,263444
264009,143.0.140.0,255.255.252.0,263444
264014,143.0.164.0,255.255.252.0,22356
264013,143.0.184.0,255.255.252.0,39392
264010,143.0.196.0,255.255.252.0,263444
52951,143.0.204.0,255.255.254.0,263444
264022,143.0.220.0,255.255.254.0,263444
264035,143.0.224.0,255.255.252.0,22356
208723,143.20.69.0,255.255.255.0,39392
209861,143.20.75.0,255.255.255.0,6939
13748,143.48.0.0,255.255.0.0,39392
19200,143.54.0.0,255.255.0.0,263444
23341,143.55.3.0,255.255.255.0,6939
4193,143.55.96.0,255.255.224.0,6939
204109,143.62.64.0,255.255.240.0,39392
747,143.68.64.0,255.255.224.0,39392
53187,143.106.0.0,255.255.0.0,6939
28571,143.107.0.0,255.255.0.0,22356
1251,143.108.0.0,255.255.0.0,6939
53172,143.137.8.0,255.255.252.0,22356
264025,143.137.32.0,255.255.252.0,22356
264071,143.137.44.0,255.255.252.0,22356
264063,143.137.48.0,255.255.255.0,22356
270843,143.137.52.0,255.255.254.0,263444
263668,143.137.76.0,255.255.252.0,263444
22908,143.137.108.0,255.255.255.0,22356
262512,143.137.140.0,255.255.252.0,22356
264042,143.137.152.0,255.255.252.0,22356
263099,143.137.156.0,255.255.252.0,263444
264051,143.137.160.0,255.255.252.0,22356
264054,143.137.224.0,255.255.252.0,22356
264069,143.137.248.0,255.255.252.0,262355
8803,143.180.0.0,255.255.0.0,6939
393451,143.195.224.0,255.255.224.0,39392
264049,143.202.4.0,255.255.254.0,22356
27792,143.202.24.0,255.255.252.0,22356
53167,143.202.132.0,255.255.252.0,22356
263196,143.202.136.0,255.255.252.0,22356
27932,143.202.196.0,255.255.255.0,22356
19373,143.202.204.0,255.255.254.0,6939
52851,143.202.212.0,255.255.252.0,22356
52544,143.202.220.0,255.255.252.0,262355
263627,143.202.236.0,255.255.252.0,263444
264609,143.202.252.0,255.255.252.0,6939
1111,143.205.0.0,255.255.0.0,1764
264077,143.208.8.0,255.255.254.0,22356
264079,143.208.28.0,255.255.255.0,6939
53094,143.208.68.0,255.255.252.0,263444
265138,143.208.72.0,255.255.252.0,39392
265124,143.208.80.0,255.255.252.0,22356
262960,143.208.104.0,255.255.252.0,22356
265126,143.208.124.0,255.255.252.0,22356
264091,143.208.128.0,255.255.252.0,22356
61776,143.208.136.0,255.255.252.0,22356
264092,143.208.148.0,255.255.252.0,22356
265130,143.208.152.0,255.255.252.0,22356
53046,143.208.160.0,255.255.252.0,6939
265117,143.208.176.0,255.255.252.0,6939
262422,143.208.204.0,255.255.255.0,263444
265131,143.208.220.0,255.255.252.0,6939
265136,143.208.224.0,255.255.252.0,263444
263004,143.208.228.0,255.255.252.0,22356
265137,143.208.244.0,255.255.252.0,22356
214075,143.223.106.0,255.255.255.0,1764
53536,143.223.168.0,255.255.252.0,6939
3734,143.254.0.0,255.255.0.0,5405
265140,143.255.0.0,255.255.252.0,263444
273391,143.255.8.0,255.255.252.0,6939
265141,143.255.12.0,255.255.252.0,263444
265135,143.255.20.0,255.255.252.0,22356
27923,143.255.32.0,255.255.252.0,6939
263623,143.255.44.0,255.255.252.0,6939
28652,143.255.48.0,255.255.252.0,22356
265139,143.255.52.0,255.255.252.0,6939
262460,143.255.72.0,255.255.252.0,22356
262406,143.255.80.0,255.255.252.0,263444
52977,143.255.96.0,255.255.254.0,22356
52722,143.255.116.0,255.255.252.0,39392
262343,143.255.124.0,255.255.252.0,263444
265147,143.255.128.0,255.255.252.0,263444
265152,143.255.132.0,255.255.252.0,22356
262376,143.255.168.0,255.255.252.0,22356
270955,143.255.180.0,255.255.254.0,22356
263558,143.255.196.0,255.255.252.0,22356
52863,143.255.200.0,255.255.255.0,263444
52741,143.255.208.0,255.255.252.0,22356
52935,143.255.216.0,255.255.252.0,22356
265163,143.255.236.0,255.255.252.0,263444
262794,143.255.244.0,255.255.252.0,22356
213050,144.2.168.0,255.255.252.0,6939
7862,144.5.224.0,255.255.248.0,6939
203218,144.48.81.0,255.255.255.0,5405
5374,144.51.128.0,255.255.128.0,39392
39052,144.57.0.0,255.255.224.0,6939
21821,144.121.102.0,255.255.255.0,6939
23359,144.121.120.0,255.255.255.0,39392
36413,144.126.0.0,255.255.192.0,39392
59624,144.206.222.0,255.255.255.0,39392
9342,144.218.0.0,255.255.0.0,39392
27142,144.251.0.0,255.255.0.0,39392
207283,145.14.0.0,255.255.252.0,39392
28682,145.14.8.0,255.255.248.0,5405
263025,145.14.134.0,255.255.255.0,22356
25182,145.58.0.0,255.255.0.0,6939
214689,145.63.8.0,255.255.248.0,39392
28756,145.64.128.0,255.255.248.0,5405
8737,145.78.28.0,255.255.255.0,39392
206355,145.79.192.0,255.255.252.0,209531
1104,145.102.132.0,255.255.252.0,6939
207315,145.116.0.0,255.255.255.0,6939
49362,145.218.0.0,255.255.0.0,6939
15675,145.232.0.0,255.255.0.0,39392
23763,145.246.68.0,255.255.255.0,6939
198259,145.255.192.0,255.255.255.0,5405
2572,146.7.0.0,255.255.0.0,6939
208846,146.19.5.0,255.255.255.0,39392
210477,146.19.17.0,255.255.255.0,6939
39498,146.19.127.0,255.255.255.0,5405
57889,146.19.164.0,255.255.255.0,39392
47753,146.19.210.0,255.255.255.0,39392
59848,146.19.242.0,255.255.255.0,6939
12200,146.20.220.0,255.255.252.0,5405
42893,146.66.160.0,255.255.224.0,6939
32904,146.71.0.0,255.255.255.0,39392
32365,146.71.4.0,255.255.252.0,6939
60924,146.71.94.0,255.255.254.0,6939
26610,146.83.90.0,255.255.255.0,22356
212762,146.103.47.0,255.255.255.0,39392
1955,146.110.0.0,255.255.0.0,6939
209002,146.120.112.0,255.255.255.0,6939
212623,146.120.214.0,255.255.255.0,6939
44835,146.120.224.0,255.255.255.0,6939
48172,146.120.226.0,255.255.255.0,6939
204875,146.120.248.0,255.255.252.0,6939
14864,146.121.20.0,255.255.255.0,39392
18971,146.127.245.0,255.255.255.0,6939
2544,146.129.0.0,255.255.0.0,6939
3486,146.143.0.0,255.255.0.0,39392
20191,146.155.0.0,255.255.0.0,22356
43849,146.158.0.0,255.255.255.0,5405
202668,146.158.30.0,255.255.255.0,6939
213499,146.158.92.0,255.255.254.0,6939
15428,146.158.95.0,255.255.255.0,6939
32720,146.184.0.0,255.255.255.0,6939
211174,146.185.94.0,255.255.255.0,6939
8659,146.247.8.0,255.255.248.0,6939
199666,146.247.64.0,255.255.252.0,209531
200562,146.255.116.0,255.255.252.0,39392
48158,146.255.208.0,255.255.255.0,6939
33703,147.4.0.0,255.255.128.0,6939
32064,147.9.0.0,255.255.0.0,6939
203424,147.12.32.0,255.255.224.0,6939
3130,147.28.0.0,255.255.254.0,39392
37978,147.41.0.0,255.255.128.0,39392
2895,147.45.0.0,255.255.224.0,5405
209132,147.45.112.0,255.255.255.0,5405
9488,147.46.0.0,255.255.0.0,6939
35691,147.78.4.0,255.255.255.0,5405
34907,147.78.118.0,255.255.255.0,6939
209323,147.78.144.0,255.255.252.0,6939
209531,147.78.168.0,255.255.252.0,209531
208731,147.78.192.0,255.255.255.0,39392
213081,147.78.194.0,255.255.255.0,39392
59890,147.78.248.0,255.255.252.0,6939
147060,147.79.3.0,255.255.255.0,24482
14327,147.79.176.0,255.255.240.0,39392
6122,147.92.0.0,255.255.254.0,39392
395194,147.92.48.0,255.255.252.0,6939
394728,147.129.188.0,255.255.252.0,6939
202921,147.161.24.0,255.255.252.0,39392
2607,147.175.0.0,255.255.0.0,1764
4601,147.189.216.0,255.255.248.0,6939
55542,147.200.0.0,255.255.254.0,6939
18982,147.202.0.0,255.255.192.0,39392
197451,147.229.0.0,255.255.128.0,6939
30165,147.253.224.0,255.255.224.0,6939
396930,148.51.132.0,255.255.255.0,6939
16666,148.77.62.0,255.255.255.0,39392
22479,148.77.67.0,255.255.255.0,39392
1887,148.81.0.0,255.255.0.0,1764
28118,148.103.7.0,255.255.255.0,6939
22098,148.107.3.0,255.255.255.0,6939
61211,148.163.184.0,255.255.252.0,39392
22876,148.177.80.0,255.255.248.0,6939
31382,148.198.0.0,255.255.0.0,1764
22884,148.204.128.0,255.255.255.0,6939
272323,148.208.113.0,255.255.255.0,39392
2904,148.210.0.0,255.255.0.0,39392
64124,148.222.225.0,255.255.255.0,6939
270007,148.222.230.0,255.255.254.0,22356
16596,148.231.0.0,255.255.248.0,6939
3454,148.234.0.0,255.255.0.0,6939
28509,148.243.99.0,255.255.255.0,6939
28525,148.246.26.0,255.255.254.0,6939
28463,148.250.126.0,255.255.254.0,6939
213671,149.5.59.0,255.255.255.0,39392
59655,149.5.66.0,255.255.255.0,6939
51577,149.5.187.0,255.255.255.0,6939
216193,149.7.5.0,255.255.255.0,6939
42764,149.7.210.0,255.255.254.0,6939
211733,149.12.76.0,255.255.255.0,39392
205358,149.12.98.0,255.255.254.0,39392
209529,149.12.100.0,255.255.255.0,39392
213338,149.12.108.0,255.255.252.0,209531
206182,149.12.120.0,255.255.252.0,209531
47964,149.13.0.0,255.255.255.0,6939
42467,149.13.115.0,255.255.255.0,39392
200794,149.13.146.0,255.255.255.0,209531
10250,149.19.2.0,255.255.255.0,6939
396298,149.19.194.0,255.255.254.0,39392
1280,149.20.0.0,255.255.255.0,6939
27321,149.20.2.0,255.255.255.0,6939
30132,149.20.5.0,255.255.255.0,6939
393507,149.20.68.0,255.255.254.0,6939
8683,149.20.96.0,255.255.252.0,39392
133861,149.30.202.0,255.255.255.0,39392
28323,149.40.16.0,255.255.240.0,22356
272694,149.57.32.0,255.255.254.0,263444
215071,149.57.207.0,255.255.255.0,39392
57119,149.62.152.0,255.255.248.0,39392
197969,149.62.160.0,255.255.248.0,6939
272066,149.78.48.0,255.255.252.0,22356
265171,149.78.96.0,255.255.224.0,22356
53180,149.78.200.0,255.255.252.0,39392
266436,149.78.205.0,255.255.255.0,22356
265197,149.78.232.0,255.255.252.0,22356
206732,149.86.228.0,255.255.252.0,209531
57111,149.100.180.0,255.255.252.0,209531
266445,149.102.64.0,255.255.224.0,22356
27299,149.112.123.0,255.255.255.0,6939
55195,149.112.126.0,255.255.255.0,6939
394354,149.112.127.0,255.255.255.0,39392
21418,149.126.168.0,255.255.248.0,6939
57141,149.154.80.0,255.255.248.0,6939
57144,149.154.88.0,255.255.248.0,6939
19782,149.165.128.0,255.255.128.0,6939
5605,149.214.0.0,255.255.0.0,39392
8319,149.218.0.0,255.255.128.0,39392
52756,149.226.240.0,255.255.255.0,6939
216239,149.232.188.0,255.255.255.0,39392
208458,149.232.243.0,255.255.255.0,6939
205769,149.249.252.0,255.255.252.0,39392
57210,149.255.176.0,255.255.248.0,1764
4680,150.14.52.0,255.255.254.0,6939
18125,150.26.0.0,255.255.0.0,6939
7516,150.30.0.0,255.255.0.0,6939
131938,150.63.0.0,255.255.0.0,39392
131925,150.91.192.0,255.255.240.0,6939
32531,150.108.0.0,255.255.0.0,39392
139594,150.129.217.0,255.255.255.0,6939
59378,150.129.220.0,255.255.252.0,6939
28222,150.163.0.0,255.255.128.0,6939
8103,150.176.6.0,255.255.255.0,39392
46832,150.199.4.0,255.255.255.0,6939
152069,150.242.176.0,255.255.254.0,6939
57164,151.0.0.0,255.255.224.0,6939
211101,151.0.40.0,255.255.248.0,6939
210026,151.90.0.0,255.255.0.0,39392
30598,151.124.104.0,255.255.255.0,6939
205881,151.136.0.0,255.255.0.0,39392
33189,151.159.220.0,255.255.254.0,6939
16037,151.183.0.0,255.255.240.0,6939
21693,151.215.0.0,255.255.0.0,39392
64457,151.242.144.0,255.255.255.0,6939
133504,151.243.55.0,255.255.255.0,5405
207003,151.244.8.0,255.255.255.0,6939
53122,151.244.141.0,255.255.255.0,263444
273478,151.244.241.0,255.255.255.0,263444
214435,151.248.15.0,255.255.255.0,6939
197064,151.248.56.0,255.255.248.0,6939
44712,151.249.104.0,255.255.248.0,39392
12996,151.249.120.0,255.255.255.0,6939
30855,151.252.64.0,255.255.224.0,6939
29680,151.252.112.0,255.255.248.0,6939
61215,151.252.120.0,255.255.248.0,39392
19718,152.22.240.0,255.255.240.0,6939
209998,152.89.16.0,255.255.252.0,1764
209358,152.89.68.0,255.255.252.0,39392
208785,152.89.116.0,255.255.255.0,39392
213313,152.89.148.0,255.255.252.0,39392
47648,152.89.188.0,255.255.252.0,39392
3923,152.123.8.0,255.255.248.0,6939
4046,152.123.17.0,255.255.255.0,6939
19422,152.156.0.0,255.255.0.0,39392
7418,152.172.0.0,255.255.0.0,39392
1321,152.196.4.0,255.255.255.0,6939
1339,152.196.64.0,255.255.252.0,39392
1383,152.196.118.0,255.255.254.0,39392
28036,152.231.32.0,255.255.255.0,22356
27986,152.231.110.0,255.255.255.0,6939
52228,152.231.128.0,255.255.128.0,6939
26615,152.233.128.0,255.255.240.0,22356
26599,152.234.64.0,255.255.192.0,39392
27699,152.249.0.0,255.255.0.0,39392
10429,152.252.0.0,255.255.128.0,39392
13548,153.9.0.0,255.255.0.0,39392
5550,153.19.0.0,255.255.0.0,1764
6035,153.23.0.0,255.255.240.0,39392
15544,153.92.180.0,255.255.255.0,39392
34966,153.92.184.0,255.255.254.0,5405
204279,153.94.16.0,255.255.240.0,6939
51402,153.97.25.0,255.255.255.0,5405
35170,153.97.148.0,255.255.255.0,6939
24313,153.107.0.0,255.255.0.0,6939
37616,154.0.176.0,255.255.240.0,6939
262996,154.9.1.0,255.255.255.0,22356
329384,154.16.62.0,255.255.255.0,39392
18345,154.16.81.0,255.255.255.0,6939
149290,154.18.192.0,255.255.252.0,6939
151995,154.18.252.0,255.255.255.0,24482
153822,154.19.44.0,255.255.254.0,6939
149628,154.23.114.0,255.255.255.0,5405
211423,154.40.129.0,255.255.255.0,39392
200358,154.40.130.0,255.255.255.0,39392
215213,154.43.69.0,255.255.255.0,5405
203099,154.44.187.0,255.255.255.0,39392
207866,154.45.44.0,255.255.255.0,39392
215214,154.46.28.0,255.255.255.0,39392
1886,154.46.48.0,255.255.252.0,39392
8053,154.47.156.0,255.255.254.0,39392
49941,154.53.194.0,255.255.255.0,6939
209049,154.53.196.0,255.255.254.0,6939
208636,154.56.248.0,255.255.255.0,39392
202042,154.57.0.0,255.255.255.0,5405
50520,154.57.20.0,255.255.255.0,6939
42220,154.58.211.0,255.255.255.0,6939
264778,154.59.56.0,255.255.255.0,6939
212573,154.60.73.0,255.255.255.0,6939
211991,154.60.196.0,255.255.255.0,39392
205219,154.60.212.0,255.255.252.0,39392
214043,154.60.224.0,255.255.254.0,6939
153292,154.61.83.0,255.255.255.0,5405
210627,154.62.138.0,255.255.254.0,39392
213972,154.63.160.0,255.255.255.0,39392
201102,154.63.164.0,255.255.252.0,39392
37627,154.65.0.0,255.255.252.0,5405
37727,154.65.16.0,255.255.255.0,6939
37523,154.65.64.0,255.255.255.0,5405
327909,154.65.88.0,255.255.248.0,39392
328400,154.66.112.0,255.255.252.0,39392
37564,154.66.152.0,255.255.248.0,39392
37650,154.66.200.0,255.255.252.0,6939
37653,154.66.208.0,255.255.252.0,39392
37654,154.68.64.0,255.255.255.0,6939
327804,154.68.160.0,255.255.240.0,6939
37519,154.70.136.0,255.255.248.0,6939
327716,154.70.144.0,255.255.248.0,39392
327728,154.72.20.0,255.255.255.0,39392
327732,154.72.48.0,255.255.255.0,6939
37618,154.73.0.0,255.255.252.0,6939
327761,154.73.4.0,255.255.252.0,39392
327772,154.73.96.0,255.255.255.0,39392
327799,154.73.104.0,255.255.252.0,6939
132546,154.88.9.0,255.255.255.0,5405
58944,154.91.1.0,255.255.255.0,6939
37714,154.117.64.0,255.255.192.0,6939
327824,154.118.252.0,255.255.252.0,6939
151610,154.194.39.0,255.255.255.0,5405
211389,155.2.210.0,255.255.254.0,39392
14114,155.56.0.0,255.255.128.0,6939
9419,155.69.0.0,255.255.0.0,24482
201470,155.133.24.0,255.255.254.0,6939
47252,155.133.30.0,255.255.254.0,6939
60695,155.133.33.0,255.255.255.0,5405
200594,155.133.48.0,255.255.248.0,6939
50095,155.133.88.0,255.255.255.0,6939
201427,155.133.96.0,255.255.248.0,6939
34844,155.133.123.0,255.255.255.0,5405
61231,155.136.198.0,255.255.254.0,39392
63346,155.194.250.0,255.255.255.0,6939
328246,156.0.196.0,255.255.254.0,6939
328220,156.0.224.0,255.255.248.0,39392
328199,156.0.246.0,255.255.255.0,39392
328203,156.0.248.0,255.255.255.0,6939
2920,156.3.0.0,255.255.0.0,5405
8970,156.17.0.0,255.255.0.0,1764
15989,156.48.4.0,255.255.254.0,5405
201869,156.51.150.0,255.255.254.0,6939
24398,156.62.0.0,255.255.0.0,6939
62724,156.63.148.0,255.255.255.0,6939
206048,156.67.88.0,255.255.255.0,5405
133735,156.107.101.0,255.255.255.0,39392
31547,156.109.3.0,255.255.255.0,6939
205910,156.109.245.0,255.255.255.0,6939
1448,156.146.128.0,255.255.128.0,39392
328020,156.155.248.0,255.255.255.0,5405
213798,156.225.56.0,255.255.255.0,6939
213642,156.229.62.0,255.255.255.0,6939
50183,156.238.192.0,255.255.240.0,39392
151741,157.10.26.0,255.255.255.0,39392
152297,157.10.32.0,255.255.255.0,6939
152301,157.10.72.0,255.255.254.0,6939
152322,157.10.134.0,255.255.255.0,6939
152344,157.10.182.0,255.255.254.0,6939
152354,157.10.193.0,255.255.255.0,24482
152341,157.15.16.0,255.255.255.0,39392
152391,157.15.44.0,255.255.255.0,24482
152363,157.15.82.0,255.255.254.0,24482
152905,157.15.107.0,255.255.255.0,22356
152393,157.15.210.0,255.255.254.0,6939
152388,157.20.38.0,255.255.255.0,24482
152392,157.20.44.0,255.255.255.0,6939
152394,157.20.46.0,255.255.254.0,6939
152880,157.20.64.0,255.255.255.0,39392
150771,157.20.68.0,255.255.255.0,6939
152407,157.20.92.0,255.255.254.0,6939
152435,157.20.98.0,255.255.254.0,6939
152425,157.20.100.0,255.255.255.0,24482
9917,157.20.108.0,255.255.254.0,6939
152411,157.20.156.0,255.255.254.0,6939
152416,157.20.208.0,255.255.254.0,24482
152426,157.20.220.0,255.255.254.0,24482
152437,157.20.222.0,255.255.254.0,6939
152440,157.66.2.0,255.255.254.0,6939
151385,157.66.22.0,255.255.254.0,39392
149107,157.66.24.0,255.255.254.0,6939
140016,157.66.36.0,255.255.255.0,6939
138804,157.66.37.0,255.255.255.0,6939
152438,157.66.50.0,255.255.254.0,6939
135443,157.66.69.0,255.255.255.0,6939
152442,157.66.86.0,255.255.255.0,24482
152772,157.66.125.0,255.255.255.0,6939
139937,157.66.131.0,255.255.255.0,6939
152499,157.66.146.0,255.255.254.0,5405
152777,157.66.170.0,255.255.255.0,6939
153139,157.66.172.0,255.255.254.0,6939
4678,157.77.0.0,255.255.0.0,6939
44593,157.88.0.0,255.255.0.0,6939
51164,157.94.0.0,255.255.0.0,39392
203593,157.97.163.0,255.255.255.0,39392
37919,157.109.0.0,255.255.0.0,39392
24284,157.112.64.0,255.255.248.0,6939
133993,157.119.84.0,255.255.255.0,5405
9604,157.120.128.0,255.255.224.0,6939
21965,157.154.3.0,255.255.255.0,6939
2094,157.159.0.0,255.255.0.0,8218
40703,157.166.0.0,255.255.255.0,5405
43500,157.166.64.0,255.255.255.0,39392
5662,157.166.124.0,255.255.254.0,6939
16099,157.177.248.0,255.255.252.0,1764
23047,157.191.12.0,255.255.255.0,6939
2044,157.225.96.0,255.255.240.0,6939
54231,157.225.192.0,255.255.240.0,39392
19693,157.238.136.0,255.255.248.0,39392
271935,157.254.36.0,255.255.254.0,39392
202098,158.47.10.0,255.255.255.0,6939
27404,158.51.28.0,255.255.252.0,6939
14333,158.51.48.0,255.255.254.0,39392
11910,158.51.68.0,255.255.255.0,6939
40350,158.51.226.0,255.255.255.0,6939
2602,158.64.0.0,255.255.0.0,6939
35686,158.75.128.0,255.255.128.0,39392
38327,158.89.0.0,255.255.0.0,6939
204024,158.94.167.0,255.255.255.0,39392
30909,158.94.184.0,255.255.255.0,39392
3640,158.97.0.0,255.255.192.0,6939
7876,158.106.24.0,255.255.252.0,39392
62494,158.120.46.0,255.255.254.0,6939
27405,158.136.0.0,255.255.0.0,6939
64411,158.172.0.0,255.255.248.0,6939
205923,158.173.160.0,255.255.255.0,5405
54548,158.222.102.0,255.255.254.0,39392
2683,158.250.0.0,255.255.128.0,5405
39104,158.255.64.0,255.255.248.0,39392
60904,158.255.80.0,255.255.255.0,6939
57507,158.255.192.0,255.255.240.0,209531
51653,158.255.248.0,255.255.248.0,22356
7328,159.14.0.0,255.255.0.0,39392
21774,159.18.151.0,255.255.255.0,6939
29266,159.20.0.0,255.255.248.0,39392
200544,159.22.0.0,255.255.0.0,6939
32563,159.33.64.0,255.255.224.0,6939
21735,159.54.24.0,255.255.252.0,39392
23200,159.56.144.0,255.255.252.0,6939
1798,159.121.0.0,255.255.0.0,6939
19834,159.127.104.0,255.255.252.0,39392
34578,159.144.0.0,255.255.0.0,6939
60066,159.148.119.0,255.255.255.0,209531
49690,159.151.0.0,255.255.192.0,39392
23503,159.214.87.0,255.255.255.0,6939
133077,159.215.130.0,255.255.254.0,6939
4199,159.231.32.0,255.255.224.0,6939
13499,159.242.128.0,255.255.224.0,5405
54328,159.242.200.0,255.255.252.0,6939
206281,159.253.0.0,255.255.255.0,39392
29399,159.253.86.0,255.255.255.0,6939
8224,159.253.96.0,255.255.248.0,39392
50877,159.255.128.0,255.255.248.0,5405
201987,159.255.148.0,255.255.255.0,6939
19919,160.19.0.0,255.255.240.0,6939
152073,160.19.16.0,255.255.255.0,6939
152504,160.19.80.0,255.255.254.0,5405
152773,160.19.110.0,255.255.255.0,6939
152775,160.19.146.0,255.255.254.0,6939
152787,160.19.178.0,255.255.255.0,6939
28319,160.19.200.0,255.255.255.0,6939
328167,160.19.232.0,255.255.252.0,6939
266167,160.19.240.0,255.255.252.0,6939
266168,160.19.244.0,255.255.252.0,263444
266172,160.19.248.0,255.255.252.0,6939
266143,160.20.20.0,255.255.252.0,263444
328032,160.20.24.0,255.255.248.0,22356
266141,160.20.32.0,255.255.255.0,39392
152761,160.20.36.0,255.255.254.0,24482
265720,160.20.80.0,255.255.252.0,39392
52571,160.20.84.0,255.255.255.0,22356
209578,160.20.96.0,255.255.252.0,39392
152783,160.20.128.0,255.255.255.0,6939
151349,160.20.142.0,255.255.255.0,22356
266197,160.20.160.0,255.255.255.0,22356
266198,160.20.168.0,255.255.252.0,22356
271110,160.20.176.0,255.255.252.0,22356
266538,160.20.184.0,255.255.252.0,22356
139388,160.20.223.0,255.255.255.0,6939
152506,160.22.0.0,255.255.255.0,5405
152806,160.22.26.0,255.255.254.0,6939
152798,160.22.30.0,255.255.255.0,6939
152820,160.22.126.0,255.255.255.0,6939
152909,160.22.138.0,255.255.255.0,263444
149635,160.22.144.0,255.255.255.0,39392
142108,160.22.180.0,255.255.254.0,6939
152830,160.22.192.0,255.255.254.0,24482
152841,160.22.217.0,255.255.255.0,6939
153063,160.22.222.0,255.255.255.0,6939
152827,160.22.242.0,255.255.255.0,24482
152537,160.25.0.0,255.255.255.0,5405
153060,160.25.54.0,255.255.255.0,24482
153053,160.25.96.0,255.255.254.0,6939
135823,160.25.100.0,255.255.255.0,5405
208223,160.25.104.0,255.255.254.0,6939
153096,160.25.118.0,255.255.254.0,24482
152557,160.25.128.0,255.255.255.0,39392
153085,160.25.157.0,255.255.255.0,24482
153160,160.25.160.0,255.255.254.0,6939
153166,160.25.186.0,255.255.254.0,6939
153086,160.25.218.0,255.255.255.0,6939
63909,160.25.221.0,255.255.255.0,6939
153105,160.25.236.0,255.255.254.0,24482
153091,160.25.248.0,255.255.255.0,24482
138580,160.30.9.0,255.255.255.0,6939
153176,160.30.25.0,255.255.255.0,24482
153175,160.30.26.0,255.255.255.0,6939
152573,160.30.60.0,255.255.254.0,39392
153191,160.30.68.0,255.255.254.0,6939
136935,160.30.130.0,255.255.254.0,22356
134216,160.30.141.0,255.255.255.0,6939
135426,160.30.148.0,255.255.254.0,39392
153216,160.30.214.0,255.255.255.0,39392
153112,160.30.224.0,255.255.254.0,6939
54704,160.32.255.0,255.255.255.0,6939
3450,160.36.0.0,255.255.0.0,6939
21293,160.67.0.0,255.255.0.0,39392
13303,160.99.0.0,255.255.0.0,6939
37463,160.113.0.0,255.255.0.0,6939
328029,160.119.0.0,255.255.252.0,6939
328045,160.119.80.0,255.255.255.0,39392
328209,160.119.96.0,255.255.255.0,39392
328024,160.119.120.0,255.255.252.0,39392
328214,160.119.152.0,255.255.252.0,6939
328162,160.119.216.0,255.255.255.0,6939
328146,160.119.220.0,255.255.252.0,6939
131077,160.185.2.0,255.255.255.0,39392
153122,160.187.138.0,255.255.255.0,24482
153127,160.187.150.0,255.255.254.0,24482
153350,160.187.154.0,255.255.254.0,6939
153124,160.187.196.0,255.255.255.0,24482
152615,160.187.198.0,255.255.254.0,6939
153144,160.187.204.0,255.255.254.0,6939
140937,160.187.212.0,255.255.255.0,39392
153351,160.187.215.0,255.255.255.0,39392
153359,160.187.220.0,255.255.254.0,6939
153013,160.191.32.0,255.255.255.0,6939
132714,160.191.38.0,255.255.255.0,6939
153377,160.191.80.0,255.255.255.0,6939
153141,160.191.130.0,255.255.255.0,24482
153155,160.191.192.0,255.255.254.0,24482
153480,160.191.232.0,255.255.255.0,6939
47406,160.202.28.0,255.255.252.0,209531
150803,160.202.45.0,255.255.255.0,6939
51019,160.202.134.0,255.255.255.0,5405
148003,160.202.198.0,255.255.255.0,39392
24008,160.206.145.0,255.255.255.0,6939
35315,160.231.112.0,255.255.255.0,6939
267263,160.238.24.0,255.255.252.0,263444
44994,160.238.52.0,255.255.252.0,8218
266151,160.238.104.0,255.255.252.0,22356
266534,160.238.144.0,255.255.252.0,22356
266641,160.238.180.0,255.255.252.0,22356
266546,160.238.196.0,255.255.252.0,263444
266574,160.238.232.0,255.255.252.0,6939
153519,160.250.22.0,255.255.255.0,6939
153521,160.250.67.0,255.255.255.0,6939
142588,160.250.70.0,255.255.255.0,5405
133182,160.250.201.0,255.255.255.0,6939
133464,160.250.248.0,255.255.254.0,6939
25607,161.0.32.0,255.255.224.0,22356
27653,161.0.128.0,255.255.240.0,39392
262237,161.0.160.0,255.255.255.0,6939
19889,161.22.0.0,255.255.252.0,39392
31515,161.30.0.0,255.255.0.0,6939
7849,161.77.0.0,255.255.0.0,6939
26459,161.108.225.0,255.255.255.0,5405
6883,161.110.0.0,255.255.0.0,1764
6306,161.140.0.0,255.255.0.0,6939
10954,161.148.0.0,255.255.0.0,5405
13474,161.190.0.0,255.255.255.0,39392
8048,161.196.0.0,255.255.0.0,22356
398697,161.199.203.0,255.255.255.0,6939
38656,161.248.40.0,255.255.255.0,6939
152619,161.248.44.0,255.255.255.0,6939
45586,161.248.127.0,255.255.255.0,263444
137248,161.248.168.0,255.255.254.0,6939
153565,161.248.226.0,255.255.255.0,24482
53507,162.0.156.0,255.255.252.0,39392
46868,162.12.224.0,255.255.248.0,6939
36091,162.80.0.0,255.255.0.0,39392
33566,162.81.6.0,255.255.254.0,39392
45946,162.112.0.0,255.255.192.0,6939
10666,162.116.11.0,255.255.255.0,5405
30011,162.118.16.0,255.255.255.0,39392
196968,162.208.52.0,255.255.252.0,5405
54652,162.210.32.0,255.255.252.0,6939
55216,162.210.216.0,255.255.248.0,6939
33467,162.211.72.0,255.255.252.0,39392
55222,162.211.96.0,255.255.252.0,39392
55247,162.211.140.0,255.255.254.0,6939
40076,162.213.56.0,255.255.252.0,6939
36201,162.213.84.0,255.255.255.0,39392
23419,162.213.136.0,255.255.252.0,6939
26337,162.215.243.0,255.255.255.0,39392
62488,162.216.24.0,255.255.248.0,39392
25787,162.217.20.0,255.255.252.0,6939
29765,162.217.104.0,255.255.248.0,39392
21528,162.219.64.0,255.255.252.0,6939
54327,162.219.72.0,255.255.252.0,6939
54039,162.220.108.0,255.255.252.0,39392
36008,162.220.191.0,255.255.255.0,6939
393268,162.220.236.0,255.255.255.0,39392
27240,162.221.40.0,255.255.255.0,39392
26167,162.221.72.0,255.255.254.0,6939
54086,162.221.84.0,255.255.255.0,39392
15317,162.221.224.0,255.255.252.0,6939
54829,162.222.20.0,255.255.252.0,39392
54611,162.222.48.0,255.255.252.0,39392
55130,162.222.136.0,255.255.252.0,6939
395127,162.222.240.0,255.255.252.0,6939
32354,162.244.56.0,255.255.248.0,39392
53904,162.244.229.0,255.255.255.0,6939
15296,162.246.156.0,255.255.252.0,6939
62929,162.246.192.0,255.255.252.0,39392
22319,162.247.68.0,255.255.255.0,6939
36436,162.247.128.0,255.255.255.0,6939
55011,162.247.156.0,255.255.255.0,39392
13331,162.249.16.0,255.255.252.0,6939
62917,162.249.32.0,255.255.255.0,6939
54978,162.250.10.0,255.255.255.0,39392
16866,162.250.12.0,255.255.252.0,6939
28931,162.250.110.0,255.255.254.0,5405
4901,162.250.136.0,255.255.252.0,6939
55236,162.252.88.0,255.255.252.0,39392
62512,162.252.204.0,255.255.252.0,6939
11468,162.253.5.0,255.255.255.0,6939
40449,162.253.202.0,255.255.255.0,6939
17384,162.254.243.0,255.255.255.0,6939
53274,162.255.168.0,255.255.252.0,6939
56339,163.5.0.0,255.255.255.0,6939
38022,163.7.128.0,255.255.224.0,6939
38299,163.7.133.0,255.255.255.0,6939
131930,163.45.0.0,255.255.0.0,6939
153583,163.61.13.0,255.255.255.0,6939
153547,163.61.22.0,255.255.255.0,22356
56178,163.61.26.0,255.255.255.0,5405
152622,163.61.60.0,255.255.254.0,6939
153270,163.61.120.0,255.255.255.0,5405
153615,163.61.134.0,255.255.255.0,24482
152368,163.61.159.0,255.255.255.0,6939
152623,163.61.184.0,255.255.254.0,6939
9664,163.61.198.0,255.255.255.0,5405
1301,163.62.72.0,255.255.248.0,8218
6127,163.121.6.0,255.255.255.0,6939
40916,163.123.152.0,255.255.255.0,6939
4673,163.135.0.0,255.255.0.0,39392
173,163.138.160.0,255.255.224.0,6939
36161,163.151.0.0,255.255.128.0,39392
12696,163.156.6.0,255.255.254.0,6939
3067,163.196.254.0,255.255.255.0,6939
16800,163.199.128.0,255.255.255.0,6939
37007,163.202.0.0,255.255.0.0,5405
7502,163.208.0.0,255.255.0.0,39392
63798,163.220.192.0,255.255.224.0,39392
137210,163.223.0.0,255.255.255.0,5405
153673,163.223.2.0,255.255.254.0,6939
153655,163.223.22.0,255.255.254.0,39392
3754,163.223.77.0,255.255.255.0,24482
153697,163.223.78.0,255.255.255.0,24482
151366,163.223.115.0,255.255.255.0,6939
153717,163.223.142.0,255.255.254.0,24482
153710,163.223.158.0,255.255.254.0,6939
153722,163.223.164.0,255.255.255.0,5405
153756,163.223.232.0,255.255.255.0,39392
135364,163.223.250.0,255.255.255.0,5405
138517,163.227.32.0,255.255.254.0,24482
153803,163.227.67.0,255.255.255.0,24482
153789,163.227.87.0,255.255.255.0,6939
153797,163.227.95.0,255.255.255.0,5405
153793,163.227.101.0,255.255.255.0,6939
153823,163.227.143.0,255.255.255.0,6939
153820,163.227.146.0,255.255.255.0,24482
153858,163.227.176.0,255.255.255.0,6939
153836,163.227.185.0,255.255.255.0,22356
142276,163.227.208.0,255.255.255.0,263444
153895,163.227.248.0,255.255.255.0,24482
153887,163.227.252.0,255.255.255.0,6939
19255,163.237.0.0,255.255.0.0,22356
396955,163.253.30.0,255.255.255.0,6939
12508,164.40.168.0,255.255.254.0,39392
8569,164.61.0.0,255.255.0.0,5405
1797,164.73.0.0,255.255.0.0,6939
26818,164.83.0.0,255.255.0.0,6939
23074,164.85.0.0,255.255.0.0,263444
11317,164.113.254.0,255.255.254.0,6939
9835,164.115.15.0,255.255.255.0,6939
31693,164.138.56.0,255.255.248.0,39392
199918,164.138.200.0,255.255.255.0,5405
58011,164.138.240.0,255.255.248.0,39392
15129,164.152.208.0,255.255.248.0,6939
399855,164.153.140.0,255.255.255.0,6939
139591,164.155.47.0,255.255.255.0,6939
328043,164.160.60.0,255.255.255.0,5405
328037,164.160.88.0,255.255.252.0,6939
61092,164.160.116.0,255.255.255.0,39392
328049,164.160.120.0,255.255.252.0,39392
328051,164.160.124.0,255.255.252.0,39392
265952,164.163.16.0,255.255.252.0,22356
265936,164.163.24.0,255.255.252.0,263444
265958,164.163.32.0,255.255.252.0,22356
265938,164.163.44.0,255.255.252.0,39392
265953,164.163.52.0,255.255.252.0,22356
265975,164.163.68.0,255.255.254.0,6939
265968,164.163.84.0,255.255.254.0,22356
265949,164.163.96.0,255.255.252.0,22356
46890,164.163.108.0,255.255.252.0,22356
28153,164.163.140.0,255.255.252.0,263444
265966,164.163.176.0,255.255.252.0,22356
271794,164.163.186.0,255.255.254.0,22356
265978,164.163.248.0,255.255.252.0,39392
7633,164.164.0.0,255.255.240.0,5405
57574,164.215.56.0,255.255.248.0,6939
42773,164.215.64.0,255.255.255.0,6939
33962,164.215.72.0,255.255.255.0,6939
7297,165.1.0.0,255.255.192.0,39392
6614,165.27.244.0,255.255.252.0,39392
328172,165.73.140.0,255.255.252.0,39392
328747,165.73.224.0,255.255.248.0,6939
328237,165.73.232.0,255.255.252.0,6939
327956,165.90.128.0,255.255.224.0,39392
327950,165.90.192.0,255.255.252.0,5405
18840,165.98.38.0,255.255.255.0,22356
27742,165.98.96.0,255.255.252.0,22356
134127,165.99.5.0,255.255.255.0,24482
153896,165.99.21.0,255.255.255.0,6939
153918,165.99.68.0,255.255.255.0,6939
153939,165.99.86.0,255.255.255.0,6939
153908,165.99.114.0,255.255.254.0,6939
153940,165.99.151.0,255.255.255.0,24482
153987,165.99.152.0,255.255.254.0,24482
153971,165.101.9.0,255.255.255.0,39392
151496,165.101.57.0,255.255.255.0,263444
152595,165.101.76.0,255.255.254.0,39392
154003,165.101.90.0,255.255.255.0,6939
151351,165.101.180.0,255.255.254.0,6939
12233,165.140.130.0,255.255.255.0,6939
9663,165.140.142.0,255.255.255.0,39392
262202,165.183.123.0,255.255.255.0,6939
7020,165.233.0.0,255.255.0.0,6939
9317,165.246.0.0,255.255.0.0,6939
6524,165.251.24.0,255.255.255.0,39392
22691,165.254.98.0,255.255.255.0,39392
32799,165.254.104.0,255.255.255.0,6939
6568,166.114.16.0,255.255.240.0,39392
17562,167.30.144.0,255.255.255.0,6939
398290,167.32.0.0,255.255.0.0,6939
62997,167.88.49.0,255.255.255.0,6939
17328,167.92.38.0,255.255.255.0,6939
148997,167.94.112.0,255.255.255.0,6939
398170,167.94.116.0,255.255.254.0,39392
36724,167.100.4.0,255.255.252.0,6939
36073,167.100.112.0,255.255.254.0,6939
27026,167.102.0.0,255.255.0.0,6939
397446,167.142.97.0,255.255.255.0,6939
209845,167.150.86.0,255.255.255.0,5405
215332,167.150.91.0,255.255.255.0,5405
205966,167.150.200.0,255.255.255.0,39392
49832,167.160.20.0,255.255.255.0,6939
22012,167.182.4.0,255.255.255.0,39392
13169,167.202.195.0,255.255.255.0,6939
11596,167.209.0.0,255.255.0.0,39392
52913,167.249.4.0,255.255.252.0,22356
262644,167.249.12.0,255.255.252.0,263444
265158,167.249.16.0,255.255.252.0,22356
265166,167.249.24.0,255.255.252.0,39392
64131,167.249.30.0,255.255.254.0,6939
27817,167.249.41.0,255.255.255.0,22356
271646,167.249.68.0,255.255.254.0,22356
265169,167.249.80.0,255.255.252.0,263444
265160,167.249.108.0,255.255.252.0,22356
265170,167.249.120.0,255.255.255.0,22356
265178,167.249.128.0,255.255.252.0,262355
265192,167.249.144.0,255.255.252.0,6939
265188,167.249.164.0,255.255.252.0,22356
53066,167.249.184.0,255.255.252.0,22356
265175,167.249.208.0,255.255.252.0,22356
263764,167.249.216.0,255.255.255.0,22356
265180,167.249.220.0,255.255.255.0,263444
25933,167.249.232.0,255.255.252.0,22356
265172,167.249.240.0,255.255.255.0,263444
265185,167.250.0.0,255.255.252.0,22356
265194,167.250.16.0,255.255.252.0,6939
265279,167.250.24.0,255.255.252.0,22356
265198,167.250.28.0,255.255.252.0,22356
28618,167.250.32.0,255.255.252.0,263444
265189,167.250.44.0,255.255.252.0,263444
264943,167.250.60.0,255.255.252.0,262355
262715,167.250.88.0,255.255.252.0,22356
265199,167.250.96.0,255.255.252.0,22356
265201,167.250.140.0,255.255.252.0,22356
265214,167.250.156.0,255.255.255.0,22356
265207,167.250.160.0,255.255.252.0,263444
265255,167.250.164.0,255.255.252.0,22356
265804,167.250.168.0,255.255.252.0,22356
267748,167.250.196.0,255.255.254.0,6939
262253,167.250.204.0,255.255.252.0,39392
265220,167.250.248.0,255.255.255.0,39392
265239,167.250.252.0,255.255.252.0,263444
265240,168.0.0.0,255.255.255.0,263444
265217,168.0.8.0,255.255.252.0,22356
52651,168.0.16.0,255.255.254.0,263444
265242,168.0.20.0,255.255.252.0,22356
265222,168.0.32.0,255.255.252.0,6939
265244,168.0.36.0,255.255.252.0,22356
265229,168.0.52.0,255.255.252.0,22356
19990,168.0.60.0,255.255.252.0,22356
265230,168.0.68.0,255.255.252.0,263444
265231,168.0.92.0,255.255.252.0,263444
265232,168.0.100.0,255.255.252.0,22356
262557,168.0.104.0,255.255.252.0,22356
262791,168.0.108.0,255.255.252.0,22356
265249,168.0.112.0,255.255.254.0,22356
265262,168.0.132.0,255.255.255.0,22356
262565,168.0.140.0,255.255.252.0,22356
52560,168.0.144.0,255.255.252.0,262355
263483,168.0.164.0,255.255.254.0,22356
265257,168.0.168.0,255.255.252.0,22356
265303,168.0.172.0,255.255.252.0,263444
273517,168.0.192.0,255.255.252.0,263444
265265,168.0.196.0,255.255.252.0,6939
265260,168.0.224.0,255.255.252.0,22356
52872,168.0.236.0,255.255.252.0,263444
262408,168.0.240.0,255.255.252.0,263444
3480,168.8.0.0,255.252.0.0,6939
4544,168.75.240.0,255.255.240.0,6939
3551,168.77.0.0,255.255.255.0,22356
11556,168.77.209.0,255.255.255.0,6939
265277,168.90.4.0,255.255.252.0,22356
263032,168.90.44.0,255.255.252.0,22356
265264,168.90.48.0,255.255.252.0,263444
265278,168.90.56.0,255.255.252.0,22356
265268,168.90.64.0,255.255.252.0,22356
52971,168.90.76.0,255.255.252.0,22356
262988,168.90.80.0,255.255.252.0,22356
265269,168.90.88.0,255.255.252.0,22356
265310,168.90.104.0,255.255.252.0,39392
265187,168.90.112.0,255.255.252.0,22356
53175,168.90.120.0,255.255.252.0,22356
263769,168.90.128.0,255.255.252.0,22356
265272,168.90.144.0,255.255.252.0,22356
265282,168.90.208.0,255.255.252.0,22356
61579,168.90.240.0,255.255.252.0,22356
3597,168.96.0.0,255.255.0.0,22356
3700,168.100.0.0,255.255.252.0,6939
399224,168.100.12.0,255.255.254.0,6939
30562,168.100.171.0,255.255.255.0,39392
265294,168.121.24.0,255.255.254.0,22356
265300,168.121.68.0,255.255.252.0,22356
52398,168.121.84.0,255.255.252.0,39392
265308,168.121.88.0,255.255.252.0,22356
265317,168.121.96.0,255.255.252.0,263444
265320,168.121.104.0,255.255.252.0,22356
262492,168.121.108.0,255.255.252.0,22356
265311,168.121.112.0,255.255.252.0,22356
265312,168.121.136.0,255.255.252.0,22356
265322,168.121.140.0,255.255.254.0,6939
263596,168.121.144.0,255.255.252.0,22356
263421,168.121.156.0,255.255.254.0,22356
265319,168.121.180.0,255.255.254.0,22356
28000,168.121.184.0,255.255.252.0,39392
265066,168.121.200.0,255.255.252.0,263444
265323,168.121.204.0,255.255.252.0,263444
262966,168.121.248.0,255.255.252.0,263444
395400,168.123.0.0,255.255.0.0,6939
53029,168.181.40.0,255.255.252.0,6939
52956,168.181.56.0,255.255.252.0,6939
265330,168.181.60.0,255.255.252.0,263444
52432,168.181.72.0,255.255.252.0,22356
22011,168.181.77.0,255.255.255.0,22356
262218,168.181.95.0,255.255.255.0,22356
265336,168.181.96.0,255.255.252.0,263444
265334,168.181.104.0,255.255.254.0,39392
264847,168.181.120.0,255.255.252.0,22356
265356,168.181.124.0,255.255.252.0,6939
264862,168.181.132.0,255.255.252.0,22356
265337,168.181.140.0,255.255.252.0,22356
265348,168.181.144.0,255.255.252.0,22356
265346,168.181.188.0,255.255.252.0,6939
262296,168.181.196.0,255.255.252.0,22356
53178,168.181.216.0,255.255.252.0,263444
18298,168.188.0.0,255.255.0.0,6939
265388,168.194.8.0,255.255.252.0,262355
265377,168.194.12.0,255.255.252.0,22356
265389,168.194.16.0,255.255.255.0,22356
265383,168.194.20.0,255.255.252.0,22356
265390,168.194.24.0,255.255.252.0,22356
265375,168.194.28.0,255.255.252.0,39392
267513,168.194.56.0,255.255.252.0,22356
265379,168.194.64.0,255.255.252.0,22356
265386,168.194.84.0,255.255.252.0,22356
263395,168.194.136.0,255.255.254.0,22356
264754,168.194.140.0,255.255.255.0,22356
265405,168.194.152.0,255.255.252.0,39392
265393,168.194.164.0,255.255.252.0,22356
265391,168.194.172.0,255.255.254.0,22356
273810,168.194.177.0,255.255.255.0,263444
27747,168.194.180.0,255.255.252.0,39392
265407,168.194.188.0,255.255.252.0,22356
264760,168.194.216.0,255.255.252.0,6939
265401,168.194.224.0,255.255.255.0,22356
265410,168.195.0.0,255.255.252.0,263444
265406,168.195.4.0,255.255.252.0,22356
265424,168.195.24.0,255.255.252.0,22356
265408,168.195.44.0,255.255.252.0,6939
52999,168.195.68.0,255.255.252.0,263444
265429,168.195.80.0,255.255.252.0,39392
265443,168.195.92.0,255.255.254.0,39392
264228,168.195.100.0,255.255.252.0,263444
28114,168.195.108.0,255.255.252.0,22356
264759,168.195.116.0,255.255.252.0,22356
265434,168.195.132.0,255.255.252.0,39392
265421,168.195.136.0,255.255.255.0,22356
271027,168.195.156.0,255.255.252.0,22356
265426,168.195.164.0,255.255.252.0,263444
265436,168.195.168.0,255.255.252.0,22356
265437,168.195.176.0,255.255.252.0,22356
265438,168.195.212.0,255.255.252.0,22356
265442,168.196.40.0,255.255.252.0,22356
262360,168.196.44.0,255.255.252.0,263444
262908,168.196.56.0,255.255.252.0,263444
265455,168.196.76.0,255.255.252.0,22356
265448,168.196.100.0,255.255.255.0,263444
263289,168.196.128.0,255.255.255.0,263444
264768,168.196.140.0,255.255.252.0,6939
265465,168.196.160.0,255.255.252.0,22356
265468,168.196.164.0,255.255.252.0,263444
52777,168.196.168.0,255.255.252.0,263444
262469,168.196.172.0,255.255.252.0,263444
10778,168.196.184.0,255.255.252.0,22356
52848,168.196.188.0,255.255.252.0,22356
265457,168.196.192.0,255.255.252.0,22356
265471,168.196.210.0,255.255.254.0,39392
265472,168.196.212.0,255.255.252.0,22356
265462,168.196.220.0,255.255.252.0,22356
265463,168.197.12.0,255.255.252.0,22356
52947,168.197.16.0,255.255.252.0,22356
264985,168.197.28.0,255.255.252.0,22356
262880,168.197.52.0,255.255.252.0,263444
53043,168.197.60.0,255.255.252.0,22356
263518,168.197.84.0,255.255.252.0,22356
265478,168.197.92.0,255.255.254.0,22356
265477,168.197.104.0,255.255.252.0,263444
265482,168.197.140.0,255.255.252.0,22356
265485,168.197.156.0,255.255.252.0,22356
264773,168.197.172.0,255.255.252.0,6939
264788,168.197.189.0,255.255.255.0,6939
263252,168.197.228.0,255.255.252.0,22356
263151,168.205.24.0,255.255.252.0,263444
263674,168.205.44.0,255.255.252.0,263444
265363,168.205.48.0,255.255.252.0,6939
263641,168.205.60.0,255.255.252.0,22356
265354,168.205.68.0,255.255.252.0,263444
52780,168.205.84.0,255.255.254.0,22356
265364,168.205.88.0,255.255.252.0,263444
262519,168.205.104.0,255.255.252.0,22356
265365,168.205.128.0,255.255.252.0,263444
263145,168.205.136.0,255.255.252.0,263444
262642,168.205.140.0,255.255.252.0,6939
52944,168.205.152.0,255.255.252.0,22356
264864,168.205.168.0,255.255.254.0,22356
52794,168.205.180.0,255.255.252.0,6939
264867,168.205.224.0,255.255.255.0,6939
61795,168.205.244.0,255.255.255.0,22356
264892,168.205.252.0,255.255.252.0,6939
265780,168.227.20.0,255.255.255.0,22356
264883,168.227.40.0,255.255.252.0,22356
264872,168.227.48.0,255.255.252.0,22356
264880,168.227.56.0,255.255.252.0,39392
264876,168.227.60.0,255.255.252.0,22356
52940,168.227.76.0,255.255.252.0,6939
52603,168.227.100.0,255.255.252.0,22356
52330,168.227.104.0,255.255.255.0,22356
264891,168.227.112.0,255.255.252.0,263444
264879,168.227.124.0,255.255.252.0,6939
263526,168.227.136.0,255.255.252.0,22356
53240,168.227.148.0,255.255.252.0,22356
52898,168.227.156.0,255.255.252.0,22356
264881,168.227.172.0,255.255.252.0,263444
264886,168.227.180.0,255.255.252.0,22356
52988,168.227.189.0,255.255.255.0,22356
21574,168.227.200.0,255.255.252.0,22356
264830,168.227.204.0,255.255.254.0,22356
27987,168.227.206.0,255.255.255.0,22356
264888,168.227.212.0,255.255.252.0,22356
264897,168.227.224.0,255.255.252.0,22356
264898,168.227.248.0,255.255.252.0,22356
264899,168.228.4.0,255.255.252.0,22356
264900,168.228.8.0,255.255.252.0,22356
263057,168.228.16.0,255.255.252.0,22356
264909,168.228.80.0,255.255.252.0,262355
264906,168.228.84.0,255.255.252.0,22356
264913,168.228.88.0,255.255.252.0,263444
28309,168.228.96.0,255.255.252.0,263444
264917,168.228.112.0,255.255.252.0,22356
262698,168.228.120.0,255.255.252.0,263444
264953,168.228.148.0,255.255.252.0,22356
264939,168.228.152.0,255.255.252.0,22356
264911,168.228.156.0,255.255.252.0,22356
263341,168.228.160.0,255.255.252.0,22356
262611,168.228.168.0,255.255.252.0,6939
264926,168.228.176.0,255.255.252.0,6939
28642,168.228.180.0,255.255.252.0,22356
264927,168.228.184.0,255.255.252.0,6939
263137,168.228.196.0,255.255.252.0,6939
264929,168.228.216.0,255.255.252.0,22356
264915,168.228.220.0,255.255.252.0,22356
2716,168.228.252.0,255.255.252.0,263444
264920,168.232.4.0,255.255.252.0,22356
264949,168.232.44.0,255.255.252.0,263444
264935,168.232.64.0,255.255.252.0,22356
264936,168.232.80.0,255.255.252.0,22356
262787,168.232.92.0,255.255.252.0,263444
52387,168.232.96.0,255.255.252.0,22356
264940,168.232.124.0,255.255.252.0,263444
11815,168.232.140.0,255.255.252.0,39392
263450,168.232.156.0,255.255.252.0,263444
263626,168.232.176.0,255.255.252.0,22356
263563,168.232.180.0,255.255.252.0,6939
264947,168.232.192.0,255.255.252.0,22356
264948,168.232.196.0,255.255.252.0,22356
264954,168.232.200.0,255.255.252.0,6939
264960,168.232.204.0,255.255.252.0,22356
264956,168.232.208.0,255.255.252.0,22356
264959,168.232.212.0,255.255.252.0,22356
263614,168.232.220.0,255.255.252.0,22356
264952,168.232.240.0,255.255.252.0,263444
264955,168.232.252.0,255.255.252.0,6939
271968,168.243.76.0,255.255.255.0,6939
262179,168.243.88.0,255.255.248.0,22356
16592,168.243.206.0,255.255.255.0,22356
16668,168.245.132.0,255.255.255.0,6939
36338,168.245.141.0,255.255.255.0,39392
327908,168.253.120.0,255.255.255.0,6939
12161,169.131.48.0,255.255.252.0,39392
20249,169.196.0.0,255.255.254.0,5405
14115,169.202.5.0,255.255.255.0,22356
327981,169.239.16.0,255.255.252.0,6939
327889,169.239.28.0,255.255.252.0,39392
327922,169.239.44.0,255.255.252.0,6939
37436,169.239.104.0,255.255.255.0,6939
327972,169.239.168.0,255.255.252.0,6939
29606,169.239.184.0,255.255.252.0,6939
328360,169.239.228.0,255.255.255.0,6939
327985,169.239.232.0,255.255.255.0,39392
327982,169.239.240.0,255.255.252.0,6939
327926,169.255.28.0,255.255.252.0,22356
37639,169.255.44.0,255.255.255.0,6939
327833,169.255.88.0,255.255.252.0,6939
327885,169.255.184.0,255.255.252.0,6939
327894,169.255.228.0,255.255.252.0,6939
264957,170.0.0.0,255.255.252.0,6939
28668,170.0.20.0,255.255.252.0,22356
264974,170.0.52.0,255.255.252.0,22356
265008,170.0.60.0,255.255.252.0,22356
264963,170.0.68.0,255.255.252.0,22356
264966,170.0.96.0,255.255.254.0,22356
264968,170.0.104.0,255.255.252.0,22356
264969,170.0.112.0,255.255.252.0,22356
264972,170.0.128.0,255.255.252.0,22356
264982,170.0.132.0,255.255.255.0,22356
52745,170.0.144.0,255.255.252.0,262355
263055,170.0.172.0,255.255.252.0,263444
10269,170.0.180.0,255.255.252.0,22356
264983,170.0.236.0,255.255.252.0,22356
262301,170.0.248.0,255.255.252.0,22356
205627,170.2.122.0,255.255.254.0,24482
395555,170.10.64.0,255.255.255.0,6939
23410,170.24.0.0,255.255.254.0,39392
12187,170.28.16.0,255.255.254.0,39392
33229,170.39.24.0,255.255.254.0,6939
19850,170.39.72.0,255.255.255.0,6939
30482,170.39.75.0,255.255.255.0,6939
63279,170.39.203.0,255.255.255.0,5405
207609,170.39.231.0,255.255.255.0,6939
56488,170.62.206.0,255.255.255.0,209531
25761,170.62.253.0,255.255.255.0,5405
14201,170.65.32.0,255.255.252.0,6939
11993,170.66.0.0,255.255.128.0,263444
265491,170.78.0.0,255.255.252.0,22356
53201,170.78.12.0,255.255.252.0,39392
52587,170.78.29.0,255.255.255.0,6939
264796,170.78.40.0,255.255.254.0,6939
265496,170.78.60.0,255.255.255.0,39392
266269,170.78.96.0,255.255.252.0,22356
265694,170.78.136.0,255.255.252.0,22356
266272,170.78.148.0,255.255.252.0,22356
52860,170.78.156.0,255.255.252.0,22356
266298,170.78.172.0,255.255.252.0,39392
266275,170.78.180.0,255.255.252.0,22356
264785,170.78.184.0,255.255.255.0,39392
266286,170.78.216.0,255.255.252.0,6939
266280,170.78.228.0,255.255.252.0,263444
263338,170.78.244.0,255.255.252.0,263444
262273,170.79.12.0,255.255.255.0,6939
263566,170.79.28.0,255.255.252.0,6939
266282,170.79.76.0,255.255.252.0,22356
266284,170.79.84.0,255.255.255.0,6939
266291,170.79.120.0,255.255.252.0,22356
263486,170.79.128.0,255.255.252.0,263444
266308,170.79.140.0,255.255.252.0,22356
266294,170.79.152.0,255.255.252.0,22356
266302,170.79.168.0,255.255.252.0,22356
266309,170.79.176.0,255.255.252.0,22356
266300,170.79.188.0,255.255.252.0,263444
262378,170.79.192.0,255.255.255.0,22356
266304,170.79.200.0,255.255.252.0,22356
264806,170.79.232.0,255.255.252.0,22356
52612,170.79.249.0,255.255.255.0,263444
266365,170.80.4.0,255.255.255.0,6939
263603,170.80.12.0,255.255.252.0,263444
266380,170.80.40.0,255.255.252.0,263444
266374,170.80.48.0,255.255.252.0,22356
266375,170.80.52.0,255.255.252.0,263444
272730,170.80.60.0,255.255.252.0,263444
262514,170.80.64.0,255.255.252.0,263444
266371,170.80.76.0,255.255.252.0,263444
266410,170.80.80.0,255.255.254.0,22356
266376,170.80.112.0,255.255.254.0,22356
266384,170.80.144.0,255.255.252.0,22356
266388,170.80.156.0,255.255.252.0,22356
266382,170.80.184.0,255.255.252.0,22356
266391,170.80.192.0,255.255.254.0,22356
266385,170.80.224.0,255.255.252.0,263444
266381,170.80.244.0,255.255.255.0,263444
61872,170.81.44.0,255.255.252.0,262355
263634,170.81.48.0,255.255.252.0,263444
266401,170.81.60.0,255.255.252.0,263444
266409,170.81.68.0,255.255.252.0,22356
266394,170.81.76.0,255.255.252.0,263444
266399,170.81.92.0,255.255.252.0,39392
61618,170.81.100.0,255.255.252.0,263444
266416,170.81.108.0,255.255.255.0,6939
266406,170.81.120.0,255.255.254.0,263444
266428,170.81.152.0,255.255.252.0,22356
266414,170.81.156.0,255.255.252.0,22356
266420,170.81.160.0,255.255.252.0,22356
53121,170.81.180.0,255.255.255.0,22356
266430,170.81.200.0,255.255.252.0,22356
266423,170.81.208.0,255.255.252.0,22356
266425,170.81.232.0,255.255.252.0,22356
266439,170.81.248.0,255.255.252.0,263444
262437,170.82.8.0,255.255.252.0,263444
266440,170.82.20.0,255.255.252.0,22356
266441,170.82.28.0,255.255.255.0,22356
266438,170.82.48.0,255.255.252.0,22356
266434,170.82.52.0,255.255.252.0,22356
263266,170.82.108.0,255.255.252.0,263444
264836,170.82.112.0,255.255.255.0,22356
262428,170.82.152.0,255.255.252.0,22356
53152,170.82.160.0,255.255.252.0,22356
266446,170.82.192.0,255.255.252.0,22356
266457,170.82.200.0,255.255.252.0,39392
262588,170.82.204.0,255.255.254.0,6939
266456,170.82.212.0,255.255.252.0,22356
266448,170.82.220.0,255.255.252.0,22356
266460,170.82.252.0,255.255.252.0,22356
266454,170.83.0.0,255.255.252.0,263444
266465,170.83.12.0,255.255.252.0,22356
266451,170.83.24.0,255.255.252.0,263444
266453,170.83.36.0,255.255.254.0,39392
266471,170.83.48.0,255.255.252.0,22356
266481,170.83.88.0,255.255.252.0,263444
52817,170.83.92.0,255.255.252.0,262355
266467,170.83.112.0,255.255.252.0,263444
266468,170.83.144.0,255.255.252.0,22356
266470,170.83.152.0,255.255.252.0,22356
266483,170.83.156.0,255.255.252.0,263444
266487,170.83.184.0,255.255.254.0,22356
266476,170.83.196.0,255.255.252.0,263444
263470,170.83.200.0,255.255.252.0,263444
53236,170.83.204.0,255.255.252.0,22356
52593,170.83.208.0,255.255.252.0,22356
263482,170.83.212.0,255.255.252.0,22356
266477,170.83.228.0,255.255.252.0,22356
264989,170.84.16.0,255.255.255.0,263444
265029,170.84.24.0,255.255.252.0,22356
265019,170.84.36.0,255.255.252.0,22356
263009,170.84.52.0,255.255.252.0,22356
265006,170.84.60.0,255.255.252.0,22356
264988,170.84.70.0,255.255.255.0,22356
264999,170.84.76.0,255.255.252.0,22356
264991,170.84.92.0,255.255.252.0,22356
264993,170.84.116.0,255.255.252.0,263444
28073,170.84.128.0,255.255.252.0,39392
265017,170.84.140.0,255.255.252.0,22356
264997,170.84.144.0,255.255.252.0,22356
264998,170.84.156.0,255.255.252.0,22356
265016,170.84.164.0,255.255.252.0,263444
265015,170.84.180.0,255.255.252.0,39392
16629,170.84.208.0,255.255.252.0,39392
265037,170.84.220.0,255.255.252.0,22356
265028,170.84.248.0,255.255.255.0,263444
394542,170.117.216.0,255.255.252.0,39392
19273,170.119.0.0,255.255.255.0,6939
263003,170.150.16.0,255.255.252.0,22356
61826,170.150.20.0,255.255.252.0,22356
53246,170.150.40.0,255.255.252.0,22356
265025,170.150.48.0,255.255.252.0,263444
262932,170.150.64.0,255.255.252.0,39392
28636,170.150.68.0,255.255.252.0,263444
265032,170.150.72.0,255.255.252.0,263444
265027,170.150.96.0,255.255.252.0,22356
61828,170.150.132.0,255.255.252.0,22356
265038,170.150.200.0,255.255.252.0,22356
263290,170.150.208.0,255.255.255.0,262355
265036,170.150.224.0,255.255.252.0,22356
61918,170.150.232.0,255.255.252.0,22356
265044,170.150.244.0,255.255.252.0,22356
52565,170.150.248.0,255.255.252.0,22356
27967,170.155.0.0,255.255.192.0,39392
46158,170.158.0.0,255.255.0.0,5405
11516,170.161.2.0,255.255.255.0,39392
10583,170.163.0.0,255.255.0.0,39392
26517,170.189.12.0,255.255.255.0,6939
4270,170.210.0.0,255.255.0.0,39392
27790,170.210.248.0,255.255.248.0,22356
11740,170.218.32.0,255.255.240.0,6939
265043,170.231.28.0,255.255.252.0,6939
27851,170.231.36.0,255.255.252.0,22356
265061,170.231.56.0,255.255.252.0,6939
27833,170.231.76.0,255.255.252.0,22356
53022,170.231.84.0,255.255.252.0,22356
265065,170.231.96.0,255.255.252.0,22356
265053,170.231.108.0,255.255.252.0,22356
265055,170.231.120.0,255.255.252.0,22356
264723,170.231.124.0,255.255.252.0,22356
265063,170.231.192.0,255.255.252.0,22356
262367,170.231.212.0,255.255.252.0,22356
263573,170.231.240.0,255.255.252.0,263444
52531,170.233.12.0,255.255.255.0,6939
265085,170.233.24.0,255.255.252.0,39392
265086,170.233.32.0,255.255.252.0,6939
52547,170.233.52.0,255.255.252.0,6939
53057,170.233.84.0,255.255.252.0,263444
265077,170.233.96.0,255.255.252.0,22356
265093,170.233.104.0,255.255.252.0,22356
265078,170.233.112.0,255.255.252.0,263444
265080,170.233.120.0,255.255.254.0,22356
265088,170.233.140.0,255.255.252.0,22356
265067,170.233.188.0,255.255.252.0,263444
265098,170.233.236.0,255.255.252.0,6939
61920,170.233.244.0,255.255.252.0,6939
265091,170.233.248.0,255.255.252.0,263444
11534,170.235.0.0,255.255.0.0,6939
61928,170.238.4.0,255.255.252.0,22356
266317,170.238.44.0,255.255.255.0,22356
266312,170.238.56.0,255.255.252.0,263444
264798,170.238.66.0,255.255.255.0,6939
266315,170.238.104.0,255.255.252.0,22356
266337,170.238.112.0,255.255.254.0,22356
266322,170.238.120.0,255.255.252.0,22356
266319,170.238.128.0,255.255.254.0,39392
264814,170.238.200.0,255.255.252.0,6939
273568,170.238.212.0,255.255.252.0,39392
52428,170.238.240.0,255.255.255.0,39392
52878,170.239.0.0,255.255.255.0,22356
266345,170.239.16.0,255.255.254.0,22356
266341,170.239.60.0,255.255.252.0,22356
53169,170.239.68.0,255.255.252.0,22356
52765,170.239.72.0,255.255.252.0,22356
266355,170.239.104.0,255.255.254.0,22356
266348,170.239.108.0,255.255.252.0,22356
262664,170.239.124.0,255.255.252.0,22356
263110,170.239.132.0,255.255.252.0,22356
266353,170.239.140.0,255.255.252.0,22356
266361,170.239.144.0,255.255.255.0,22356
263415,170.239.160.0,255.255.252.0,22356
264815,170.239.168.0,255.255.252.0,6939
264740,170.239.180.0,255.255.252.0,22356
266354,170.239.184.0,255.255.252.0,263444
265629,170.239.204.0,255.255.255.0,22356
266358,170.239.212.0,255.255.252.0,22356
266396,170.239.228.0,255.255.252.0,6939
266360,170.239.252.0,255.255.252.0,22356
52699,170.244.0.0,255.255.252.0,263444
266513,170.244.16.0,255.255.252.0,22356
266489,170.244.24.0,255.255.252.0,22356
263608,170.244.28.0,255.255.252.0,22356
272757,170.244.36.0,255.255.252.0,22356
266479,170.244.44.0,255.255.252.0,22356
266492,170.244.64.0,255.255.252.0,22356
266498,170.244.72.0,255.255.252.0,22356
266505,170.244.76.0,255.255.252.0,22356
266493,170.244.84.0,255.255.252.0,22356
266499,170.244.148.0,255.255.252.0,22356
266504,170.244.160.0,255.255.252.0,263444
266502,170.244.172.0,255.255.252.0,22356
266013,170.244.200.0,255.255.255.0,39392
263496,170.244.216.0,255.255.252.0,22356
266523,170.244.228.0,255.255.252.0,22356
262770,170.244.244.0,255.255.252.0,263444
266519,170.245.8.0,255.255.252.0,262355
11562,170.245.34.0,255.255.255.0,6939
266014,170.245.44.0,255.255.252.0,263444
266516,170.245.64.0,255.255.252.0,22356
267450,170.245.80.0,255.255.252.0,262355
262761,170.245.104.0,255.255.252.0,263444
266022,170.245.124.0,255.255.252.0,22356
266524,170.245.176.0,255.255.254.0,22356
262504,170.245.196.0,255.255.252.0,263444
266019,170.245.204.0,255.255.252.0,262355
266030,170.245.244.0,255.255.255.0,22356
262379,170.246.44.0,255.255.252.0,22356
266029,170.246.60.0,255.255.252.0,263444
266034,170.246.116.0,255.255.252.0,39392
265656,170.246.172.0,255.255.252.0,22356
266031,170.246.252.0,255.255.255.0,22356
52714,170.247.12.0,255.255.252.0,263444
263324,170.247.20.0,255.255.252.0,263444
262593,170.247.24.0,255.255.252.0,263444
272193,170.247.108.0,255.255.252.0,22356
394353,170.247.170.0,255.255.254.0,6939
271245,170.247.184.0,255.255.252.0,22356
53014,170.247.196.0,255.255.252.0,22356
264827,170.247.204.0,255.255.252.0,22356
61792,170.247.236.0,255.255.252.0,22356
263648,170.247.248.0,255.255.252.0,22356
263528,170.254.4.0,255.255.252.0,263444
265095,170.254.24.0,255.255.252.0,22356
28169,170.254.40.0,255.255.252.0,22356
61901,170.254.52.0,255.255.254.0,22356
265100,170.254.80.0,255.255.252.0,22356
265103,170.254.100.0,255.255.252.0,22356
265113,170.254.108.0,255.255.252.0,22356
262322,170.254.112.0,255.255.252.0,262355
271008,170.254.120.0,255.255.255.0,22356
265106,170.254.132.0,255.255.252.0,39392
265398,170.254.144.0,255.255.252.0,22356
52372,170.254.164.0,255.255.252.0,39392
265111,170.254.192.0,255.255.252.0,22356
271007,170.254.236.0,255.255.252.0,22356
265385,170.254.248.0,255.255.252.0,22356
52584,170.254.252.0,255.255.252.0,22356
49353,171.22.164.0,255.255.252.0,39392
62093,171.22.211.0,255.255.255.0,6939
3221,171.22.244.0,255.255.252.0,6939
202780,171.25.147.0,255.255.255.0,39392
57701,171.25.182.0,255.255.255.0,39392
198093,171.25.193.0,255.255.255.0,6939
198416,171.25.196.0,255.255.252.0,6939
198418,171.25.230.0,255.255.255.0,6939
57700,171.25.232.0,255.255.252.0,6939
55514,171.102.38.0,255.255.255.0,6939
10794,171.153.32.0,255.255.255.0,6939
23374,172.82.124.0,255.255.252.0,6939
26531,172.84.0.0,255.255.192.0,39392
393968,172.85.76.0,255.255.255.0,6939
31823,172.86.238.0,255.255.255.0,39392
399668,172.98.26.0,255.255.254.0,6939
399899,172.98.52.0,255.255.255.0,6939
399327,172.99.152.0,255.255.252.0,39392
399199,172.99.192.0,255.255.255.0,6939
395075,172.102.16.0,255.255.240.0,39392
25948,172.110.129.0,255.255.255.0,6939
272110,172.121.177.0,255.255.255.0,39392
36483,172.255.48.0,255.255.252.0,6939
397781,173.205.220.0,255.255.255.0,6939
25715,173.225.32.0,255.255.240.0,6939
16842,173.229.0.0,255.255.252.0,6939
53999,173.237.208.0,255.255.240.0,39392
36372,173.242.144.0,255.255.240.0,39392
21577,173.250.240.0,255.255.240.0,6939
11737,173.251.30.0,255.255.255.0,39392
13599,173.251.54.0,255.255.255.0,39392
22225,173.251.60.0,255.255.255.0,39392
25785,174.46.238.0,255.255.255.0,22356
25738,174.47.123.0,255.255.255.0,39392
14642,174.127.198.0,255.255.255.0,6939
25795,174.136.96.0,255.255.240.0,22356
19383,174.136.128.0,255.255.255.0,6939
17469,175.29.124.0,255.255.252.0,6939
17754,175.101.0.0,255.255.255.0,39392
3662,175.159.254.0,255.255.255.0,6939
56800,176.10.40.0,255.255.248.0,6939
197825,176.10.56.0,255.255.255.0,209531
57279,176.12.112.0,255.255.240.0,39392
198580,176.53.193.0,255.255.255.0,6939
39097,176.57.249.0,255.255.255.0,39392
198230,176.58.16.0,255.255.252.0,5405
199252,176.58.23.0,255.255.255.0,5405
49985,176.62.224.0,255.255.240.0,39392
196983,176.65.80.0,255.255.255.0,39392
197981,176.67.88.0,255.255.248.0,4455
35613,176.74.128.0,255.255.224.0,39392
197956,176.96.32.0,255.255.240.0,5405
50029,176.96.64.0,255.255.255.0,6939
48978,176.96.80.0,255.255.255.0,5405
64486,176.96.229.0,255.255.255.0,6939
57288,176.97.8.0,255.255.248.0,39392
57219,176.97.48.0,255.255.255.0,5405
59958,176.97.52.0,255.255.252.0,39392
57333,176.97.160.0,255.255.224.0,6939
48610,176.97.194.0,255.255.255.0,6939
210270,176.98.36.0,255.255.252.0,6939
41096,176.98.64.0,255.255.224.0,6939
198151,176.98.112.0,255.255.248.0,6939
62099,176.98.248.0,255.255.252.0,39392
50121,176.99.48.0,255.255.248.0,5405
44030,176.99.64.0,255.255.224.0,6939
49718,176.100.64.0,255.255.192.0,6939
201512,176.101.90.0,255.255.255.0,5405
49588,176.101.192.0,255.255.224.0,6939
198235,176.102.80.0,255.255.240.0,6939
207156,176.102.176.0,255.255.248.0,39392
39822,176.102.192.0,255.255.224.0,6939
42510,176.103.64.0,255.255.248.0,6939
21096,176.103.114.0,255.255.254.0,6939
198371,176.104.104.0,255.255.255.0,6939
48683,176.104.240.0,255.255.248.0,6939
43440,176.105.235.0,255.255.255.0,6939
201395,176.105.240.0,255.255.255.0,5405
34265,176.106.0.0,255.255.248.0,5405
42104,176.106.64.0,255.255.224.0,6939
44629,176.106.192.0,255.255.224.0,6939
57760,176.107.16.0,255.255.255.0,1764
57800,176.108.0.0,255.255.224.0,39392
198490,176.108.128.0,255.255.248.0,6939
39422,176.108.232.0,255.255.248.0,6939
47655,176.111.72.0,255.255.248.0,6939
62410,176.111.96.0,255.255.252.0,6939
198642,176.111.224.0,255.255.240.0,5405
44988,176.112.64.0,255.255.252.0,6939
49124,176.112.88.0,255.255.255.0,6939
198616,176.112.96.0,255.255.240.0,6939
50911,176.112.224.0,255.255.224.0,6939
197400,176.113.192.0,255.255.240.0,5405
58055,176.113.208.0,255.255.240.0,6939
58067,176.114.16.0,255.255.240.0,6939
198709,176.114.232.0,255.255.248.0,6939
58350,176.115.0.0,255.255.224.0,39392
41743,176.115.136.0,255.255.248.0,6939
199042,176.115.168.0,255.255.248.0,39392
198766,176.115.240.0,255.255.240.0,39392
59560,176.116.145.0,255.255.255.0,39392
199091,176.116.148.0,255.255.252.0,5405
58158,176.117.128.0,255.255.224.0,6939
205711,176.118.0.0,255.255.252.0,6939
201624,176.118.199.0,255.255.255.0,6939
210055,176.119.134.0,255.255.255.0,39392
59606,176.119.142.0,255.255.255.0,6939
208103,176.119.206.0,255.255.255.0,39392
207767,176.119.209.0,255.255.255.0,39392
56457,176.119.210.0,255.255.255.0,6939
211700,176.119.212.0,255.255.255.0,39392
60557,176.119.215.0,255.255.255.0,39392
61363,176.119.216.0,255.255.255.0,4455
59444,176.121.80.0,255.255.252.0,6939
199416,176.121.112.0,255.255.240.0,5405
59517,176.122.200.0,255.255.255.0,6939
199061,176.122.212.0,255.255.252.0,6939
209921,176.122.240.0,255.255.252.0,5405
198076,176.123.49.0,255.255.255.0,6939
59506,176.123.64.0,255.255.192.0,6939
59515,176.123.192.0,255.255.254.0,6939
59665,176.124.144.0,255.255.252.0,6939
51596,176.124.150.0,255.255.254.0,6939
199197,176.124.190.0,255.255.255.0,39392
199188,176.124.191.0,255.255.255.0,5405
205363,176.124.240.0,255.255.255.0,39392
60341,176.124.253.0,255.255.255.0,39392
44172,176.126.0.0,255.255.224.0,6939
56600,176.126.128.0,255.255.224.0,6939
50324,176.126.216.0,255.255.252.0,39392
57746,176.223.96.0,255.255.254.0,39392
57588,176.241.80.0,255.255.255.0,6939
8167,177.0.0.0,255.255.0.0,6939
262830,177.8.32.0,255.255.252.0,22356
273779,177.8.69.0,255.255.255.0,22356
273663,177.8.71.0,255.255.255.0,22356
52890,177.8.80.0,255.255.240.0,22356
263028,177.8.112.0,255.255.240.0,263444
270581,177.8.132.0,255.255.252.0,22356
262720,177.8.192.0,255.255.240.0,263444
53191,177.8.216.0,255.255.252.0,6939
262841,177.10.24.0,255.255.252.0,263444
262842,177.10.32.0,255.255.248.0,22356
263591,177.10.44.0,255.255.252.0,22356
53234,177.10.64.0,255.255.255.0,22356
262846,177.10.80.0,255.255.248.0,263444
263442,177.10.92.0,255.255.252.0,6939
53235,177.10.112.0,255.255.252.0,22356
262851,177.10.144.0,255.255.248.0,22356
53238,177.10.160.0,255.255.248.0,263444
263019,177.10.168.0,255.255.252.0,263444
263601,177.10.172.0,255.255.252.0,22356
262854,177.10.192.0,255.255.248.0,22356
262302,177.10.204.0,255.255.252.0,262355
262856,177.10.208.0,255.255.248.0,6939
263036,177.10.216.0,255.255.252.0,22356
262861,177.10.224.0,255.255.248.0,263444
52754,177.11.31.0,255.255.255.0,39392
53243,177.11.48.0,255.255.252.0,263444
52934,177.11.60.0,255.255.252.0,263444
262872,177.11.64.0,255.255.248.0,263444
53209,177.11.136.0,255.255.248.0,6939
52903,177.11.168.0,255.255.254.0,22356
262885,177.11.240.0,255.255.252.0,6939
28665,177.12.0.0,255.255.192.0,39392
52967,177.12.81.0,255.255.255.0,22356
53118,177.12.96.0,255.255.240.0,22356
28188,177.12.132.0,255.255.255.0,22356
267464,177.12.135.0,255.255.255.0,22356
263033,177.12.176.0,255.255.240.0,6939
270751,177.12.220.0,255.255.255.0,22356
61568,177.12.224.0,255.255.254.0,22356
262866,177.12.240.0,255.255.240.0,263444
11338,177.13.0.0,255.255.240.0,263444
53237,177.14.64.0,255.255.224.0,22356
18881,177.16.0.0,255.252.0.0,39392
262857,177.20.128.0,255.255.224.0,22356
263084,177.21.48.0,255.255.240.0,263444
53088,177.21.80.0,255.255.240.0,262355
262876,177.21.160.0,255.255.224.0,6939
52952,177.22.16.0,255.255.240.0,263444
52981,177.22.32.0,255.255.240.0,22356
52958,177.22.128.0,255.255.240.0,39392
262901,177.22.192.0,255.255.240.0,22356
28264,177.22.240.0,255.255.248.0,22356
262357,177.22.252.0,255.255.254.0,6939
270868,177.23.48.0,255.255.252.0,263444
52906,177.23.56.0,255.255.248.0,22356
262268,177.23.88.0,255.255.248.0,22356
52907,177.23.104.0,255.255.252.0,263444
52908,177.23.120.0,255.255.248.0,22356
262896,177.23.144.0,255.255.248.0,263444
52911,177.23.152.0,255.255.248.0,22356
52960,177.23.160.0,255.255.255.0,22356
262898,177.23.176.0,255.255.248.0,22356
262903,177.23.208.0,255.255.252.0,22356
52970,177.23.222.0,255.255.254.0,22356
52963,177.23.224.0,255.255.248.0,22356
52938,177.23.232.0,255.255.248.0,22356
262906,177.23.248.0,255.255.255.0,263444
28573,177.32.0.0,255.255.0.0,6939
271042,177.36.16.0,255.255.252.0,22356
262909,177.36.48.0,255.255.240.0,263444
271211,177.36.72.0,255.255.252.0,263444
52972,177.36.96.0,255.255.240.0,263444
262401,177.36.128.0,255.255.255.0,22356
53070,177.36.224.0,255.255.240.0,39392
262462,177.37.0.0,255.255.240.0,22356
270606,177.37.16.0,255.255.252.0,22356
270675,177.37.24.0,255.255.252.0,263444
52893,177.37.48.0,255.255.254.0,263444
262418,177.37.96.0,255.255.255.0,22356
262808,177.37.112.0,255.255.240.0,22356
28126,177.37.128.0,255.255.128.0,22356
52964,177.38.0.0,255.255.248.0,22356
262911,177.38.48.0,255.255.248.0,263444
262402,177.38.80.0,255.255.240.0,22356
262403,177.38.96.0,255.255.248.0,6939
52758,177.38.184.0,255.255.248.0,263444
262409,177.38.192.0,255.255.248.0,22356
52759,177.38.200.0,255.255.255.0,22356
262411,177.38.208.0,255.255.252.0,263444
262412,177.38.216.0,255.255.252.0,22356
28216,177.38.224.0,255.255.254.0,22356
52994,177.39.4.0,255.255.252.0,6939
262416,177.39.32.0,255.255.254.0,263444
271615,177.39.96.0,255.255.252.0,22356
52772,177.39.156.0,255.255.252.0,22356
52770,177.39.184.0,255.255.248.0,22356
52774,177.39.196.0,255.255.252.0,263444
52978,177.39.200.0,255.255.252.0,22356
262433,177.39.208.0,255.255.248.0,263444
52795,177.39.216.0,255.255.248.0,22356
52979,177.39.224.0,255.255.248.0,22356
28202,177.44.0.0,255.255.128.0,22356
262424,177.44.128.0,255.255.255.0,22356
262434,177.44.160.0,255.255.240.0,262355
53173,177.44.176.0,255.255.248.0,22356
263139,177.44.220.0,255.255.252.0,263444
262441,177.44.240.0,255.255.240.0,22356
19182,177.45.0.0,255.255.0.0,39392
28135,177.46.0.0,255.255.128.0,22356
28166,177.46.128.0,255.255.128.0,39392
262480,177.47.80.0,255.255.248.0,263444
28271,177.47.96.0,255.255.224.0,22356
52993,177.47.128.0,255.255.240.0,22356
262283,177.47.176.0,255.255.240.0,39392
262473,177.47.208.0,255.255.240.0,263444
52995,177.47.224.0,255.255.240.0,263444
262478,177.47.240.0,255.255.240.0,6939
262435,177.52.16.0,255.255.255.0,6939
52997,177.52.102.0,255.255.255.0,263444
52782,177.52.132.0,255.255.252.0,39392
52820,177.52.174.0,255.255.254.0,6939
262450,177.52.192.0,255.255.248.0,22356
262452,177.52.216.0,255.255.254.0,22356
262454,177.52.248.0,255.255.252.0,22356
52990,177.53.16.0,255.255.255.0,22356
270864,177.53.24.0,255.255.254.0,6939
262457,177.53.32.0,255.255.248.0,22356
262458,177.53.48.0,255.255.248.0,263444
262463,177.53.80.0,255.255.248.0,22356
262475,177.53.176.0,255.255.252.0,263444
262476,177.53.184.0,255.255.252.0,39392
53020,177.53.192.0,255.255.252.0,263444
53138,177.53.224.0,255.255.248.0,22356
263434,177.53.236.0,255.255.252.0,22356
262889,177.54.32.0,255.255.240.0,22356
28292,177.54.48.0,255.255.240.0,263444
28154,177.54.64.0,255.255.240.0,263444
53142,177.54.112.0,255.255.252.0,22356
262456,177.54.128.0,255.255.240.0,6939
52991,177.54.160.0,255.255.240.0,6939
28596,177.54.208.0,255.255.240.0,5405
262299,177.54.240.0,255.255.254.0,6939
53003,177.55.128.0,255.255.240.0,22356
262505,177.55.144.0,255.255.240.0,263444
262507,177.55.160.0,255.255.252.0,263444
52837,177.66.4.0,255.255.255.0,39392
52649,177.66.6.0,255.255.255.0,6939
262487,177.66.17.0,255.255.255.0,263444
52841,177.66.24.0,255.255.252.0,263444
52843,177.66.40.0,255.255.248.0,263444
52845,177.66.72.0,255.255.252.0,263444
262490,177.66.80.0,255.255.248.0,22356
262496,177.66.128.0,255.255.248.0,22356
262499,177.66.152.0,255.255.252.0,263444
262501,177.66.168.0,255.255.252.0,263444
52798,177.66.196.0,255.255.252.0,6939
52660,177.66.248.0,255.255.248.0,22356
52662,177.67.24.0,255.255.252.0,22356
272430,177.67.34.0,255.255.255.0,22356
53010,177.67.48.0,255.255.255.0,39392
262477,177.67.63.0,255.255.255.0,6939
53013,177.67.80.0,255.255.252.0,22356
262517,177.67.96.0,255.255.248.0,263444
262526,177.67.192.0,255.255.248.0,6939
262527,177.67.208.0,255.255.248.0,6939
52679,177.67.216.0,255.255.254.0,263444
262583,177.67.253.0,255.255.255.0,263444
16735,177.69.0.0,255.255.0.0,39392
28209,177.70.0.0,255.255.224.0,263444
262545,177.70.96.0,255.255.248.0,263444
53019,177.70.160.0,255.255.240.0,22356
28359,177.70.192.0,255.255.240.0,263444
53217,177.70.208.0,255.255.240.0,263444
270630,177.70.244.0,255.255.254.0,263444
28254,177.71.16.0,255.255.248.0,263444
271340,177.71.104.0,255.255.252.0,22356
52814,177.72.8.0,255.255.248.0,263444
262539,177.72.24.0,255.255.252.0,263444
262540,177.72.32.0,255.255.248.0,22356
262541,177.72.48.0,255.255.248.0,39392
262558,177.72.112.0,255.255.254.0,22356
53017,177.72.120.0,255.255.248.0,263444
272505,177.72.144.0,255.255.254.0,22356
52818,177.72.148.0,255.255.252.0,22356
52870,177.72.152.0,255.255.252.0,39392
262548,177.72.160.0,255.255.252.0,262355
52827,177.72.164.0,255.255.252.0,6939
52687,177.72.196.0,255.255.252.0,22356
28283,177.72.224.0,255.255.248.0,22356
262629,177.72.252.0,255.255.254.0,262355
28637,177.72.255.0,255.255.255.0,6939
52683,177.73.8.0,255.255.248.0,22356
52685,177.73.24.0,255.255.248.0,22356
52696,177.73.44.0,255.255.255.0,6939
52698,177.73.68.0,255.255.252.0,22356
262566,177.73.72.0,255.255.252.0,22356
52704,177.73.92.0,255.255.252.0,22356
262567,177.73.96.0,255.255.248.0,6939
52688,177.73.104.0,255.255.252.0,39392
52689,177.73.120.0,255.255.252.0,39392
262570,177.73.144.0,255.255.252.0,22356
262571,177.73.160.0,255.255.248.0,22356
262572,177.73.176.0,255.255.248.0,263444
53016,177.74.0.0,255.255.192.0,22356
263378,177.74.80.0,255.255.240.0,39392
263380,177.74.112.0,255.255.248.0,22356
271054,177.74.168.0,255.255.254.0,22356
270738,177.74.196.0,255.255.254.0,22356
263652,177.74.224.0,255.255.252.0,22356
28178,177.75.0.0,255.255.240.0,39392
263647,177.75.24.0,255.255.248.0,262355
53087,177.75.64.0,255.255.240.0,22356
52819,177.75.112.0,255.255.252.0,22356
61851,177.75.224.0,255.255.240.0,22356
273704,177.84.31.0,255.255.255.0,6939
262578,177.84.32.0,255.255.252.0,22356
262579,177.84.49.0,255.255.255.0,263444
28171,177.84.64.0,255.255.248.0,6939
52719,177.84.72.0,255.255.255.0,22356
263534,177.84.76.0,255.255.252.0,22356
52711,177.84.88.0,255.255.252.0,22356
52724,177.84.92.0,255.255.252.0,263444
262586,177.84.128.0,255.255.252.0,262355
52729,177.84.216.0,255.255.248.0,22356
262594,177.84.240.0,255.255.248.0,22356
271263,177.85.8.0,255.255.252.0,22356
262597,177.85.32.0,255.255.248.0,22356
262600,177.85.64.0,255.255.248.0,6939
262608,177.85.128.0,255.255.255.0,22356
52548,177.85.136.0,255.255.252.0,263444
52569,177.85.155.0,255.255.255.0,22356
262609,177.85.160.0,255.255.252.0,263444
52554,177.85.200.0,255.255.255.0,22356
53213,177.85.228.0,255.255.252.0,22356
270602,177.85.240.0,255.255.252.0,22356
270603,177.85.244.0,255.255.252.0,22356
52557,177.86.8.0,255.255.248.0,6939
262620,177.86.16.0,255.255.248.0,263444
52550,177.86.44.0,255.255.252.0,22356
52561,177.86.76.0,255.255.252.0,262355
262506,177.86.96.0,255.255.248.0,263444
52570,177.86.116.0,255.255.252.0,263444
52852,177.86.120.0,255.255.255.0,262355
271080,177.86.136.0,255.255.252.0,22356
262634,177.86.176.0,255.255.248.0,22356
263377,177.86.236.0,255.255.252.0,22356
28338,177.87.24.0,255.255.255.0,22356
263097,177.87.57.0,255.255.255.0,6939
52591,177.87.68.0,255.255.252.0,263444
28334,177.87.88.0,255.255.252.0,22356
262655,177.87.100.0,255.255.254.0,22356
263511,177.87.120.0,255.255.254.0,22356
262303,177.87.136.0,255.255.252.0,39392
263387,177.87.156.0,255.255.252.0,6939
262304,177.87.160.0,255.255.248.0,22356
262306,177.87.176.0,255.255.252.0,22356
262310,177.87.240.0,255.255.248.0,22356
263389,177.87.252.0,255.255.252.0,263444
61895,177.91.16.0,255.255.254.0,262355
61899,177.91.68.0,255.255.252.0,6939
263433,177.91.80.0,255.255.248.0,22356
262317,177.91.120.0,255.255.248.0,263444
263443,177.91.132.0,255.255.252.0,22356
263295,177.91.140.0,255.255.255.0,22356
263445,177.91.164.0,255.255.252.0,22356
28306,177.91.176.0,255.255.240.0,22356
263120,177.92.144.0,255.255.248.0,39392
28279,177.92.224.0,255.255.240.0,22356
262606,177.92.240.0,255.255.248.0,22356
52861,177.93.144.0,255.255.248.0,263444
263153,177.93.152.0,255.255.248.0,6939
263159,177.93.160.0,255.255.255.0,22356
52869,177.93.184.0,255.255.252.0,22356
53075,177.93.192.0,255.255.224.0,6939
28663,177.93.224.0,255.255.240.0,22356
262668,177.101.176.0,255.255.240.0,22356
262624,177.104.16.0,255.255.248.0,22356
262742,177.104.32.0,255.255.224.0,6939
28640,177.104.128.0,255.255.240.0,22356
262632,177.104.192.0,255.255.240.0,39392
52657,177.104.240.0,255.255.240.0,22356
262637,177.105.64.0,255.255.240.0,22356
28634,177.105.128.0,255.255.240.0,22356
262653,177.105.208.0,255.255.240.0,22356
262313,177.105.224.0,255.255.240.0,22356
263609,177.105.240.0,255.255.252.0,22356
53101,177.107.208.0,255.255.248.0,6939
262311,177.124.0.0,255.255.248.0,263444
262312,177.124.16.0,255.255.252.0,263444
262320,177.124.96.0,255.255.252.0,263444
28133,177.124.134.0,255.255.254.0,22356
270541,177.124.152.0,255.255.252.0,22356
262328,177.124.176.0,255.255.252.0,263444
52607,177.125.56.0,255.255.255.0,22356
52611,177.125.120.0,255.255.252.0,22356
52641,177.125.132.0,255.255.252.0,6939
53132,177.125.144.0,255.255.248.0,22356
263396,177.125.252.0,255.255.252.0,22356
262338,177.126.64.0,255.255.240.0,22356
263520,177.126.152.0,255.255.248.0,22356
262361,177.128.0.0,255.255.248.0,263444
52631,177.128.24.0,255.255.248.0,22356
262364,177.128.32.0,255.255.248.0,263444
52638,177.128.56.0,255.255.248.0,22356
52643,177.128.72.0,255.255.248.0,22356
262365,177.128.80.0,255.255.248.0,22356
262805,177.128.92.0,255.255.252.0,263444
262385,177.128.104.0,255.255.248.0,22356
28148,177.128.116.0,255.255.255.0,22356
28253,177.128.117.0,255.255.255.0,6939
28196,177.128.118.0,255.255.254.0,22356
28587,177.128.184.0,255.255.248.0,6939
262381,177.128.240.0,255.255.248.0,22356
262383,177.129.0.0,255.255.252.0,6939
262807,177.129.16.0,255.255.248.0,39392
263063,177.129.75.0,255.255.255.0,6939
52538,177.129.111.0,255.255.255.0,262355
52541,177.129.156.0,255.255.252.0,22356
52876,177.129.176.0,255.255.252.0,22356
262940,177.129.204.0,255.255.252.0,263444
270888,177.129.240.0,255.255.254.0,22356
28260,177.130.0.0,255.255.240.0,22356
52551,177.130.112.0,255.255.240.0,263444
270782,177.131.132.0,255.255.252.0,263444
28615,177.131.192.0,255.255.224.0,22356
28624,177.131.197.0,255.255.255.0,22356
52871,177.136.0.0,255.255.248.0,22356
263600,177.136.64.0,255.255.248.0,39392
263606,177.136.72.0,255.255.254.0,22356
263109,177.136.76.0,255.255.254.0,263444
263595,177.136.176.0,255.255.248.0,22356
53050,177.136.192.0,255.255.248.0,22356
52600,177.137.112.0,255.255.248.0,22356
263053,177.137.128.0,255.255.254.0,22356
53163,177.137.190.0,255.255.255.0,22356
263087,177.137.208.0,255.255.240.0,22356
28173,177.137.224.0,255.255.240.0,6939
52748,177.137.248.0,255.255.252.0,22356
262399,177.152.0.0,255.255.224.0,22356
52527,177.152.80.0,255.255.255.0,22356
270585,177.152.96.0,255.255.252.0,263444
270586,177.152.100.0,255.255.252.0,22356
271477,177.152.124.0,255.255.254.0,263444
52542,177.152.144.0,255.255.248.0,39392
27715,177.153.0.0,255.255.224.0,6939
262945,177.154.24.0,255.255.252.0,22356
262949,177.154.80.0,255.255.248.0,22356
262688,177.154.96.0,255.255.240.0,262355
262288,177.154.160.0,255.255.248.0,22356
263583,177.155.80.0,255.255.252.0,22356
263129,177.155.84.0,255.255.254.0,263444
263616,177.155.112.0,255.255.240.0,22356
52752,177.155.163.0,255.255.255.0,22356
262828,177.155.192.0,255.255.248.0,263444
263620,177.155.232.0,255.255.248.0,263444
26592,177.184.7.0,255.255.255.0,6939
28368,177.184.128.0,255.255.248.0,22356
52923,177.184.176.0,255.255.240.0,263444
52924,177.184.224.0,255.255.255.0,22356
52927,177.185.32.0,255.255.248.0,22356
52930,177.185.48.0,255.255.240.0,22356
52931,177.185.96.0,255.255.248.0,22356
272606,177.185.104.0,255.255.254.0,6939
52932,177.185.112.0,255.255.248.0,22356
263599,177.185.208.0,255.255.240.0,262355
262659,177.185.224.0,255.255.240.0,6939
263135,177.190.72.0,255.255.248.0,22356
22356,177.190.96.0,255.255.240.0,22356
263452,177.190.128.0,255.255.252.0,22356
263456,177.190.144.0,255.255.255.0,22356
263461,177.190.148.0,255.255.252.0,263444
263457,177.190.152.0,255.255.255.0,22356
262731,177.190.192.0,255.255.240.0,22356
263464,177.190.216.0,255.255.255.0,22356
52781,177.200.48.0,255.255.240.0,22356
270917,177.200.136.0,255.255.252.0,6939
270916,177.200.140.0,255.255.252.0,263444
263660,177.221.48.0,255.255.248.0,263444
52654,177.221.96.0,255.255.240.0,6939
270737,177.221.136.0,255.255.252.0,263444
270014,177.221.140.0,255.255.254.0,22356
270735,177.221.142.0,255.255.254.0,22356
52682,177.221.192.0,255.255.224.0,6939
61906,177.222.168.0,255.255.248.0,22356
263390,177.222.176.0,255.255.240.0,22356
263393,177.222.200.0,255.255.248.0,22356
263400,177.222.232.0,255.255.248.0,6939
263500,177.223.48.0,255.255.248.0,22356
52562,177.223.80.0,255.255.240.0,22356
271000,177.223.128.0,255.255.252.0,22356
28300,177.223.160.0,255.255.224.0,6939
52559,177.223.224.0,255.255.240.0,22356
28554,177.236.16.0,255.255.240.0,39392
28545,177.236.112.0,255.255.252.0,6939
28548,177.236.143.0,255.255.255.0,6939
27768,177.250.0.0,255.255.240.0,39392
213572,178.17.192.0,255.255.240.0,5405
49375,178.17.240.0,255.255.240.0,39392
197563,178.18.231.0,255.255.255.0,6939
199338,178.20.24.0,255.255.252.0,5405
50655,178.20.168.0,255.255.248.0,6939
20483,178.21.24.0,255.255.248.0,6939
52070,178.21.40.0,255.255.254.0,6939
52155,178.21.45.0,255.255.255.0,6939
197480,178.21.136.0,255.255.248.0,39392
38915,178.21.216.0,255.255.248.0,39392
196997,178.21.248.0,255.255.248.0,39392
44943,178.22.48.0,255.255.248.0,5405
50858,178.22.128.0,255.255.248.0,8218
50891,178.22.184.0,255.255.248.0,39392
50953,178.23.88.0,255.255.248.0,39392
197036,178.23.152.0,255.255.248.0,5405
61094,178.23.184.0,255.255.255.0,6939
198916,178.23.200.0,255.255.255.0,6939
61403,178.57.96.0,255.255.240.0,6939
43550,178.57.192.0,255.255.255.0,5405
214937,178.92.0.0,255.255.255.0,39392
202498,178.130.140.0,255.255.255.0,6939
198818,178.132.64.0,255.255.252.0,39392
212522,178.132.70.0,255.255.255.0,39392
60517,178.157.96.0,255.255.252.0,1764
206791,178.159.37.0,255.255.255.0,6939
206812,178.170.189.0,255.255.255.0,6939
203784,178.170.245.0,255.255.255.0,6939
1756,178.173.128.0,255.255.255.0,6939
8661,178.175.0.0,255.255.128.0,5405
8301,178.208.192.0,255.255.224.0,6939
47408,178.211.64.0,255.255.224.0,6939
51337,178.212.40.0,255.255.248.0,5405
210801,178.212.74.0,255.255.255.0,39392
24893,178.212.104.0,255.255.248.0,6939
197233,178.212.168.0,255.255.248.0,5405
39065,178.212.192.0,255.255.248.0,6939
12438,178.213.0.0,255.255.248.0,6939
35676,178.213.64.0,255.255.252.0,39392
57906,178.213.78.0,255.255.255.0,6939
204126,178.213.88.0,255.255.248.0,39392
51590,178.213.120.0,255.255.248.0,5405
51636,178.213.160.0,255.255.248.0,5405
51390,178.214.0.0,255.255.248.0,5405
51343,178.214.32.0,255.255.224.0,5405
42546,178.214.192.0,255.255.248.0,6939
41985,178.214.200.0,255.255.252.0,6939
49342,178.215.64.0,255.255.192.0,6939
196994,178.216.24.0,255.255.255.0,5405
197049,178.216.104.0,255.255.248.0,6939
35695,178.216.136.0,255.255.248.0,5405
204587,178.216.174.0,255.255.255.0,6939
29245,178.217.32.0,255.255.248.0,39392
50331,178.217.192.0,255.255.248.0,39392
51216,178.217.208.0,255.255.248.0,6939
211949,178.217.234.0,255.255.255.0,6939
50771,178.218.16.0,255.255.240.0,6939
204389,178.218.192.0,255.255.255.0,209531
51077,178.219.36.0,255.255.252.0,6939
202281,178.219.112.0,255.255.240.0,5405
202441,178.223.224.0,255.255.224.0,39392
207872,178.236.203.0,255.255.255.0,39392
210269,178.237.56.0,255.255.255.0,39392
51665,178.237.192.0,255.255.255.0,6939
15848,178.237.248.0,255.255.252.0,6939
210232,178.238.4.0,255.255.255.0,4455
197201,178.238.240.0,255.255.240.0,5405
198023,178.239.0.0,255.255.240.0,5405
200760,178.239.20.0,255.255.254.0,39392
209162,178.239.24.0,255.255.255.0,5405
35590,178.239.37.0,255.255.255.0,6939
213727,178.239.144.0,255.255.255.0,6939
214361,178.239.146.0,255.255.255.0,6939
51681,178.239.208.0,255.255.240.0,6939
197046,178.248.56.0,255.255.248.0,39392
49653,178.248.176.0,255.255.248.0,39392
197063,178.249.0.0,255.255.248.0,39392
21161,178.249.80.0,255.255.252.0,39392
57420,178.249.128.0,255.255.248.0,6939
44788,178.250.1.0,255.255.255.0,39392
51319,178.251.144.0,255.255.248.0,39392
205786,178.253.247.0,255.255.255.0,6939
15388,178.254.63.0,255.255.255.0,6939
47479,178.254.134.0,255.255.255.0,6939
42890,178.255.32.0,255.255.252.0,39392
51409,178.255.56.0,255.255.248.0,5405
29605,178.255.128.0,255.255.248.0,8218
6723,178.255.176.0,255.255.252.0,5405
51297,178.255.200.0,255.255.255.0,6939
52275,179.0.14.0,255.255.255.0,39392
271408,179.0.44.0,255.255.252.0,22356
271498,179.0.56.0,255.255.252.0,263444
271459,179.0.64.0,255.255.254.0,22356
271361,179.0.76.0,255.255.255.0,39392
271325,179.0.116.0,255.255.254.0,22356
270833,179.0.164.0,255.255.252.0,22356
270840,179.0.168.0,255.255.255.0,39392
272037,179.0.200.0,255.255.255.0,22356
263230,179.0.224.0,255.255.224.0,22356
22047,179.2.0.0,255.255.0.0,39392
271126,179.42.36.0,255.255.252.0,22356
271128,179.42.48.0,255.255.252.0,22356
271163,179.42.60.0,255.255.252.0,6939
271131,179.42.72.0,255.255.252.0,22356
271148,179.42.100.0,255.255.252.0,22356
271150,179.42.108.0,255.255.255.0,263444
271206,179.42.124.0,255.255.252.0,22356
271154,179.42.144.0,255.255.254.0,22356
270976,179.43.16.0,255.255.255.0,263444
270851,179.43.28.0,255.255.252.0,22356
270867,179.43.44.0,255.255.252.0,22356
263185,179.43.80.0,255.255.255.0,22356
263194,179.43.100.0,255.255.252.0,22356
271160,179.48.12.0,255.255.252.0,22356
271084,179.48.36.0,255.255.255.0,22356
271075,179.48.40.0,255.255.252.0,22356
270082,179.48.52.0,255.255.252.0,6939
271067,179.48.68.0,255.255.252.0,22356
271116,179.48.76.0,255.255.252.0,6939
271074,179.48.84.0,255.255.255.0,22356
271117,179.48.88.0,255.255.254.0,22356
271072,179.48.100.0,255.255.252.0,22356
271215,179.48.124.0,255.255.255.0,22356
271092,179.48.164.0,255.255.252.0,22356
271102,179.48.220.0,255.255.252.0,22356
271021,179.48.224.0,255.255.252.0,6939
271060,179.48.240.0,255.255.252.0,22356
271394,179.49.80.0,255.255.254.0,22356
271208,179.49.136.0,255.255.254.0,22356
27751,179.49.168.0,255.255.252.0,22356
271203,179.49.176.0,255.255.252.0,263444
271201,179.49.184.0,255.255.252.0,22356
271220,179.49.244.0,255.255.252.0,22356
26619,179.50.0.0,255.255.128.0,22356
271205,179.51.132.0,255.255.254.0,263444
271179,179.51.148.0,255.255.252.0,22356
271244,179.51.196.0,255.255.252.0,22356
52279,179.51.247.0,255.255.255.0,22356
266145,179.51.248.0,255.255.252.0,22356
270669,179.60.140.0,255.255.252.0,22356
52458,179.60.244.0,255.255.255.0,6939
16921,179.61.64.0,255.255.255.0,22356
199829,179.61.185.0,255.255.255.0,22356
271597,179.63.12.0,255.255.254.0,263444
271569,179.63.28.0,255.255.252.0,39392
271549,179.63.64.0,255.255.255.0,22356
272678,179.63.68.0,255.255.252.0,263444
271612,179.63.92.0,255.255.255.0,263444
271554,179.63.96.0,255.255.252.0,22356
271544,179.63.116.0,255.255.252.0,263444
271604,179.63.128.0,255.255.255.0,263444
271560,179.63.132.0,255.255.254.0,263444
271613,179.63.138.0,255.255.254.0,263444
271587,179.63.144.0,255.255.254.0,22356
61605,179.63.178.0,255.255.254.0,22356
271439,179.63.236.0,255.255.252.0,22356
4230,179.68.0.0,255.255.0.0,6939
52639,179.96.176.0,255.255.248.0,22356
52640,179.96.208.0,255.255.255.0,6939
28181,179.97.16.0,255.255.248.0,6939
263411,179.97.24.0,255.255.248.0,22356
262740,179.97.32.0,255.255.240.0,22356
28361,179.97.80.0,255.255.248.0,263444
263413,179.97.88.0,255.255.248.0,22356
52525,179.106.64.0,255.255.248.0,6939
263083,179.106.192.0,255.255.192.0,6939
263265,179.107.8.0,255.255.248.0,22356
263277,179.107.92.0,255.255.252.0,22356
263267,179.108.24.0,255.255.252.0,22356
53158,179.108.80.0,255.255.248.0,22356
263269,179.108.88.0,255.255.248.0,22356
262973,179.108.128.0,255.255.224.0,22356
263274,179.108.240.0,255.255.248.0,263444
263562,179.109.0.0,255.255.255.0,22356
263567,179.109.32.0,255.255.240.0,263444
263578,179.109.64.0,255.255.240.0,263444
270741,179.109.112.0,255.255.252.0,22356
270760,179.109.116.0,255.255.252.0,263444
263585,179.109.128.0,255.255.224.0,22356
61916,179.124.14.0,255.255.255.0,39392
263611,179.124.16.0,255.255.252.0,22356
61914,179.124.176.0,255.255.248.0,22356
262972,179.124.248.0,255.255.248.0,263444
271737,179.125.12.0,255.255.252.0,6939
263625,179.125.16.0,255.255.252.0,22356
263633,179.125.60.0,255.255.252.0,39392
263283,179.127.72.0,255.255.255.0,22356
28605,179.127.112.0,255.255.252.0,22356
263105,179.127.116.0,255.255.252.0,263444
263645,179.127.248.0,255.255.248.0,22356
270943,179.189.80.0,255.255.252.0,22356
267221,179.189.84.0,255.255.252.0,6939
61945,179.189.192.0,255.255.254.0,22356
52411,179.189.216.0,255.255.255.0,22356
28252,179.189.240.0,255.255.240.0,263444
52580,179.191.160.0,255.255.255.0,4455
263422,179.191.232.0,255.255.248.0,22356
45400,180.92.241.0,255.255.255.0,6939
151376,180.94.1.0,255.255.255.0,39392
151377,180.94.6.0,255.255.255.0,39392
152040,180.94.8.0,255.255.255.0,6939
151755,180.94.16.0,255.255.255.0,39392
134417,180.97.120.0,255.255.248.0,6939
45204,180.149.64.0,255.255.240.0,6939
55334,180.149.252.0,255.255.255.0,24482
24210,180.150.232.0,255.255.255.0,6939
135047,180.210.209.0,255.255.255.0,6939
23775,180.235.140.0,255.255.252.0,6939
27895,181.1.152.0,255.255.254.0,22356
271984,181.13.217.0,255.255.255.0,39392
11816,181.41.0.0,255.255.254.0,39392
19863,181.41.64.0,255.255.224.0,6939
52440,181.85.155.0,255.255.255.0,22356
28006,181.112.8.0,255.255.255.0,39392
263170,181.114.56.0,255.255.255.0,22356
27953,181.118.176.0,255.255.255.0,22356
52501,181.174.124.0,255.255.255.0,22356
262192,181.174.192.0,255.255.240.0,6939
271473,181.174.208.0,255.255.252.0,22356
271548,181.174.212.0,255.255.255.0,22356
271562,181.174.220.0,255.255.252.0,22356
271529,181.174.248.0,255.255.254.0,263444
19114,181.188.192.0,255.255.192.0,6939
272552,181.189.0.0,255.255.252.0,22356
271380,181.189.8.0,255.255.252.0,22356
271345,181.189.60.0,255.255.254.0,263444
271626,181.189.80.0,255.255.252.0,263444
271395,181.189.84.0,255.255.252.0,22356
271488,181.189.88.0,255.255.252.0,263444
271377,181.189.92.0,255.255.252.0,22356
271398,181.189.100.0,255.255.255.0,263444
271373,181.189.108.0,255.255.255.0,263444
271533,181.189.112.0,255.255.252.0,263444
271502,181.189.124.0,255.255.252.0,22356
262206,181.189.153.0,255.255.255.0,39392
265986,181.191.32.0,255.255.252.0,22356
266767,181.191.36.0,255.255.255.0,39392
267428,181.191.60.0,255.255.254.0,263444
265998,181.191.84.0,255.255.252.0,263444
266002,181.191.92.0,255.255.252.0,22356
266009,181.191.104.0,255.255.252.0,22356
267438,181.191.148.0,255.255.252.0,22356
267426,181.191.160.0,255.255.254.0,22356
267429,181.191.168.0,255.255.252.0,22356
265806,181.191.186.0,255.255.255.0,6939
267439,181.191.196.0,255.255.252.0,22356
267456,181.191.240.0,255.255.252.0,22356
270639,181.192.120.0,255.255.252.0,22356
270648,181.192.124.0,255.255.252.0,22356
52361,181.209.0.0,255.255.128.0,22356
271414,181.224.0.0,255.255.252.0,22356
271474,181.224.28.0,255.255.252.0,22356
271418,181.224.40.0,255.255.255.0,263444
272025,181.224.64.0,255.255.252.0,22356
3790,181.224.74.0,255.255.255.0,22356
266228,181.224.76.0,255.255.252.0,22356
52412,181.224.204.0,255.255.252.0,6939
270689,181.225.152.0,255.255.252.0,263444
270690,181.225.156.0,255.255.252.0,263444
270990,181.225.172.0,255.255.255.0,263444
52251,181.225.192.0,255.255.224.0,22356
271355,181.232.136.0,255.255.252.0,22356
263150,181.232.175.0,255.255.255.0,39392
272542,181.232.220.0,255.255.252.0,22356
272549,181.232.230.0,255.255.254.0,22356
271339,181.233.0.0,255.255.254.0,22356
271450,181.233.68.0,255.255.252.0,6939
271565,181.233.84.0,255.255.252.0,22356
271441,181.233.92.0,255.255.255.0,22356
271559,181.233.108.0,255.255.252.0,22356
271456,181.233.112.0,255.255.252.0,263444
263270,181.233.164.0,255.255.252.0,263444
271500,181.233.176.0,255.255.254.0,39392
271557,181.233.188.0,255.255.255.0,263444
55784,182.50.184.0,255.255.255.0,6939
55486,182.54.224.0,255.255.255.0,263444
55569,182.161.72.0,255.255.255.0,39392
45785,183.78.168.0,255.255.255.0,6939
10212,183.91.144.0,255.255.240.0,6939
131127,183.91.160.0,255.255.255.0,6939
46692,184.94.224.0,255.255.240.0,6939
47065,184.164.224.0,255.255.255.0,6939
400110,184.169.38.0,255.255.254.0,6939
43755,184.175.200.0,255.255.252.0,39392
393521,184.185.6.0,255.255.255.0,6939
199645,185.2.16.0,255.255.252.0,39392
49584,185.2.60.0,255.255.252.0,6939
205005,185.2.144.0,255.255.254.0,209531
21034,185.2.146.0,255.255.254.0,6939
59686,185.3.112.0,255.255.252.0,6939
59689,185.3.128.0,255.255.252.0,39392
59959,185.3.156.0,255.255.252.0,39392
199244,185.3.192.0,255.255.252.0,6939
199231,185.4.228.0,255.255.252.0,6939
2072,185.4.251.0,255.255.255.0,8218
199405,185.5.224.0,255.255.252.0,39392
59720,185.5.232.0,255.255.252.0,39392
2128,185.6.36.0,255.255.252.0,6939
28999,185.6.88.0,255.255.252.0,6939
47321,185.6.124.0,255.255.252.0,6939
43436,185.6.140.0,255.255.252.0,8218
16350,185.6.160.0,255.255.252.0,39392
39583,185.7.4.0,255.255.252.0,6939
199660,185.7.64.0,255.255.252.0,39392
42567,185.7.96.0,255.255.252.0,6939
205147,185.8.96.0,255.255.255.0,39392
61145,185.8.112.0,255.255.252.0,6939
61373,185.9.32.0,255.255.252.0,39392
61068,185.9.76.0,255.255.255.0,6939
61394,185.9.152.0,255.255.252.0,4455
43893,185.9.164.0,255.255.255.0,39392
199569,185.9.172.0,255.255.254.0,39392
49641,185.10.0.0,255.255.252.0,6939
50257,185.10.172.0,255.255.252.0,6939
199562,185.10.224.0,255.255.254.0,39392
61266,185.10.244.0,255.255.252.0,39392
60280,185.11.76.0,255.255.252.0,6939
203698,185.12.37.0,255.255.255.0,6939
56893,185.12.52.0,255.255.252.0,6939
198853,185.12.104.0,255.255.252.0,6939
61287,185.12.128.0,255.255.252.0,5405
199286,185.12.136.0,255.255.252.0,6939
199516,185.13.80.0,255.255.255.0,6939
49476,185.13.157.0,255.255.255.0,6939
43298,185.13.160.0,255.255.255.0,6939
35408,185.13.172.0,255.255.255.0,5405
61246,185.14.80.0,255.255.255.0,6939
61233,185.14.148.0,255.255.252.0,39392
3250,185.14.156.0,255.255.252.0,39392
20672,185.14.180.0,255.255.252.0,8218
199490,185.14.232.0,255.255.252.0,39392
199475,185.15.0.0,255.255.252.0,5405
60595,185.15.52.0,255.255.252.0,39392
199473,185.15.132.0,255.255.252.0,5405
16242,185.15.137.0,255.255.255.0,6939
28849,185.15.159.0,255.255.255.0,6939
197727,185.15.164.0,255.255.252.0,39392
61021,185.15.188.0,255.255.252.0,6939
60045,185.15.204.0,255.255.252.0,6939
61200,185.16.20.0,255.255.252.0,39392
199449,185.16.32.0,255.255.252.0,5405
199362,185.17.20.0,255.255.252.0,6939
215322,185.17.25.0,255.255.255.0,39392
58316,185.17.104.0,255.255.254.0,209531
199411,185.17.160.0,255.255.252.0,5405
201236,185.17.188.0,255.255.252.0,6939
43287,185.17.200.0,255.255.255.0,6939
199390,185.18.132.0,255.255.252.0,39392
60793,185.19.12.0,255.255.252.0,39392
198349,185.19.140.0,255.255.252.0,209531
60975,185.19.184.0,255.255.255.0,6939
199354,185.19.228.0,255.255.252.0,6939
199332,185.19.236.0,255.255.252.0,49544
48390,185.20.3.0,255.255.255.0,6939
206922,185.20.4.0,255.255.255.0,39392
60815,185.20.24.0,255.255.252.0,6939
61010,185.20.120.0,255.255.252.0,6939
43812,185.20.176.0,255.255.255.0,5405
60953,185.20.218.0,255.255.254.0,39392
61012,185.21.108.0,255.255.252.0,6939
211037,185.21.134.0,255.255.255.0,39392
39216,185.21.136.0,255.255.255.0,5405
200052,185.21.216.0,255.255.252.0,39392
199298,185.21.220.0,255.255.252.0,39392
60979,185.22.68.0,255.255.252.0,6939
60964,185.22.112.0,255.255.252.0,6939
49477,185.22.116.0,255.255.252.0,39392
60983,185.22.128.0,255.255.252.0,39392
203500,185.22.130.0,255.255.255.0,6939
199057,185.22.136.0,255.255.252.0,6939
59462,185.22.231.0,255.255.255.0,39392
60936,185.23.64.0,255.255.255.0,6939
38984,185.23.228.0,255.255.254.0,6939
60884,185.24.24.0,255.255.252.0,5405
210209,185.24.41.0,255.255.255.0,6939
51666,185.24.42.0,255.255.255.0,6939
47481,185.24.46.0,255.255.255.0,6939
60890,185.24.64.0,255.255.255.0,24482
209150,185.25.20.0,255.255.255.0,5405
36385,185.25.30.0,255.255.255.0,6939
60868,185.25.32.0,255.255.252.0,5405
12431,185.25.96.0,255.255.252.0,39392
210966,185.25.106.0,255.255.255.0,5405
60810,185.25.108.0,255.255.255.0,6939
60804,185.25.192.0,255.255.252.0,39392
202005,185.26.136.0,255.255.255.0,6939
60738,185.26.168.0,255.255.252.0,6939
60432,185.26.198.0,255.255.255.0,39392
16094,185.26.204.0,255.255.255.0,6939
25415,185.27.8.0,255.255.252.0,39392
60673,185.27.60.0,255.255.252.0,39392
60636,185.27.104.0,255.255.252.0,39392
60651,185.27.192.0,255.255.255.0,6939
203030,185.27.224.0,255.255.252.0,39392
8265,185.28.52.0,255.255.252.0,39392
206999,185.28.88.0,255.255.255.0,4455
201020,185.28.176.0,255.255.255.0,39392
206910,185.28.250.0,255.255.255.0,6939
60589,185.29.12.0,255.255.252.0,5405
60563,185.29.84.0,255.255.252.0,39392
60533,185.29.156.0,255.255.252.0,6939
61407,185.29.211.0,255.255.255.0,39392
57157,185.29.244.0,255.255.255.0,39392
199831,185.30.0.0,255.255.252.0,39392
60527,185.30.20.0,255.255.255.0,6939
48871,185.30.152.0,255.255.255.0,39392
60497,185.30.172.0,255.255.255.0,39392
60451,185.30.180.0,255.255.252.0,39392
60459,185.30.192.0,255.255.252.0,6939
199917,185.30.208.0,255.255.254.0,39392
60415,185.31.92.0,255.255.252.0,39392
60388,185.31.108.0,255.255.252.0,6939
60407,185.31.124.0,255.255.254.0,6939
54312,185.31.128.0,255.255.255.0,39392
35790,185.31.140.0,255.255.252.0,39392
58334,185.31.216.0,255.255.252.0,5405
60352,185.32.20.0,255.255.254.0,6939
60357,185.32.56.0,255.255.254.0,6939
62749,185.32.76.0,255.255.255.0,39392
59891,185.32.124.0,255.255.255.0,6939
62416,185.32.188.0,255.255.252.0,6939
60277,185.32.252.0,255.255.252.0,39392
60304,185.33.32.0,255.255.255.0,6939
24796,185.33.108.0,255.255.254.0,39120
50313,185.33.172.0,255.255.252.0,6939
60316,185.33.216.0,255.255.252.0,39392
60241,185.34.60.0,255.255.252.0,39392
60239,185.34.202.0,255.255.255.0,39392
60173,185.34.224.0,255.255.255.0,6939
200147,185.36.24.0,255.255.252.0,39392
50633,185.36.146.0,255.255.255.0,6939
47442,185.36.176.0,255.255.252.0,6939
200129,185.36.180.0,255.255.255.0,6939
213822,185.36.229.0,255.255.255.0,39392
200127,185.36.236.0,255.255.255.0,39392
210806,185.37.11.0,255.255.255.0,39392
199727,185.37.41.0,255.255.255.0,39392
215329,185.37.100.0,255.255.255.0,39392
200089,185.37.112.0,255.255.254.0,39392
49220,185.37.136.0,255.255.252.0,5405
51324,185.37.153.0,255.255.255.0,39392
200086,185.37.155.0,255.255.255.0,39392
60550,185.37.238.0,255.255.255.0,5405
215792,185.37.239.0,255.255.255.0,39392
62373,185.38.4.0,255.255.252.0,1764
43056,185.38.28.0,255.255.255.0,39392
62141,185.38.92.0,255.255.252.0,39392
62363,185.38.168.0,255.255.252.0,5405
215636,185.38.230.0,255.255.255.0,39392
15894,185.39.14.0,255.255.254.0,39392
60169,185.39.20.0,255.255.252.0,5405
212994,185.39.28.0,255.255.255.0,6939
200015,185.39.80.0,255.255.254.0,6939
59933,185.39.248.0,255.255.252.0,39392
206063,185.39.252.0,255.255.255.0,39392
35574,185.40.12.0,255.255.252.0,39392
49677,185.40.68.0,255.255.252.0,6939
199981,185.40.112.0,255.255.252.0,5405
8769,185.40.184.0,255.255.252.0,39392
199859,185.40.228.0,255.255.252.0,5405
203440,185.40.244.0,255.255.252.0,39392
201764,185.40.248.0,255.255.252.0,6939
199938,185.41.106.0,255.255.254.0,39392
62283,185.41.112.0,255.255.252.0,6939
208703,185.41.220.0,255.255.255.0,6939
201314,185.42.44.0,255.255.252.0,6939
199937,185.42.68.0,255.255.254.0,6939
49458,185.42.88.0,255.255.252.0,39392
12924,185.42.120.0,255.255.255.0,6939
199710,185.42.236.0,255.255.254.0,5405
62227,185.43.40.0,255.255.252.0,39392
202746,185.43.53.0,255.255.255.0,6939
62244,185.43.96.0,255.255.252.0,39392
25496,185.43.112.0,255.255.252.0,1764
25192,185.43.132.0,255.255.252.0,22356
21151,185.43.224.0,255.255.252.0,6939
198290,185.44.56.0,255.255.252.0,6939
62193,185.44.108.0,255.255.252.0,5405
204639,185.44.118.0,255.255.255.0,6939
199800,185.45.140.0,255.255.252.0,39392
199805,185.45.144.0,255.255.254.0,6939
199790,185.45.152.0,255.255.252.0,6939
213600,185.45.154.0,255.255.255.0,39392
199803,185.45.200.0,255.255.252.0,39392
201556,185.46.48.0,255.255.252.0,5405
41033,185.46.237.0,255.255.255.0,6939
202100,185.46.244.0,255.255.252.0,5405
202339,185.47.96.0,255.255.252.0,39392
62104,185.47.212.0,255.255.252.0,6939
202932,185.47.224.0,255.255.252.0,39392
200933,185.48.40.0,255.255.252.0,39392
62086,185.48.104.0,255.255.252.0,5405
199728,185.48.112.0,255.255.255.0,5405
206022,185.48.140.0,255.255.255.0,6939
205276,185.48.142.0,255.255.255.0,6939
199744,185.48.143.0,255.255.255.0,6939
198000,185.48.168.0,255.255.252.0,39392
25516,185.49.16.0,255.255.252.0,5405
39611,185.49.24.0,255.255.255.0,6939
59886,185.49.44.0,255.255.255.0,6939
202234,185.49.108.0,255.255.252.0,6939
62040,185.49.240.0,255.255.255.0,6939
62031,185.50.48.0,255.255.252.0,5405
201866,185.50.60.0,255.255.252.0,39392
62022,185.50.244.0,255.255.252.0,6939
50766,185.51.21.0,255.255.255.0,6939
51235,185.51.40.0,255.255.254.0,6939
51060,185.51.88.0,255.255.252.0,39392
201169,185.51.96.0,255.255.252.0,5405
62050,185.51.116.0,255.255.255.0,39392
62011,185.51.248.0,255.255.252.0,39392
202146,185.52.64.0,255.255.255.0,39392
198101,185.52.216.0,255.255.252.0,39392
59984,185.53.4.0,255.255.252.0,39392
201277,185.53.28.0,255.255.252.0,39392
15691,185.53.68.0,255.255.252.0,6939
60158,185.53.96.0,255.255.252.0,5405
9085,185.53.124.0,255.255.252.0,5405
39217,185.53.148.0,255.255.252.0,39392
202032,185.54.80.0,255.255.252.0,6939
203993,185.54.92.0,255.255.254.0,39392
201723,185.54.95.0,255.255.255.0,6939
201789,185.54.160.0,255.255.255.0,6939
12459,185.54.161.0,255.255.255.0,6939
12315,185.55.20.0,255.255.254.0,39392
60129,185.56.24.0,255.255.252.0,5405
202022,185.56.32.0,255.255.252.0,39392
60138,185.56.92.0,255.255.255.0,6939
60132,185.56.153.0,255.255.255.0,8218
41026,185.56.244.0,255.255.252.0,5405
60514,185.57.47.0,255.255.255.0,6939
201939,185.57.52.0,255.255.252.0,39392
31449,185.57.128.0,255.255.252.0,5405
8793,185.58.0.0,255.255.252.0,39392
35761,185.58.20.0,255.255.254.0,6939
201977,185.58.48.0,255.255.254.0,39392
30950,185.58.68.0,255.255.252.0,39392
201563,185.58.72.0,255.255.252.0,39392
59740,185.58.252.0,255.255.252.0,6939
48487,185.59.4.0,255.255.252.0,6939
24740,185.59.160.0,255.255.254.0,39392
204120,185.59.196.0,255.255.252.0,5405
47704,185.60.120.0,255.255.254.0,4455
201806,185.60.140.0,255.255.252.0,209531
16218,185.60.208.0,255.255.252.0,39392
60039,185.60.236.0,255.255.255.0,4455
201859,185.61.72.0,255.255.252.0,5405
59970,185.61.84.0,255.255.252.0,39392
210075,185.62.3.0,255.255.255.0,5405
48076,185.62.102.0,255.255.255.0,6939
205811,185.62.126.0,255.255.255.0,6939
59985,185.63.68.0,255.255.254.0,39392
204732,185.63.72.0,255.255.255.0,6939
204947,185.63.100.0,255.255.252.0,209531
29549,185.63.120.0,255.255.255.0,6939
201782,185.63.180.0,255.255.252.0,39392
39567,185.65.28.0,255.255.252.0,39392
36239,185.65.146.0,255.255.255.0,5405
41379,185.66.116.0,255.255.252.0,39392
201701,185.66.192.0,255.255.252.0,5405
201702,185.66.200.0,255.255.254.0,6939
212939,185.66.230.0,255.255.255.0,6939
61129,185.67.156.0,255.255.255.0,6939
59883,185.67.160.0,255.255.252.0,39392
40966,185.67.164.0,255.255.252.0,6939
207249,185.68.46.0,255.255.255.0,6939
59871,185.68.68.0,255.255.252.0,39392
201650,185.68.96.0,255.255.252.0,39392
59866,185.68.132.0,255.255.255.0,6939
208823,185.68.189.0,255.255.255.0,39392
20932,185.68.204.0,255.255.252.0,39392
201594,185.68.215.0,255.255.255.0,39392
16138,185.69.192.0,255.255.252.0,5405
62149,185.69.236.0,255.255.252.0,1764
202211,185.69.252.0,255.255.252.0,6939
49115,185.70.0.0,255.255.252.0,22356
59827,185.70.72.0,255.255.252.0,39392
204482,185.70.116.0,255.255.252.0,209531
59816,185.70.132.0,255.255.252.0,4455
57022,185.70.168.0,255.255.252.0,39392
35798,185.70.176.0,255.255.252.0,39392
48522,185.70.232.0,255.255.252.0,39392
49296,185.71.4.0,255.255.255.0,6939
204025,185.71.56.0,255.255.252.0,39392
201535,185.71.164.0,255.255.252.0,1764
60051,185.71.204.0,255.255.255.0,6939
59776,185.72.120.0,255.255.252.0,39392
49571,185.72.254.0,255.255.255.0,5405
201494,185.73.40.0,255.255.252.0,6939
58246,185.73.148.0,255.255.252.0,39392
59748,185.73.156.0,255.255.252.0,4455
204240,185.73.203.0,255.255.255.0,6939
57811,185.73.210.0,255.255.255.0,39392
57902,185.74.40.0,255.255.252.0,39392
51004,185.74.228.0,255.255.252.0,6939
273218,185.75.12.0,255.255.255.0,22356
20679,185.75.31.0,255.255.255.0,39392
62222,185.75.44.0,255.255.252.0,6939
49907,185.75.55.0,255.255.255.0,39392
25341,185.75.180.0,255.255.252.0,6939
208154,185.75.192.0,255.255.252.0,39392
204576,185.75.221.0,255.255.255.0,6939
9110,185.75.250.0,255.255.255.0,5405
205919,185.76.120.0,255.255.252.0,8218
201029,185.77.76.0,255.255.255.0,39392
214173,185.77.148.0,255.255.252.0,6939
51090,185.77.192.0,255.255.252.0,6939
201900,185.78.80.0,255.255.252.0,4455
201330,185.78.96.0,255.255.252.0,39392
200863,185.78.148.0,255.255.252.0,5405
207024,185.79.15.0,255.255.255.0,39392
200561,185.79.24.0,255.255.252.0,5405
43445,185.79.192.0,255.255.252.0,39392
39892,185.79.196.0,255.255.255.0,39392
206768,185.79.212.0,255.255.255.0,5405
201261,185.80.132.0,255.255.252.0,39392
16143,185.81.64.0,255.255.255.0,6939
201059,185.81.148.0,255.255.252.0,39392
9137,185.82.56.0,255.255.252.0,209531
201722,185.82.112.0,255.255.255.0,209531
42812,185.82.140.0,255.255.252.0,39392
31019,185.82.184.0,255.255.254.0,39392
210267,185.82.196.0,255.255.252.0,6939
51349,185.83.4.0,255.255.255.0,39392
199471,185.83.87.0,255.255.255.0,5405
207922,185.83.126.0,255.255.254.0,5405
62166,185.83.172.0,255.255.252.0,39392
44222,185.83.212.0,255.255.255.0,39392
200899,185.83.252.0,255.255.252.0,5405
201146,185.84.28.0,255.255.254.0,39392
8816,185.84.228.0,255.255.252.0,39392
207029,185.85.20.0,255.255.255.0,39392
5403,185.85.28.0,255.255.252.0,1764
39455,185.85.36.0,255.255.252.0,39392
28816,185.85.40.0,255.255.252.0,4455
206626,185.85.56.0,255.255.252.0,39392
201026,185.85.220.0,255.255.252.0,5405
41494,185.86.67.0,255.255.255.0,6939
201086,185.86.80.0,255.255.255.0,5405
198297,185.86.132.0,255.255.252.0,6939
49192,185.86.224.0,255.255.255.0,6939
204536,185.87.180.0,255.255.252.0,6939
203851,185.87.212.0,255.255.255.0,39392
209147,185.88.20.0,255.255.255.0,5405
210111,185.88.72.0,255.255.252.0,5405
41906,185.88.116.0,255.255.252.0,39392
42043,185.88.152.0,255.255.255.0,6939
201014,185.88.224.0,255.255.252.0,5405
34144,185.89.20.0,255.255.255.0,39392
201001,185.89.64.0,255.255.252.0,5405
200970,185.89.160.0,255.255.252.0,1764
29246,185.89.168.0,255.255.252.0,6939
200920,185.89.176.0,255.255.252.0,5405
201222,185.89.196.0,255.255.252.0,6939
41071,185.90.8.0,255.255.252.0,6939
200937,185.90.148.0,255.255.255.0,39392
39114,185.91.12.0,255.255.252.0,39392
215547,185.91.24.0,255.255.252.0,5405
15739,185.91.97.0,255.255.255.0,39392
41103,185.91.100.0,255.255.252.0,39392
211494,185.93.7.0,255.255.255.0,39392
211713,185.93.24.0,255.255.252.0,39392
200700,185.93.28.0,255.255.252.0,4455
203971,185.93.91.0,255.255.255.0,39392
35353,185.93.128.0,255.255.252.0,6939
1850,185.93.156.0,255.255.252.0,39392
44863,185.93.185.0,255.255.255.0,6939
199341,185.93.240.0,255.255.255.0,6939
50352,185.94.80.0,255.255.254.0,39392
34663,185.94.120.0,255.255.252.0,39392
209508,185.94.128.0,255.255.252.0,6939
200813,185.94.160.0,255.255.252.0,39392
211175,185.95.67.0,255.255.255.0,4455
5409,185.95.80.0,255.255.252.0,5405
41827,185.95.132.0,255.255.252.0,6939
200797,185.95.212.0,255.255.255.0,39392
47768,185.95.244.0,255.255.252.0,6939
24800,185.96.88.0,255.255.252.0,39392
8657,185.96.172.0,255.255.252.0,6939
50084,185.96.176.0,255.255.252.0,39392
15995,185.97.44.0,255.255.252.0,209531
197898,185.98.176.0,255.255.254.0,39392
30880,185.98.192.0,255.255.252.0,39392
41400,185.98.200.0,255.255.252.0,6939
30929,185.98.208.0,255.255.252.0,1764
15725,185.98.236.0,255.255.252.0,5405
50667,185.99.88.0,255.255.255.0,5405
34727,185.99.200.0,255.255.252.0,39392
200653,185.100.28.0,255.255.252.0,39392
34942,185.100.36.0,255.255.252.0,39392
205032,185.100.164.0,255.255.252.0,209531
64415,185.100.248.0,255.255.255.0,39392
16076,185.100.252.0,255.255.252.0,39392
31037,185.101.16.0,255.255.255.0,39392
15955,185.101.48.0,255.255.252.0,1764
60011,185.101.97.0,255.255.255.0,6939
30786,185.101.116.0,255.255.252.0,6939
203632,185.101.130.0,255.255.255.0,6939
12941,185.101.132.0,255.255.252.0,39392
29547,185.101.204.0,255.255.252.0,6939
203736,185.102.32.0,255.255.252.0,6939
29140,185.102.64.0,255.255.252.0,39392
201641,185.102.100.0,255.255.252.0,39392
201588,185.102.181.0,255.255.255.0,6939
212092,185.102.182.0,255.255.255.0,6939
200582,185.102.184.0,255.255.252.0,6939
200560,185.103.56.0,255.255.255.0,6939
57380,185.103.108.0,255.255.255.0,5405
215116,185.103.132.0,255.255.255.0,6939
200539,185.103.152.0,255.255.252.0,39392
201553,185.103.180.0,255.255.252.0,39392
28746,185.104.20.0,255.255.255.0,5405
28715,185.104.120.0,255.255.255.0,5405
213959,185.104.131.0,255.255.255.0,5405
200485,185.104.156.0,255.255.255.0,6939
12577,185.104.224.0,255.255.252.0,39392
24792,185.105.20.0,255.255.255.0,1764
25451,185.105.48.0,255.255.252.0,6939
57317,185.105.112.0,255.255.255.0,5405
200437,185.105.140.0,255.255.252.0,6939
200480,185.105.240.0,255.255.252.0,6939
25094,185.106.24.0,255.255.252.0,6939
50472,185.106.84.0,255.255.254.0,5405
207335,185.106.133.0,255.255.255.0,4455
47935,185.106.134.0,255.255.255.0,6939
3331,185.106.164.0,255.255.252.0,6939
212781,185.107.64.0,255.255.255.0,5405
204019,185.107.66.0,255.255.255.0,6939
204479,185.107.67.0,255.255.255.0,6939
49395,185.107.128.0,255.255.255.0,6939
204280,185.107.184.0,255.255.252.0,6939
206655,185.107.204.0,255.255.252.0,6939
200418,185.107.228.0,255.255.255.0,5405
51093,185.108.16.0,255.255.255.0,6939
205226,185.108.19.0,255.255.255.0,6939
43930,185.108.32.0,255.255.255.0,39392
206028,185.108.76.0,255.255.252.0,5405
24837,185.108.196.0,255.255.254.0,6939
204178,185.109.0.0,255.255.252.0,5405
204264,185.109.44.0,255.255.252.0,39392
206737,185.109.50.0,255.255.255.0,209531
20832,185.109.104.0,255.255.252.0,39392
204082,185.109.242.0,255.255.255.0,5405
203969,185.110.152.0,255.255.252.0,6939
62250,185.110.252.0,255.255.255.0,6939
20698,185.111.100.0,255.255.252.0,6939
204207,185.111.236.0,255.255.252.0,39392
204180,185.111.248.0,255.255.252.0,6939
210472,185.112.0.0,255.255.255.0,6939
204540,185.112.172.0,255.255.255.0,39392
204573,185.112.175.0,255.255.255.0,39392
212440,185.112.180.0,255.255.255.0,5405
20596,185.113.24.0,255.255.252.0,39392
5582,185.113.32.0,255.255.254.0,5405
60627,185.113.56.0,255.255.252.0,6939
204094,185.113.140.0,255.255.255.0,39392
12926,185.113.156.0,255.255.252.0,6939
204121,185.114.0.0,255.255.252.0,39392
212975,185.115.72.0,255.255.252.0,39392
15449,185.115.156.0,255.255.252.0,6939
204064,185.115.180.0,255.255.252.0,39392
204050,185.116.53.0,255.255.255.0,39392
60816,185.116.118.0,255.255.255.0,6939
51786,185.117.12.0,255.255.255.0,4455
34183,185.117.40.0,255.255.252.0,1764
49176,185.117.81.0,255.255.255.0,6939
202177,185.117.84.0,255.255.252.0,39392
31043,185.117.112.0,255.255.252.0,39392
31175,185.117.204.0,255.255.255.0,6939
13006,185.118.62.0,255.255.255.0,39392
8285,185.118.76.0,255.255.252.0,39392
12984,185.118.80.0,255.255.252.0,39392
203962,185.118.84.0,255.255.252.0,6939
203925,185.118.192.0,255.255.255.0,6939
203954,185.118.240.0,255.255.255.0,39392
31293,185.118.241.0,255.255.255.0,39392
12307,185.119.104.0,255.255.255.0,5405
202364,185.119.108.0,255.255.255.0,39392
203937,185.119.120.0,255.255.252.0,5405
48519,185.119.136.0,255.255.254.0,39392
43253,185.119.148.0,255.255.252.0,5405
207221,185.119.186.0,255.255.255.0,6939
50016,185.119.208.0,255.255.252.0,6939
8646,185.120.68.0,255.255.252.0,39392
197152,185.120.88.0,255.255.252.0,6939
16007,185.120.132.0,255.255.252.0,6939
204778,185.120.141.0,255.255.255.0,6939
212849,185.120.142.0,255.255.255.0,39392
8666,185.121.52.0,255.255.255.0,39392
199975,185.121.84.0,255.255.255.0,6939
60401,185.121.110.0,255.255.255.0,6939
34154,185.121.196.0,255.255.252.0,5405
62328,185.122.60.0,255.255.252.0,5405
38983,185.122.152.0,255.255.252.0,39392
60646,185.122.172.0,255.255.254.0,5405
203157,185.122.174.0,255.255.255.0,5405
199787,185.122.175.0,255.255.255.0,6939
6704,185.123.40.0,255.255.252.0,39392
12462,185.123.120.0,255.255.252.0,39392
8018,185.123.180.0,255.255.255.0,39392
5505,185.123.204.0,255.255.255.0,39392
49371,185.124.14.0,255.255.255.0,6939
48727,185.124.128.0,255.255.252.0,6939
209199,185.124.160.0,255.255.255.0,6939
203754,185.124.204.0,255.255.252.0,39392
43326,185.124.242.0,255.255.255.0,6939
203752,185.125.60.0,255.255.252.0,6939
50042,185.125.112.0,255.255.252.0,6939
203742,185.125.132.0,255.255.252.0,5405
60111,185.125.220.0,255.255.252.0,39392
44749,185.126.172.0,255.255.252.0,4455
208555,185.126.203.0,255.255.255.0,6939
56899,185.126.252.0,255.255.255.0,6939
203658,185.127.20.0,255.255.254.0,6939
199517,185.127.22.0,255.255.254.0,6939
212054,185.127.132.0,255.255.255.0,6939
211074,185.128.8.0,255.255.255.0,6939
34696,185.128.60.0,255.255.255.0,6939
203628,185.129.32.0,255.255.252.0,39392
44772,185.129.56.0,255.255.252.0,6939
203616,185.129.80.0,255.255.254.0,6939
203572,185.130.124.0,255.255.255.0,6939
6750,185.130.200.0,255.255.252.0,6939
203547,185.131.45.0,255.255.255.0,39392
203143,185.132.60.0,255.255.252.0,6939
43826,185.132.240.0,255.255.252.0,6939
203485,185.133.92.0,255.255.252.0,39392
214666,185.133.160.0,255.255.252.0,39392
213089,185.133.232.0,255.255.255.0,209531
50642,185.134.44.0,255.255.252.0,39392
50754,185.134.76.0,255.255.255.0,39392
204504,185.134.168.0,255.255.252.0,209531
207487,185.134.191.0,255.255.255.0,6939
205889,185.135.68.0,255.255.255.0,6939
203387,185.135.232.0,255.255.252.0,6939
208332,185.135.240.0,255.255.252.0,39392
202839,185.136.92.0,255.255.252.0,5405
210604,185.136.110.0,255.255.255.0,6939
204631,185.136.120.0,255.255.252.0,5405
203375,185.136.224.0,255.255.254.0,6939
209276,185.136.226.0,255.255.255.0,6939
208331,185.136.227.0,255.255.255.0,6939
203372,185.137.0.0,255.255.252.0,5405
203367,185.137.84.0,255.255.252.0,39392
210171,185.137.176.0,255.255.252.0,6939
25231,185.138.129.0,255.255.255.0,6939
204598,185.138.158.0,255.255.255.0,39392
49013,185.138.188.0,255.255.252.0,39392
48557,185.138.230.0,255.255.254.0,6939
202126,185.138.236.0,255.255.252.0,6939
203302,185.139.124.0,255.255.252.0,39392
205761,185.139.134.0,255.255.254.0,39392
203311,185.139.252.0,255.255.252.0,39392
203266,185.140.24.0,255.255.255.0,5405
43065,185.140.116.0,255.255.252.0,39392
9036,185.140.128.0,255.255.252.0,39392
48722,185.140.132.0,255.255.254.0,6939
41364,185.140.168.0,255.255.252.0,39392
48602,185.140.244.0,255.255.255.0,39392
203235,185.141.140.0,255.255.252.0,39392
48374,185.141.144.0,255.255.252.0,39392
215783,185.141.152.0,255.255.252.0,6939
203126,185.142.0.0,255.255.252.0,39392
57758,185.142.141.0,255.255.255.0,39392
203180,185.142.172.0,255.255.252.0,39392
15932,185.142.240.0,255.255.252.0,39392
207446,185.143.20.0,255.255.252.0,6939
20742,185.143.48.0,255.255.254.0,5405
3245,185.143.80.0,255.255.252.0,6939
204619,185.143.144.0,255.255.255.0,6939
205585,185.143.232.0,255.255.255.0,5405
203123,185.144.8.0,255.255.252.0,5405
8757,185.144.84.0,255.255.255.0,39392
202626,185.144.174.0,255.255.254.0,39392
41847,185.144.220.0,255.255.255.0,4455
25534,185.146.16.0,255.255.252.0,5405
203505,185.146.224.0,255.255.255.0,6939
203977,185.146.226.0,255.255.255.0,5405
51262,185.147.8.0,255.255.255.0,6939
210152,185.147.35.0,255.255.255.0,6939
56444,185.147.247.0,255.255.255.0,39392
210391,185.147.252.0,255.255.255.0,6939
202936,185.148.64.0,255.255.252.0,6939
202979,185.148.172.0,255.255.252.0,39392
200281,185.148.228.0,255.255.254.0,6939
44784,185.149.0.0,255.255.252.0,39392
42649,185.149.56.0,255.255.255.0,39392
49920,185.149.60.0,255.255.252.0,8218
202954,185.149.88.0,255.255.252.0,39392
206616,185.149.92.0,255.255.254.0,5405
12480,185.149.156.0,255.255.252.0,39392
51172,185.150.40.0,255.255.255.0,5405
44358,185.150.42.0,255.255.255.0,8218
6776,185.150.52.0,255.255.252.0,6939
202915,185.150.100.0,255.255.255.0,39392
202919,185.150.132.0,255.255.252.0,5405
34197,185.150.160.0,255.255.252.0,39392
206758,185.150.236.0,255.255.252.0,39392
207073,185.150.248.0,255.255.252.0,5405
62296,185.151.12.0,255.255.254.0,6939
199378,185.151.116.0,255.255.254.0,39392
49535,185.151.124.0,255.255.252.0,6939
31529,185.151.141.0,255.255.255.0,6939
61273,185.151.205.0,255.255.255.0,39392
202877,185.151.252.0,255.255.252.0,39392
61090,185.152.12.0,255.255.255.0,6939
61232,185.152.16.0,255.255.255.0,6939
61292,185.152.34.0,255.255.255.0,24482
6717,185.152.160.0,255.255.254.0,39392
57537,185.152.232.0,255.255.252.0,39392
198257,185.153.0.0,255.255.252.0,6939
204523,185.153.20.0,255.255.252.0,39392
52188,185.153.48.0,255.255.255.0,6939
203713,185.153.76.0,255.255.252.0,39392
8192,185.153.120.0,255.255.252.0,6939
49769,185.153.156.0,255.255.254.0,6939
214215,185.154.117.0,255.255.255.0,39392
57697,185.154.180.0,255.255.252.0,6939
204788,185.155.88.0,255.255.255.0,6939
206120,185.155.175.0,255.255.255.0,6939
202594,185.156.0.0,255.255.252.0,6939
202605,185.156.36.0,255.255.252.0,39392
202719,185.156.120.0,255.255.252.0,39392
202707,185.156.156.0,255.255.252.0,39392
56388,185.156.200.0,255.255.255.0,6939
202701,185.156.204.0,255.255.252.0,5405
206423,185.156.252.0,255.255.254.0,39392
51392,185.157.208.0,255.255.255.0,6939
202566,185.158.96.0,255.255.252.0,6939
51001,185.158.236.0,255.255.255.0,39392
50963,185.159.20.0,255.255.252.0,6939
211428,185.159.108.0,255.255.255.0,39392
57531,185.160.36.0,255.255.255.0,6939
207085,185.160.90.0,255.255.255.0,6939
49460,185.160.108.0,255.255.255.0,1764
202085,185.160.140.0,255.255.255.0,6939
210175,185.160.141.0,255.255.255.0,6939
42745,185.160.192.0,255.255.255.0,6939
48449,185.160.194.0,255.255.255.0,39392
207133,185.160.216.0,255.255.252.0,6939
43238,185.161.34.0,255.255.255.0,6939
207192,185.161.48.0,255.255.252.0,6939
8240,185.161.84.0,255.255.252.0,39392
205697,185.161.96.0,255.255.252.0,6939
61423,185.161.120.0,255.255.255.0,6939
197221,185.162.20.0,255.255.252.0,6939
196640,185.162.152.0,255.255.252.0,39392
44224,185.162.192.0,255.255.252.0,6939
207181,185.162.208.0,255.255.252.0,6939
26088,185.162.240.0,255.255.252.0,6939
207198,185.163.40.0,255.255.252.0,39392
207153,185.164.68.0,255.255.252.0,6939
206846,185.164.148.0,255.255.255.0,5405
64444,185.164.164.0,255.255.252.0,8218
212763,185.165.0.0,255.255.255.0,6939
64432,185.165.120.0,255.255.255.0,6939
398427,185.165.212.0,255.255.255.0,39392
51188,185.166.28.0,255.255.252.0,39392
20514,185.166.32.0,255.255.252.0,6939
205068,185.166.164.0,255.255.252.0,39392
207541,185.166.252.0,255.255.255.0,39392
209138,185.167.104.0,255.255.252.0,39392
207056,185.167.120.0,255.255.255.0,6939
203687,185.167.140.0,255.255.252.0,6939
48690,185.167.212.0,255.255.252.0,39392
207042,185.167.244.0,255.255.255.0,6939
213317,185.167.252.0,255.255.255.0,39392
203263,185.168.124.0,255.255.254.0,6939
206581,185.168.127.0,255.255.255.0,5405
207013,185.168.176.0,255.255.252.0,209531
205930,185.169.68.0,255.255.252.0,5405
41185,185.170.2.0,255.255.254.0,6939
206186,185.170.225.0,255.255.255.0,6939
206108,185.170.227.0,255.255.255.0,5405
16189,185.171.4.0,255.255.252.0,39392
211694,185.171.162.0,255.255.255.0,39392
49709,185.172.180.0,255.255.252.0,39392
206579,185.172.208.0,255.255.252.0,5405
206890,185.172.240.0,255.255.252.0,6939
44102,185.173.81.0,255.255.255.0,6939
57777,185.173.128.0,255.255.255.0,6939
206873,185.173.176.0,255.255.255.0,6939
206389,185.173.216.0,255.255.252.0,39392
206478,185.174.32.0,255.255.252.0,6939
204668,185.175.8.0,255.255.254.0,39392
206836,185.175.24.0,255.255.252.0,39392
216257,185.176.20.0,255.255.252.0,6939
206784,185.176.136.0,255.255.252.0,39392
39845,185.176.220.0,255.255.252.0,6939
206568,185.176.232.0,255.255.255.0,39392
3262,185.177.40.0,255.255.255.0,39392
206755,185.177.58.0,255.255.255.0,6939
49755,185.177.112.0,255.255.255.0,6939
29670,185.177.204.0,255.255.252.0,5405
209246,185.177.209.0,255.255.255.0,6939
20592,185.178.96.0,255.255.252.0,5405
21182,185.178.156.0,255.255.252.0,1764
5435,185.178.224.0,255.255.255.0,39392
206674,185.179.56.0,255.255.254.0,5405
200348,185.179.89.0,255.255.255.0,6939
212269,185.179.100.0,255.255.255.0,39392
24823,185.179.144.0,255.255.252.0,6939
206078,185.180.32.0,255.255.255.0,5405
206652,185.180.36.0,255.255.255.0,39392
5463,185.180.68.0,255.255.252.0,39392
206640,185.180.112.0,255.255.252.0,5405
206530,185.180.146.0,255.255.255.0,39392
12564,185.181.148.0,255.255.252.0,5405
8859,185.181.188.0,255.255.252.0,39392
206589,185.182.96.0,255.255.252.0,5405
42687,185.182.168.0,255.255.252.0,6939
206571,185.182.176.0,255.255.254.0,1764
13249,185.183.108.0,255.255.252.0,39392
205790,185.183.126.0,255.255.255.0,6939
206529,185.183.184.0,255.255.252.0,39392
61064,185.183.224.0,255.255.254.0,39392
206454,185.183.226.0,255.255.254.0,5405
43653,185.183.232.0,255.255.252.0,39392
209635,185.185.79.0,255.255.255.0,39392
208693,185.185.204.0,255.255.252.0,39392
49964,185.185.231.0,255.255.255.0,39392
43414,185.185.244.0,255.255.252.0,39392
43409,185.185.252.0,255.255.252.0,6939
55207,185.186.8.0,255.255.255.0,6939
202562,185.186.10.0,255.255.255.0,6939
206432,185.186.156.0,255.255.252.0,5405
60580,185.186.184.0,255.255.252.0,6939
206350,185.186.206.0,255.255.255.0,6939
44033,185.186.216.0,255.255.252.0,5405
206404,185.187.68.0,255.255.255.0,6939
43332,185.187.80.0,255.255.254.0,6939
216066,185.187.101.0,255.255.255.0,39392
206369,185.188.116.0,255.255.252.0,6939
206322,185.188.136.0,255.255.255.0,5405
206194,185.188.188.0,255.255.254.0,39392
206324,185.189.144.0,255.255.252.0,39392
206319,185.189.212.0,255.255.252.0,5405
43228,185.190.104.0,255.255.254.0,6939
206295,185.190.120.0,255.255.252.0,6939
206135,185.190.160.0,255.255.252.0,6939
16298,185.190.232.0,255.255.252.0,49544
205926,185.191.96.0,255.255.255.0,39392
60167,185.192.48.0,255.255.252.0,6939
208444,185.192.170.0,255.255.254.0,39392
206094,185.192.240.0,255.255.252.0,5405
29504,185.193.84.0,255.255.252.0,29504
42913,185.193.151.0,255.255.255.0,39392
206201,185.193.180.0,255.255.255.0,39392
62035,185.193.244.0,255.255.252.0,39392
197869,185.194.92.0,255.255.252.0,4455
207080,185.194.113.0,255.255.255.0,39392
205099,185.194.202.0,255.255.254.0,209531
200274,185.194.224.0,255.255.252.0,6939
208034,185.194.248.0,255.255.255.0,39392
205976,185.195.140.0,255.255.252.0,6939
39068,185.195.152.0,255.255.255.0,6939
42696,185.195.154.0,255.255.255.0,6939
49600,185.196.43.0,255.255.255.0,39392
212576,185.196.62.0,255.255.255.0,39392
206101,185.196.112.0,255.255.255.0,6939
202661,185.197.40.0,255.255.252.0,5405
59570,185.197.133.0,255.255.255.0,5405
213151,185.197.135.0,255.255.255.0,39392
211083,185.198.70.0,255.255.255.0,39392
203605,185.198.192.0,255.255.254.0,39392
203932,185.198.241.0,255.255.255.0,39392
205985,185.199.48.0,255.255.255.0,6939
205996,185.199.164.0,255.255.252.0,6939
205443,185.199.252.0,255.255.252.0,6939
205943,185.201.69.0,255.255.255.0,5405
211084,185.201.255.0,255.255.255.0,209531
48708,185.202.79.0,255.255.255.0,6939
210333,185.202.96.0,255.255.254.0,6939
51658,185.202.133.0,255.255.255.0,5405
42411,185.202.140.0,255.255.255.0,6939
8245,185.202.192.0,255.255.252.0,8218
208354,185.203.24.0,255.255.252.0,6939
205689,185.203.56.0,255.255.252.0,6939
205856,185.203.252.0,255.255.252.0,6939
205845,185.204.120.0,255.255.252.0,39392
49565,185.204.155.0,255.255.255.0,6939
28979,185.204.240.0,255.255.254.0,39392
208310,185.204.251.0,255.255.255.0,39392
57684,185.205.212.0,255.255.252.0,5405
29097,185.206.0.0,255.255.252.0,6939
212686,185.206.8.0,255.255.255.0,5405
202254,185.206.71.0,255.255.255.0,39392
205780,185.206.96.0,255.255.255.0,6939
42207,185.206.184.0,255.255.252.0,6939
202550,185.206.252.0,255.255.255.0,39392
42149,185.207.24.0,255.255.252.0,6939
12630,185.207.84.0,255.255.252.0,6939
41232,185.207.140.0,255.255.252.0,39392
205755,185.207.192.0,255.255.255.0,39392
205726,185.208.56.0,255.255.255.0,39392
42083,185.208.100.0,255.255.255.0,39392
57999,185.209.56.0,255.255.252.0,6939
205685,185.209.68.0,255.255.254.0,5405
204568,185.209.70.0,255.255.254.0,5405
205687,185.209.172.0,255.255.252.0,1764
210265,185.209.243.0,255.255.255.0,5405
205674,185.209.248.0,255.255.252.0,6939
12762,185.210.12.0,255.255.252.0,1764
49432,185.210.224.0,255.255.255.0,1764
215510,185.210.225.0,255.255.255.0,1764
56883,185.211.43.0,255.255.255.0,6939
205620,185.211.64.0,255.255.252.0,6939
41779,185.211.108.0,255.255.252.0,39392
61399,185.211.228.0,255.255.252.0,6939
50138,185.212.9.0,255.255.255.0,6939
21140,185.212.88.0,255.255.254.0,6939
34191,185.213.32.0,255.255.252.0,39392
205572,185.213.84.0,255.255.252.0,6939
214164,185.213.114.0,255.255.255.0,39392
205570,185.213.170.0,255.255.255.0,5405
215875,185.213.188.0,255.255.252.0,6939
208056,185.213.212.0,255.255.254.0,6939
29132,185.213.224.0,255.255.252.0,39392
205558,185.214.32.0,255.255.255.0,39392
205543,185.214.236.0,255.255.255.0,39392
48084,185.214.246.0,255.255.255.0,5405
205535,185.215.20.0,255.255.252.0,39392
210834,185.215.70.0,255.255.255.0,5405
213150,185.216.11.0,255.255.255.0,4455
205504,185.216.44.0,255.255.255.0,39392
209254,185.216.96.0,255.255.255.0,39392
47929,185.216.208.0,255.255.255.0,6939
209989,185.216.211.0,255.255.255.0,6939
211482,185.217.28.0,255.255.255.0,6939
47864,185.217.60.0,255.255.255.0,6939
41303,185.217.72.0,255.255.252.0,39392
57407,185.217.80.0,255.255.252.0,5405
212321,185.217.142.0,255.255.255.0,39392
204860,185.217.234.0,255.255.254.0,6939
205460,185.218.8.0,255.255.255.0,6939
42357,185.218.196.0,255.255.255.0,6939
45017,185.218.202.0,255.255.254.0,6939
41206,185.219.48.0,255.255.252.0,39392
56327,185.219.224.0,255.255.252.0,209531
205385,185.220.48.0,255.255.252.0,39392
202509,185.220.76.0,255.255.252.0,6939
205375,185.220.84.0,255.255.252.0,39392
212911,185.220.119.0,255.255.255.0,39392
24956,185.220.200.0,255.255.252.0,39392
205929,185.221.61.0,255.255.255.0,5405
213054,185.221.244.0,255.255.255.0,39392
211633,185.221.245.0,255.255.255.0,39392
215782,185.221.246.0,255.255.255.0,39392
20612,185.222.12.0,255.255.252.0,6939
51826,185.222.60.0,255.255.255.0,39392
205313,185.222.72.0,255.255.255.0,6939
41061,185.222.180.0,255.255.252.0,6939
207653,185.223.22.0,255.255.255.0,1764
34422,185.223.72.0,255.255.252.0,39392
150158,185.223.154.0,255.255.255.0,6939
41690,185.223.156.0,255.255.252.0,39392
205260,185.223.196.0,255.255.252.0,39392
205244,185.224.100.0,255.255.255.0,5405
12070,185.224.168.0,255.255.255.0,6939
61280,185.224.228.0,255.255.255.0,6939
205119,185.225.28.0,255.255.255.0,5405
205198,185.225.48.0,255.255.252.0,39392
205010,185.226.32.0,255.255.252.0,6939
209846,185.227.156.0,255.255.255.0,5405
205168,185.227.168.0,255.255.252.0,1764
205146,185.227.188.0,255.255.254.0,5405
208145,185.227.190.0,255.255.255.0,6939
211047,185.227.192.0,255.255.252.0,39392
31061,185.228.60.0,255.255.252.0,39392
198539,185.228.112.0,255.255.254.0,6939
33932,185.228.173.0,255.255.255.0,39392
39614,185.228.176.0,255.255.255.0,5405
41952,185.228.206.0,255.255.255.0,6939
207715,185.229.100.0,255.255.252.0,6939
273829,185.229.216.0,255.255.255.0,22356
57263,185.230.28.0,255.255.252.0,6939
205103,185.230.68.0,255.255.252.0,6939
205098,185.230.152.0,255.255.252.0,39392
205105,185.230.168.0,255.255.252.0,6939
205093,185.230.236.0,255.255.255.0,39392
210350,185.230.239.0,255.255.255.0,39392
42989,185.231.4.0,255.255.255.0,6939
205074,185.231.12.0,255.255.255.0,5405
38965,185.231.57.0,255.255.255.0,22356
212086,185.231.64.0,255.255.255.0,6939
205075,185.231.80.0,255.255.255.0,5405
204609,185.231.88.0,255.255.252.0,39392
205041,185.231.188.0,255.255.252.0,5405
209385,185.232.124.0,255.255.254.0,39392
205894,185.232.176.0,255.255.252.0,6939
211999,185.232.234.0,255.255.255.0,6939
60274,185.233.67.0,255.255.255.0,5405
39533,185.233.141.0,255.255.255.0,39392
216107,185.234.20.0,255.255.255.0,6939
39691,185.234.224.0,255.255.252.0,6939
211925,185.235.62.0,255.255.255.0,6939
211918,185.235.140.0,255.255.255.0,6939
42369,185.235.147.0,255.255.255.0,39392
211850,185.235.207.0,255.255.255.0,6939
204906,185.235.248.0,255.255.252.0,39392
204869,185.236.0.0,255.255.252.0,39392
39419,185.237.24.0,255.255.252.0,39392
205160,185.237.167.0,255.255.255.0,6939
206055,185.238.118.0,255.255.254.0,39392
204809,185.238.156.0,255.255.252.0,209531
198046,185.238.173.0,255.255.255.0,39392
62067,185.238.208.0,255.255.255.0,39392
210896,185.239.24.0,255.255.255.0,6939
44294,185.239.25.0,255.255.255.0,6939
200573,185.239.40.0,255.255.255.0,39392
43268,185.239.152.0,255.255.252.0,6939
61282,185.239.220.0,255.255.252.0,39392
13058,185.240.52.0,255.255.252.0,6939
204772,185.240.220.0,255.255.252.0,39392
211785,185.241.11.0,255.255.255.0,39392
33309,185.241.46.0,255.255.255.0,6939
210844,185.241.62.0,255.255.255.0,6939
214401,185.241.152.0,255.255.252.0,5405
200748,185.241.180.0,255.255.252.0,39392
204751,185.241.188.0,255.255.252.0,39392
202395,185.242.208.0,255.255.252.0,39392
207346,185.242.216.0,255.255.255.0,39392
202418,185.242.227.0,255.255.255.0,5405
210321,185.242.248.0,255.255.255.0,6939
203038,185.243.23.0,255.255.255.0,6939
48693,185.243.96.0,255.255.255.0,6939
201531,185.243.228.0,255.255.252.0,5405
209920,185.244.16.0,255.255.255.0,39392
202585,185.244.24.0,255.255.255.0,5405
60552,185.244.84.0,255.255.252.0,6939
213052,185.244.162.0,255.255.255.0,6939
200887,185.244.236.0,255.255.255.0,209531
204538,185.245.204.0,255.255.252.0,39392
204562,185.245.240.0,255.255.252.0,4455
204564,185.246.192.0,255.255.252.0,6939
204522,185.246.204.0,255.255.255.0,5405
207046,185.247.5.0,255.255.255.0,6939
12399,185.247.40.0,255.255.252.0,6939
49436,185.248.188.0,255.255.252.0,39392
208877,185.249.92.0,255.255.252.0,39392
204409,185.249.112.0,255.255.252.0,39392
34428,185.249.157.0,255.255.255.0,39392
202393,185.249.228.0,255.255.252.0,5405
51092,185.250.0.0,255.255.252.0,6939
42330,185.250.8.0,255.255.255.0,39392
204403,185.250.16.0,255.255.252.0,39392
204394,185.250.100.0,255.255.252.0,39392
211669,185.251.15.0,255.255.255.0,6939
204376,185.251.84.0,255.255.254.0,6939
60354,185.251.115.0,255.255.255.0,39392
203582,185.252.80.0,255.255.252.0,39392
204332,185.252.88.0,255.255.252.0,39392
201750,185.252.116.0,255.255.255.0,6939
200249,185.252.140.0,255.255.252.0,6939
13054,185.253.12.0,255.255.252.0,39392
48989,185.253.20.0,255.255.255.0,6939
211623,185.253.58.0,255.255.255.0,6939
204310,185.253.172.0,255.255.255.0,39392
204297,185.253.180.0,255.255.252.0,6939
204309,185.253.200.0,255.255.252.0,209531
211029,185.253.245.0,255.255.255.0,6939
39224,185.253.252.0,255.255.252.0,39392
210256,185.254.7.0,255.255.255.0,6939
200271,185.255.84.0,255.255.252.0,39392
204333,185.255.121.0,255.255.255.0,39392
270520,186.0.144.0,255.255.252.0,22356
27837,186.1.160.0,255.255.255.0,22356
52260,186.1.192.0,255.255.240.0,6939
52262,186.2.128.0,255.255.255.0,39392
263175,186.2.244.0,255.255.252.0,39392
27964,186.4.64.0,255.255.192.0,22356
26426,186.5.130.0,255.255.255.0,6939
52384,186.5.224.0,255.255.252.0,22356
270923,186.26.68.0,255.255.252.0,22356
270927,186.26.84.0,255.255.255.0,263444
270938,186.26.92.0,255.255.252.0,22356
263181,186.38.30.0,255.255.254.0,6939
5639,186.44.0.0,255.254.0.0,6939
270664,186.65.92.0,255.255.252.0,22356
266142,186.65.104.0,255.255.252.0,22356
52473,186.148.120.0,255.255.248.0,6939
27695,186.159.64.0,255.255.224.0,22356
27717,186.167.0.0,255.255.128.0,6939
16814,186.189.224.0,255.255.240.0,39392
26505,186.190.240.0,255.255.240.0,6939
262727,186.192.64.0,255.255.240.0,263444
262516,186.192.160.0,255.255.240.0,22356
53133,186.192.192.0,255.255.240.0,22356
28145,186.192.224.0,255.255.240.0,22356
53134,186.193.0.0,255.255.240.0,22356
262708,186.193.32.0,255.255.240.0,263444
28191,186.193.176.0,255.255.240.0,263444
28249,186.194.81.0,255.255.255.0,263444
53141,186.194.128.0,255.255.248.0,22356
270820,186.194.168.0,255.255.252.0,22356
270766,186.194.172.0,255.255.252.0,263444
262734,186.195.0.0,255.255.240.0,6939
53102,186.195.48.0,255.255.240.0,22356
262737,186.195.128.0,255.255.240.0,22356
274676,186.195.167.0,255.255.255.0,22356
270874,186.195.244.0,255.255.254.0,22356
262713,186.208.0.0,255.255.240.0,6939
262741,186.208.176.0,255.255.240.0,22356
28610,186.209.88.0,255.255.252.0,22356
271409,186.209.160.0,255.255.252.0,22356
271324,186.209.172.0,255.255.252.0,22356
53154,186.209.224.0,255.255.240.0,22356
53156,186.211.0.0,255.255.240.0,39392
14840,186.211.128.0,255.255.248.0,39392
262663,186.216.0.0,255.255.255.0,263444
262753,186.216.160.0,255.255.224.0,22356
52973,186.216.192.0,255.255.240.0,263444
262989,186.216.208.0,255.255.248.0,263444
264096,186.216.224.0,255.255.240.0,22356
53166,186.217.0.0,255.255.0.0,6939
270071,186.219.48.0,255.255.254.0,6939
28218,186.219.64.0,255.255.255.0,39392
52888,186.219.80.0,255.255.240.0,22356
262970,186.219.184.0,255.255.248.0,22356
270608,186.219.232.0,255.255.252.0,22356
28142,186.224.64.0,255.255.240.0,263444
262757,186.224.96.0,255.255.240.0,22356
28189,186.224.192.0,255.255.240.0,22356
270622,186.224.197.0,255.255.255.0,22356
262762,186.225.160.0,255.255.254.0,6939
53174,186.225.192.0,255.255.240.0,22356
263101,186.225.208.0,255.255.248.0,22356
262999,186.226.176.0,255.255.240.0,22356
262764,186.226.192.0,255.255.248.0,262355
263011,186.226.240.0,255.255.254.0,263444
53182,186.227.16.0,255.255.240.0,263444
273431,186.227.76.0,255.255.252.0,263444
53185,186.227.80.0,255.255.248.0,22356
263278,186.227.124.0,255.255.252.0,22356
263287,186.227.190.0,255.255.254.0,22356
262779,186.227.240.0,255.255.252.0,22356
263056,186.232.8.0,255.255.255.0,22356
262766,186.232.16.0,255.255.240.0,22356
262614,186.232.61.0,255.255.255.0,22356
263062,186.232.108.0,255.255.252.0,263444
263059,186.232.152.0,255.255.248.0,263444
53194,186.232.160.0,255.255.240.0,22356
262772,186.232.176.0,255.255.252.0,22356
61607,186.232.243.0,255.255.255.0,39392
270890,186.233.4.0,255.255.252.0,39392
262778,186.233.8.0,255.255.255.0,22356
273697,186.233.102.0,255.255.254.0,22356
263075,186.233.120.0,255.255.248.0,263444
52891,186.233.143.0,255.255.255.0,6939
263076,186.233.152.0,255.255.248.0,6939
7162,186.234.16.0,255.255.255.0,22356
13878,186.234.192.0,255.255.224.0,22356
19089,186.234.228.0,255.255.252.0,22356
263096,186.235.48.0,255.255.248.0,263444
273785,186.235.88.0,255.255.252.0,262355
28239,186.235.112.0,255.255.248.0,22356
53202,186.235.128.0,255.255.252.0,22356
61888,186.235.184.0,255.255.252.0,22356
53205,186.235.224.0,255.255.248.0,22356
28219,186.236.224.0,255.255.240.0,22356
263638,186.236.240.0,255.255.254.0,6939
262968,186.237.56.0,255.255.255.0,22356
262799,186.237.64.0,255.255.240.0,263444
270624,186.237.100.0,255.255.252.0,39392
270625,186.237.104.0,255.255.252.0,262355
263553,186.237.152.0,255.255.252.0,263444
61583,186.237.240.0,255.255.248.0,22356
23106,186.248.0.0,255.255.0.0,22356
263022,186.249.16.0,255.255.248.0,22356
28195,186.249.32.0,255.255.248.0,263444
263023,186.249.48.0,255.255.240.0,22356
262822,186.249.64.0,255.255.240.0,22356
263024,186.249.80.0,255.255.240.0,263444
263576,186.249.220.0,255.255.255.0,6939
263027,186.249.240.0,255.255.248.0,22356
264141,186.250.96.0,255.255.248.0,263444
262812,186.250.112.0,255.255.252.0,22356
262818,186.250.160.0,255.255.252.0,22356
53216,186.250.176.0,255.255.248.0,263444
53219,186.250.224.0,255.255.254.0,22356
53221,186.250.240.0,255.255.248.0,263444
270752,186.251.32.0,255.255.252.0,22356
52622,186.251.62.0,255.255.254.0,22356
262834,186.251.192.0,255.255.248.0,22356
274743,186.251.212.0,255.255.254.0,22356
262839,186.251.240.0,255.255.248.0,263444
262751,187.0.16.0,255.255.240.0,22356
270589,187.0.44.0,255.255.252.0,22356
28352,187.0.48.0,255.255.240.0,263444
263128,187.0.168.0,255.255.248.0,263444
61609,187.0.236.0,255.255.255.0,22356
263162,187.16.0.0,255.255.255.0,22356
28261,187.17.0.0,255.255.254.0,22356
28285,187.17.16.0,255.255.240.0,262355
270607,187.17.132.0,255.255.252.0,22356
270596,187.17.136.0,255.255.255.0,22356
28263,187.17.160.0,255.255.240.0,6939
28121,187.18.16.0,255.255.240.0,6939
273772,187.19.0.0,255.255.240.0,22356
28125,187.19.16.0,255.255.240.0,22356
263080,187.33.48.0,255.255.248.0,22356
28194,187.33.56.0,255.255.248.0,263444
28661,187.33.64.0,255.255.224.0,22356
262693,187.33.128.0,255.255.255.0,22356
262694,187.33.176.0,255.255.240.0,263444
53086,187.33.192.0,255.255.240.0,22356
263320,187.45.133.0,255.255.255.0,22356
28140,187.49.32.0,255.255.255.0,22356
28143,187.49.96.0,255.255.240.0,263444
28144,187.49.112.0,255.255.240.0,39392
272750,187.49.148.0,255.255.252.0,263444
28644,187.60.224.0,255.255.240.0,22356
269719,187.62.64.0,255.255.254.0,263444
269713,187.62.76.0,255.255.252.0,22356
269720,187.62.96.0,255.255.252.0,22356
270244,187.62.100.0,255.255.252.0,263444
28159,187.62.128.0,255.255.240.0,6939
262662,187.62.176.0,255.255.240.0,22356
53111,187.63.100.0,255.255.255.0,22356
262667,187.63.113.0,255.255.255.0,6939
271494,187.63.152.0,255.255.254.0,22356
53097,187.63.208.0,255.255.240.0,263444
28170,187.63.243.0,255.255.255.0,6939
263621,187.73.112.0,255.255.240.0,39392
28576,187.73.128.0,255.255.248.0,22356
28654,187.73.160.0,255.255.240.0,263444
270543,187.73.188.0,255.255.252.0,22356
262676,187.73.224.0,255.255.240.0,22356
53051,187.84.16.0,255.255.240.0,263444
53052,187.84.32.0,255.255.252.0,22356
52850,187.84.80.0,255.255.240.0,39392
8055,187.84.96.0,255.255.240.0,22356
274685,187.84.144.0,255.255.254.0,262355
53061,187.85.128.0,255.255.240.0,263444
270986,187.86.168.0,255.255.252.0,263444
271138,187.86.196.0,255.255.252.0,263444
263146,187.86.200.0,255.255.248.0,22356
53072,187.86.240.0,255.255.240.0,22356
61610,187.87.28.0,255.255.252.0,22356
262686,187.87.144.0,255.255.255.0,263444
262687,187.87.192.0,255.255.255.0,6939
262690,187.87.240.0,255.255.240.0,22356
270577,187.94.12.0,255.255.252.0,22356
262684,187.94.32.0,255.255.240.0,22356
53124,187.94.48.0,255.255.255.0,39392
270593,187.95.216.0,255.255.254.0,39392
270528,187.95.220.0,255.255.255.0,263444
53095,187.102.48.0,255.255.240.0,263444
271458,187.102.111.0,255.255.255.0,22356
270743,187.102.198.0,255.255.254.0,22356
262702,187.103.80.0,255.255.240.0,22356
53100,187.103.128.0,255.255.240.0,22356
270522,187.103.192.0,255.255.252.0,22356
270523,187.103.196.0,255.255.252.0,262355
262674,187.108.80.0,255.255.240.0,263444
28124,187.108.224.0,255.255.240.0,22356
262706,187.109.32.0,255.255.254.0,22356
20406,187.109.44.0,255.255.255.0,22356
272753,187.109.112.0,255.255.252.0,22356
273798,187.109.121.0,255.255.255.0,263444
53115,187.109.192.0,255.255.240.0,22356
262498,187.109.208.0,255.255.240.0,22356
270772,187.110.156.0,255.255.252.0,22356
262710,187.111.32.0,255.255.240.0,6939
53147,187.111.80.0,255.255.240.0,39392
262714,187.111.96.0,255.255.240.0,6939
271694,187.111.124.0,255.255.252.0,263444
53123,187.111.192.0,255.255.248.0,22356
270550,187.120.168.0,255.255.255.0,22356
53140,187.120.192.0,255.255.240.0,263444
262722,187.120.224.0,255.255.252.0,263444
53130,187.120.240.0,255.255.240.0,263444
270921,187.121.152.0,255.255.252.0,22356
270918,187.121.156.0,255.255.252.0,39392
28296,187.121.236.0,255.255.252.0,263444
46090,187.174.66.0,255.255.255.0,6939
18592,187.251.32.0,255.255.224.0,6939
57261,188.0.0.0,255.255.224.0,6939
198007,188.0.32.0,255.255.248.0,6939
57201,188.0.48.0,255.255.240.0,5405
49640,188.64.120.0,255.255.248.0,6939
60561,188.64.137.0,255.255.255.0,6939
12906,188.65.0.0,255.255.248.0,6939
204934,188.68.64.0,255.255.240.0,6939
200178,188.72.20.0,255.255.255.0,5405
215013,188.72.103.0,255.255.255.0,6939
211597,188.74.96.0,255.255.224.0,39392
48209,188.75.0.0,255.255.224.0,5405
203558,188.75.71.0,255.255.255.0,6939
196735,188.75.128.0,255.255.192.0,39392
9032,188.92.176.0,255.255.252.0,6939
49254,188.92.208.0,255.255.248.0,6939
215553,188.93.116.0,255.255.255.0,5405
35779,188.93.124.0,255.255.252.0,6939
52143,188.94.0.0,255.255.255.0,39392
49368,188.94.32.0,255.255.248.0,6939
19305,188.94.128.0,255.255.248.0,5405
210357,188.95.92.0,255.255.255.0,5405
205030,188.114.88.0,255.255.254.0,5405
215253,188.122.23.0,255.255.255.0,5405
209901,188.125.156.0,255.255.255.0,5405
205026,188.130.140.0,255.255.255.0,6939
205641,188.130.255.0,255.255.255.0,5405
56407,188.190.128.0,255.255.248.0,6939
28773,188.190.160.0,255.255.224.0,6939
207744,188.190.192.0,255.255.224.0,6939
203706,188.191.146.0,255.255.255.0,6939
50577,188.191.160.0,255.255.248.0,6939
197620,188.191.200.0,255.255.248.0,39392
31732,188.209.155.0,255.255.255.0,22356
202637,188.213.48.0,255.255.255.0,39392
62030,188.214.124.0,255.255.255.0,39392
12754,188.225.128.0,255.255.128.0,39392
214816,188.227.48.0,255.255.252.0,6939
44416,188.239.192.0,255.255.192.0,6939
16192,188.241.48.0,255.255.255.0,39392
47114,188.246.96.0,255.255.240.0,39392
51331,188.246.114.0,255.255.255.0,6939
28666,189.1.160.0,255.255.240.0,22356
26609,189.8.0.0,255.255.192.0,39392
52950,189.8.128.0,255.255.128.0,6939
270836,189.14.112.0,255.255.252.0,22356
14282,189.14.240.0,255.255.240.0,22356
28293,189.28.32.0,255.255.224.0,6939
270600,189.36.128.0,255.255.252.0,22356
28308,189.36.192.0,255.255.240.0,22356
270796,189.36.252.0,255.255.252.0,39392
28295,189.39.64.0,255.255.240.0,6939
28305,189.39.96.0,255.255.240.0,22356
268940,189.39.176.0,255.255.252.0,39392
270838,189.39.180.0,255.255.252.0,22356
270792,189.39.184.0,255.255.255.0,263444
270673,189.45.180.0,255.255.252.0,22356
270674,189.45.188.0,255.255.252.0,22356
28324,189.50.16.0,255.255.240.0,263444
28326,189.50.40.0,255.255.248.0,263444
270905,189.50.52.0,255.255.252.0,22356
270907,189.50.56.0,255.255.255.0,263444
23105,189.50.176.0,255.255.240.0,22356
270551,189.50.220.0,255.255.252.0,22356
22177,189.51.0.0,255.255.255.0,5405
263349,189.51.96.0,255.255.224.0,263444
270794,189.51.164.0,255.255.252.0,263444
270111,189.51.168.0,255.255.255.0,6939
270538,189.84.36.0,255.255.254.0,263444
271686,189.84.48.0,255.255.252.0,22356
273886,189.84.60.0,255.255.254.0,6939
270893,189.84.100.0,255.255.252.0,262355
28172,189.84.192.0,255.255.240.0,6939
28176,189.85.0.0,255.255.255.0,6939
270644,189.85.44.0,255.255.255.0,22356
28177,189.85.64.0,255.255.252.0,263444
270500,189.85.96.0,255.255.255.0,22356
270560,189.85.104.0,255.255.252.0,22356
270553,189.85.108.0,255.255.252.0,6939
270561,189.85.116.0,255.255.255.0,263444
273590,189.85.120.0,255.255.254.0,22356
11844,189.85.160.0,255.255.224.0,22356
28184,189.89.64.0,255.255.254.0,22356
262749,189.89.80.0,255.255.240.0,22356
272772,189.89.252.0,255.255.254.0,22356
28193,189.90.64.0,255.255.240.0,22356
28197,189.90.160.0,255.255.240.0,22356
27988,189.90.228.0,255.255.254.0,22356
28204,189.91.48.0,255.255.240.0,263444
271300,189.91.172.0,255.255.252.0,22356
10938,189.91.208.0,255.255.240.0,22356
22431,189.113.16.0,255.255.240.0,39392
28215,189.113.144.0,255.255.240.0,6939
270333,189.113.176.0,255.255.252.0,263444
270344,189.126.4.0,255.255.252.0,22356
270398,189.126.10.0,255.255.254.0,22356
28225,189.126.64.0,255.255.240.0,22356
40356,189.126.136.0,255.255.255.0,22356
28229,189.126.224.0,255.255.248.0,263444
28232,189.127.32.0,255.255.240.0,22356
270711,189.127.128.0,255.255.254.0,6939
270701,189.127.132.0,255.255.254.0,22356
270706,189.127.152.0,255.255.252.0,22356
270713,189.127.176.0,255.255.254.0,262355
28234,189.127.192.0,255.255.240.0,22356
28438,189.201.128.0,255.255.192.0,39392
7438,189.201.226.0,255.255.255.0,39392
269705,189.201.248.0,255.255.252.0,39392
28513,189.247.245.0,255.255.255.0,6939
28111,190.0.160.0,255.255.255.0,39392
270317,190.2.64.0,255.255.254.0,22356
28008,190.2.192.0,255.255.255.0,39392
271185,190.5.208.0,255.255.252.0,22356
21599,190.5.224.0,255.255.240.0,6939
26105,190.5.241.0,255.255.255.0,6939
27975,190.7.96.0,255.255.240.0,22356
27908,190.7.160.0,255.255.240.0,39392
271011,190.8.172.0,255.255.252.0,263444
28096,190.9.56.0,255.255.248.0,6939
271586,190.9.64.0,255.255.252.0,263444
271642,190.9.76.0,255.255.252.0,39392
271595,190.9.84.0,255.255.252.0,22356
273639,190.9.112.0,255.255.252.0,22356
271590,190.9.116.0,255.255.252.0,22356
270653,190.11.212.0,255.255.254.0,22356
270654,190.11.216.0,255.255.252.0,22356
52348,190.14.40.0,255.255.248.0,22356
27659,190.14.48.0,255.255.240.0,22356
22541,190.14.64.0,255.255.255.0,6939
211397,190.14.102.0,255.255.255.0,6939
27879,190.15.192.0,255.255.224.0,22356
6429,190.54.0.0,255.255.128.0,39392
23487,190.63.0.0,255.255.0.0,22356
270320,190.83.4.0,255.255.252.0,22356
270336,190.83.24.0,255.255.252.0,263444
270337,190.83.48.0,255.255.254.0,22356
270354,190.83.56.0,255.255.255.0,22356
270340,190.83.84.0,255.255.252.0,6939
270341,190.83.96.0,255.255.254.0,263444
270342,190.83.100.0,255.255.255.0,39392
270332,190.83.108.0,255.255.252.0,39392
269940,190.83.116.0,255.255.255.0,22356
270425,190.83.120.0,255.255.252.0,263444
270399,190.89.4.0,255.255.252.0,263444
270346,190.89.8.0,255.255.254.0,6939
270350,190.89.20.0,255.255.255.0,263444
270365,190.89.34.0,255.255.255.0,6939
270358,190.89.72.0,255.255.252.0,263444
270359,190.89.76.0,255.255.252.0,22356
270364,190.89.92.0,255.255.252.0,263444
270372,190.89.108.0,255.255.252.0,22356
270393,190.89.140.0,255.255.254.0,263444
270374,190.89.152.0,255.255.252.0,22356
270389,190.89.180.0,255.255.252.0,22356
52235,190.99.64.0,255.255.252.0,6939
262259,190.99.112.0,255.255.252.0,22356
273204,190.102.124.0,255.255.255.0,6939
13316,190.103.0.0,255.255.252.0,39392
52363,190.104.32.0,255.255.255.0,22356
52290,190.105.164.0,255.255.252.0,22356
28022,190.106.64.0,255.255.240.0,22356
271010,190.106.88.0,255.255.252.0,22356
270995,190.106.92.0,255.255.252.0,22356
270643,190.106.232.0,255.255.252.0,22356
271189,190.107.88.0,255.255.252.0,22356
271181,190.107.92.0,255.255.255.0,263444
20255,190.108.0.0,255.255.224.0,6939
52253,190.108.196.0,255.255.252.0,6939
264226,190.109.68.0,255.255.252.0,263444
264227,190.109.76.0,255.255.252.0,22356
272710,190.109.100.0,255.255.252.0,263444
271232,190.109.112.0,255.255.252.0,263444
271945,190.110.32.0,255.255.255.0,6939
27978,190.110.157.0,255.255.255.0,39392
52300,190.110.176.0,255.255.248.0,22356
264797,190.110.248.0,255.255.254.0,22356
273480,190.111.96.0,255.255.252.0,22356
11514,190.111.112.0,255.255.255.0,6939
270421,190.111.188.0,255.255.254.0,22356
52317,190.112.40.0,255.255.252.0,22356
28048,190.112.64.0,255.255.248.0,39392
269708,190.112.140.0,255.255.252.0,22356
269712,190.112.156.0,255.255.252.0,22356
27996,190.114.232.0,255.255.248.0,22356
270548,190.115.68.0,255.255.254.0,6939
270454,190.115.76.0,255.255.254.0,39392
270455,190.115.80.0,255.255.252.0,22356
270447,190.115.88.0,255.255.252.0,263444
270448,190.115.92.0,255.255.252.0,263444
52409,190.120.176.0,255.255.240.0,22356
270823,190.120.236.0,255.255.252.0,22356
270928,190.123.2.0,255.255.255.0,22356
265540,190.123.10.0,255.255.255.0,6939
52389,190.123.16.0,255.255.252.0,6939
52391,190.123.20.0,255.255.255.0,6939
27877,190.123.96.0,255.255.240.0,22356
266253,190.123.192.0,255.255.252.0,22356
266195,190.123.200.0,255.255.252.0,263444
266214,190.123.204.0,255.255.252.0,39392
27928,190.123.224.0,255.255.255.0,22356
27678,190.124.24.0,255.255.255.0,22356
52304,190.124.27.0,255.255.255.0,6939
270860,190.124.244.0,255.255.252.0,263444
52269,190.143.127.0,255.255.255.0,5405
27708,190.151.176.0,255.255.255.0,22356
26613,190.152.251.0,255.255.255.0,39392
27893,190.170.64.0,255.255.192.0,22356
25620,190.171.192.0,255.255.192.0,6939
28035,190.210.54.0,255.255.255.0,39392
52256,190.255.44.0,255.255.255.0,39392
19611,191.4.0.0,255.255.0.0,263444
263535,191.5.96.0,255.255.248.0,22356
263536,191.5.128.0,255.255.240.0,22356
263541,191.5.164.0,255.255.252.0,263444
61903,191.6.6.0,255.255.255.0,263444
263546,191.6.16.0,255.255.240.0,22356
263548,191.6.64.0,255.255.254.0,22356
273744,191.7.2.0,255.255.255.0,22356
273394,191.7.32.0,255.255.255.0,22356
263309,191.7.35.0,255.255.255.0,263444
263310,191.7.40.0,255.255.248.0,263444
263311,191.7.48.0,255.255.248.0,6939
271014,191.7.104.0,255.255.252.0,263444
263322,191.7.160.0,255.255.248.0,263444
263329,191.7.188.0,255.255.252.0,39392
263327,191.7.192.0,255.255.224.0,6939
263336,191.36.168.0,255.255.248.0,263444
263339,191.36.192.0,255.255.240.0,22356
263340,191.36.216.0,255.255.252.0,6939
263342,191.36.224.0,255.255.252.0,22356
263345,191.36.240.0,255.255.240.0,263444
263346,191.37.0.0,255.255.254.0,22356
263353,191.37.64.0,255.255.252.0,22356
263357,191.37.96.0,255.255.224.0,263444
263362,191.37.152.0,255.255.248.0,22356
263363,191.37.160.0,255.255.248.0,22356
263372,191.37.208.0,255.255.248.0,22356
263374,191.37.224.0,255.255.248.0,263444
263257,191.37.255.0,255.255.255.0,262355
263165,191.52.248.0,255.255.248.0,6939
210977,191.96.96.0,255.255.255.0,5405
9280,191.96.214.0,255.255.255.0,6939
263209,191.97.68.0,255.255.252.0,22356
201320,191.101.86.0,255.255.255.0,6939
262928,191.102.192.0,255.255.224.0,22356
263663,191.241.0.0,255.255.252.0,22356
263664,191.241.24.0,255.255.248.0,6939
263666,191.241.48.0,255.255.252.0,22356
10617,191.241.143.0,255.255.255.0,22356
263675,191.241.168.0,255.255.248.0,263444
263677,191.241.184.0,255.255.248.0,22356
274689,191.242.36.0,255.255.252.0,22356
263473,191.242.64.0,255.255.248.0,6939
263474,191.242.72.0,255.255.248.0,6939
263475,191.242.96.0,255.255.252.0,22356
263477,191.242.100.0,255.255.252.0,22356
263143,191.242.196.0,255.255.252.0,22356
263481,191.242.208.0,255.255.254.0,263444
263144,191.242.220.0,255.255.252.0,22356
263484,191.242.232.0,255.255.248.0,263444
263492,191.243.36.0,255.255.252.0,22356
263493,191.243.40.0,255.255.255.0,39392
271026,191.243.128.0,255.255.255.0,39392
263508,191.243.160.0,255.255.255.0,262355
263509,191.243.176.0,255.255.240.0,263444
263517,191.243.224.0,255.255.240.0,22356
263521,191.243.244.0,255.255.252.0,22356
272539,191.253.48.0,255.255.248.0,263444
14660,192.0.3.0,255.255.255.0,39392
40528,192.0.32.0,255.255.252.0,39392
20144,192.0.37.0,255.255.255.0,6939
16876,192.0.44.0,255.255.252.0,39392
3557,192.5.4.0,255.255.254.0,6939
6922,192.12.10.0,255.255.255.0,39392
2597,192.12.192.0,255.255.254.0,6939
55244,192.16.76.0,255.255.254.0,6939
40454,192.16.108.0,255.255.252.0,6939
4697,192.16.178.0,255.255.255.0,39392
10355,192.24.0.0,255.255.240.0,6939
7667,192.26.91.0,255.255.255.0,6939
48984,192.26.237.0,255.255.255.0,1764
63454,192.30.101.0,255.255.255.0,263444
112,192.31.196.0,255.255.255.0,6939
10255,192.31.227.0,255.255.255.0,6939
393990,192.33.167.0,255.255.255.0,39392
12276,192.33.255.0,255.255.255.0,6939
971,192.34.101.0,255.255.255.0,6939
35889,192.35.145.0,255.255.255.0,6939
6373,192.35.195.0,255.255.255.0,6939
9201,192.36.7.0,255.255.255.0,6939
47699,192.36.30.0,255.255.255.0,39392
199902,192.36.83.0,255.255.255.0,39392
39871,192.36.133.0,255.255.255.0,6939
39870,192.36.134.0,255.255.255.0,6939
39840,192.36.135.0,255.255.255.0,6939
1880,192.36.143.0,255.255.255.0,6939
18951,192.40.23.0,255.255.255.0,39392
30539,192.40.96.0,255.255.248.0,6939
8015,192.40.200.0,255.255.255.0,6939
33044,192.40.240.0,255.255.252.0,6939
4767,192.41.170.0,255.255.255.0,6939
2000,192.41.171.0,255.255.255.0,39392
7674,192.47.160.0,255.255.255.0,39392
18131,192.47.166.0,255.255.255.0,39392
24287,192.50.12.0,255.255.255.0,6939
7500,192.50.45.0,255.255.255.0,6939
8687,192.54.44.0,255.255.255.0,6939
13039,192.54.45.0,255.255.255.0,39392
781,192.54.210.0,255.255.255.0,6939
63180,192.55.104.0,255.255.255.0,6939
26723,192.55.208.0,255.255.255.0,39392
1732,192.58.44.0,255.255.255.0,39392
32155,192.58.90.0,255.255.255.0,39392
62782,192.64.36.0,255.255.254.0,39392
3912,192.65.78.0,255.255.255.0,6939
204680,192.67.189.0,255.255.255.0,39392
204911,192.68.11.0,255.255.255.0,5405
8002,192.68.29.0,255.255.255.0,39392
14746,192.69.24.0,255.255.255.0,6939
11142,192.69.48.0,255.255.240.0,39392
32621,192.69.76.0,255.255.255.0,6939
9408,192.69.116.0,255.255.255.0,263444
200559,192.71.40.0,255.255.255.0,6939
3166,192.71.96.0,255.255.255.0,6939
140099,192.73.22.0,255.255.255.0,6939
396515,192.75.191.0,255.255.255.0,6939
15368,192.76.151.0,255.255.255.0,6939
35052,192.76.243.0,255.255.255.0,1764
5783,192.78.182.0,255.255.255.0,5405
54945,192.80.112.0,255.255.240.0,6939
33293,192.81.116.0,255.255.252.0,39392
23457,192.82.150.0,255.255.255.0,6939
35891,192.83.205.0,255.255.255.0,6939
21681,192.86.21.0,255.255.255.0,6939
2486,192.93.0.0,255.255.255.0,8218
48688,192.93.164.0,255.255.255.0,6939
5726,192.94.74.0,255.255.255.0,6939
7577,192.94.174.0,255.255.255.0,22356
6083,192.94.246.0,255.255.255.0,39392
25615,192.96.233.0,255.255.255.0,6939
20306,192.100.55.0,255.255.255.0,39392
263261,192.100.177.0,255.255.255.0,22356
211655,192.102.225.0,255.255.255.0,6939
35937,192.103.252.0,255.255.255.0,22356
40149,192.107.38.0,255.255.255.0,6939
22721,192.107.46.0,255.255.255.0,6939
9083,192.108.88.0,255.255.255.0,6939
1922,192.108.172.0,255.255.254.0,1764
213938,192.109.147.0,255.255.255.0,6939
207876,192.109.210.0,255.255.255.0,5405
26652,192.110.192.0,255.255.240.0,6939
13460,192.111.38.0,255.255.255.0,6939
22422,192.111.56.0,255.255.248.0,39392
11369,192.111.84.0,255.255.255.0,6939
395848,192.112.68.0,255.255.255.0,6939
52177,192.121.29.0,255.255.255.0,39392
199950,192.121.44.0,255.255.255.0,5405
204302,192.121.68.0,255.255.255.0,6939
12381,192.121.100.0,255.255.255.0,6939
199545,192.121.118.0,255.255.254.0,39392
2118,192.124.179.0,255.255.255.0,6939
3312,192.124.184.0,255.255.252.0,6939
2901,192.132.2.0,255.255.255.0,6939
64275,192.133.2.0,255.255.255.0,6939
63465,192.133.47.0,255.255.255.0,39392
12401,192.133.109.0,255.255.255.0,39392
40063,192.135.54.0,255.255.254.0,39392
6667,192.136.73.0,255.255.255.0,39392
29888,192.136.176.0,255.255.252.0,22356
10965,192.139.69.0,255.255.255.0,6939
819,192.139.219.0,255.255.255.0,6939
266222,192.140.24.0,255.255.252.0,22356
266550,192.140.64.0,255.255.255.0,263444
266260,192.140.88.0,255.255.252.0,22356
266240,192.140.116.0,255.255.252.0,6939
267448,192.141.60.0,255.255.252.0,263444
267470,192.141.72.0,255.255.252.0,263444
267462,192.141.84.0,255.255.252.0,22356
267522,192.141.100.0,255.255.252.0,6939
267467,192.141.116.0,255.255.252.0,263444
267466,192.141.120.0,255.255.254.0,22356
267469,192.141.156.0,255.255.252.0,22356
265792,192.141.180.0,255.255.252.0,39392
267473,192.141.184.0,255.255.255.0,263444
267475,192.141.192.0,255.255.252.0,22356
267479,192.141.200.0,255.255.252.0,22356
267503,192.141.252.0,255.255.255.0,263444
266156,192.144.68.0,255.255.255.0,263444
266244,192.144.104.0,255.255.252.0,263444
266533,192.144.116.0,255.255.252.0,22356
272483,192.144.124.0,255.255.252.0,263444
328605,192.145.180.0,255.255.252.0,6939
266242,192.145.204.0,255.255.252.0,22356
266236,192.145.212.0,255.255.252.0,39392
266220,192.145.216.0,255.255.252.0,22356
13501,192.148.240.0,255.255.255.0,6939
3836,192.150.250.0,255.255.254.0,6939
26549,192.159.31.0,255.255.255.0,6939
33422,192.159.144.0,255.255.240.0,39392
62901,192.159.160.0,255.255.255.0,39392
264370,192.160.50.0,255.255.255.0,6939
35165,192.162.8.0,255.255.252.0,6939
49827,192.162.32.0,255.255.252.0,6939
197682,192.162.44.0,255.255.252.0,39392
29203,192.162.76.0,255.255.252.0,6939
39056,192.162.116.0,255.255.252.0,6939
12662,192.162.132.0,255.255.252.0,5405
197709,192.162.144.0,255.255.252.0,6939
197721,192.162.164.0,255.255.252.0,6939
56634,192.162.212.0,255.255.252.0,6939
8995,192.165.82.0,255.255.255.0,5405
8642,192.165.86.0,255.255.255.0,6939
207448,192.165.132.0,255.255.255.0,39392
41446,192.166.12.0,255.255.252.0,39392
56574,192.166.232.0,255.255.252.0,6939
32286,192.170.136.0,255.255.255.0,39392
64273,192.172.244.0,255.255.255.0,6939
53164,192.188.11.0,255.255.255.0,6939
2721,192.188.108.0,255.255.255.0,6939
1115,192.188.121.0,255.255.255.0,1764
54294,192.188.230.0,255.255.255.0,6939
11996,192.189.147.0,255.255.255.0,6939
36249,192.189.253.0,255.255.255.0,39392
25883,192.193.8.0,255.255.255.0,39392
4996,192.193.12.0,255.255.255.0,39392
3081,192.193.18.0,255.255.255.0,39392
2912,192.193.64.0,255.255.255.0,5405
1696,192.193.101.0,255.255.255.0,6939
15606,192.195.72.0,255.255.255.0,39392
53405,192.199.192.0,255.255.240.0,6939
13926,192.200.152.0,255.255.255.0,39392
393853,192.206.36.0,255.255.254.0,39392
152657,192.206.152.0,255.255.255.0,6939
11097,192.207.194.0,255.255.255.0,6939
212895,192.208.1.0,255.255.255.0,5405
40217,192.209.18.0,255.255.255.0,6939
6143,192.225.98.0,255.255.255.0,39392
54301,192.225.161.0,255.255.255.0,6939
55178,192.230.176.0,255.255.255.0,39392
16874,192.231.110.0,255.255.255.0,22356
271407,192.231.117.0,255.255.255.0,263444
19556,192.232.12.0,255.255.255.0,6939
40716,192.234.159.0,255.255.255.0,6939
63370,192.234.194.0,255.255.255.0,6939
54985,192.235.32.0,255.255.240.0,6939
394744,192.240.64.0,255.255.224.0,6939
36218,192.250.237.0,255.255.255.0,39392
64223,192.251.56.0,255.255.255.0,6939
3465,192.252.67.0,255.255.255.0,6939
3333,193.0.0.0,255.255.248.0,6939
197000,193.0.8.0,255.255.254.0,6939
25152,193.0.14.0,255.255.254.0,1764
8890,193.0.64.0,255.255.192.0,5405
25150,193.0.228.0,255.255.255.0,39392
41980,193.0.253.0,255.255.255.0,6939
216316,193.3.38.0,255.255.255.0,5405
212033,193.3.45.0,255.255.255.0,39392
202359,193.3.165.0,255.255.255.0,39392
196621,193.5.68.0,255.255.254.0,6939
52183,193.5.116.0,255.255.255.0,39392
211452,193.5.176.0,255.255.254.0,6939
197764,193.8.61.0,255.255.255.0,5405
60284,193.9.27.0,255.255.255.0,39392
49311,193.9.240.0,255.255.255.0,6939
44602,193.9.250.0,255.255.255.0,5405
200768,193.16.36.0,255.255.252.0,39392
42312,193.16.160.0,255.255.248.0,6939
31080,193.17.41.0,255.255.255.0,39392
31564,193.17.73.0,255.255.255.0,39392
210752,193.17.90.0,255.255.255.0,6939
29620,193.17.214.0,255.255.255.0,39392
12815,193.17.229.0,255.255.255.0,5405
44665,193.19.116.0,255.255.255.0,5405
49866,193.19.136.0,255.255.252.0,39392
57319,193.19.168.0,255.255.255.0,6939
212754,193.19.248.0,255.255.254.0,6939
57249,193.22.81.0,255.255.255.0,39392
215140,193.22.129.0,255.255.255.0,6939
39133,193.22.252.0,255.255.255.0,6939
51799,193.23.4.0,255.255.252.0,6939
197068,193.23.55.0,255.255.255.0,6939
8741,193.23.141.0,255.255.255.0,39392
50803,193.24.220.0,255.255.255.0,6939
198036,193.24.244.0,255.255.252.0,39392
31173,193.25.176.0,255.255.254.0,6939
31235,193.25.195.0,255.255.255.0,39392
12986,193.26.27.0,255.255.255.0,6939
44097,193.27.0.0,255.255.255.0,8218
31038,193.27.70.0,255.255.254.0,39392
208164,193.27.91.0,255.255.255.0,39392
30889,193.27.195.0,255.255.255.0,6939
41718,193.27.224.0,255.255.255.0,6939
30730,193.28.0.0,255.255.255.0,6939
6764,193.28.14.0,255.255.255.0,5405
31174,193.28.44.0,255.255.255.0,6939
31360,193.28.92.0,255.255.255.0,6939
207858,193.28.255.0,255.255.255.0,6939
15580,193.29.52.0,255.255.255.0,6939
12625,193.29.64.0,255.255.224.0,22356
211868,193.29.180.0,255.255.255.0,5405
207488,193.29.203.0,255.255.255.0,6939
42198,193.30.32.0,255.255.255.0,6939
30920,193.30.39.0,255.255.255.0,6939
31396,193.30.42.0,255.255.255.0,39392
15945,193.31.52.0,255.255.255.0,39392
211268,193.32.59.0,255.255.255.0,39392
200889,193.32.95.0,255.255.255.0,6939
209114,193.33.120.0,255.255.255.0,6939
42712,193.33.154.0,255.255.255.0,5405
42939,193.33.250.0,255.255.254.0,39392
48626,193.34.52.0,255.255.252.0,6939
44246,193.34.84.0,255.255.252.0,6939
199510,193.34.138.0,255.255.254.0,6939
41796,193.34.162.0,255.255.254.0,6939
203574,193.34.174.0,255.255.254.0,6939
50856,193.34.216.0,255.255.252.0,5405
59404,193.35.32.0,255.255.254.0,6939
205873,193.35.61.0,255.255.255.0,6939
211010,193.35.63.0,255.255.255.0,5405
211450,193.36.90.0,255.255.255.0,5405
210036,193.36.104.0,255.255.255.0,6939
61201,193.36.189.0,255.255.255.0,6939
203364,193.37.39.0,255.255.255.0,5405
205138,193.37.45.0,255.255.255.0,6939
210847,193.37.84.0,255.255.252.0,22356
214459,193.38.32.0,255.255.255.0,39392
211441,193.38.246.0,255.255.255.0,39392
50293,193.39.195.0,255.255.255.0,6939
210788,193.41.47.0,255.255.255.0,5405
57260,193.41.136.0,255.255.254.0,1764
49095,193.41.154.0,255.255.254.0,39392
197146,193.41.172.0,255.255.252.0,5405
16101,193.41.194.0,255.255.255.0,8218
16062,193.41.195.0,255.255.255.0,6939
208441,193.41.228.0,255.255.255.0,1764
211170,193.42.22.0,255.255.255.0,39392
208060,193.43.30.0,255.255.254.0,39392
34330,193.43.77.0,255.255.255.0,39392
8978,193.43.128.0,255.255.252.0,6939
208794,193.43.139.0,255.255.255.0,6939
13165,193.43.182.0,255.255.255.0,6939
51742,193.43.210.0,255.255.254.0,5405
35585,193.43.228.0,255.255.252.0,6939
208985,193.46.36.0,255.255.254.0,22356
43462,193.46.75.0,255.255.255.0,6939
5397,193.46.180.0,255.255.255.0,6939
200974,193.46.187.0,255.255.255.0,39392
39804,193.53.207.0,255.255.255.0,39392
215514,193.56.62.0,255.255.255.0,6939
62269,193.56.133.0,255.255.255.0,39392
208960,193.56.192.0,255.255.255.0,39392
50263,193.57.47.0,255.255.255.0,6939
44355,193.57.167.0,255.255.255.0,39392
64241,193.57.173.0,255.255.255.0,6939
200930,193.58.180.0,255.255.255.0,39392
41586,193.58.246.0,255.255.255.0,6939
207684,193.59.14.0,255.255.254.0,6939
204679,193.59.78.0,255.255.254.0,6939
59832,193.59.104.0,255.255.254.0,6939
51066,193.80.132.0,255.255.252.0,1764
39331,193.84.17.0,255.255.255.0,6939
44478,193.84.76.0,255.255.255.0,6939
211360,193.84.108.0,255.255.255.0,5405
51465,193.91.5.0,255.255.255.0,39392
39513,193.93.76.0,255.255.252.0,6939
8458,193.93.156.0,255.255.252.0,6939
213028,193.93.180.0,255.255.255.0,6939
39764,193.93.208.0,255.255.252.0,39392
49009,193.96.224.0,255.255.255.0,5405
12502,193.96.243.0,255.255.255.0,5405
49923,193.104.48.0,255.255.255.0,39392
41551,193.104.70.0,255.255.255.0,6939
34599,193.104.76.0,255.255.255.0,39392
50038,193.104.87.0,255.255.255.0,5405
41077,193.104.109.0,255.255.255.0,6939
50172,193.104.162.0,255.255.255.0,39392
214729,193.104.198.0,255.255.255.0,39392
50989,193.104.214.0,255.255.255.0,39392
16075,193.104.220.0,255.255.255.0,39392
15422,193.104.231.0,255.255.255.0,6939
196887,193.104.244.0,255.255.255.0,39392
42915,193.105.2.0,255.255.255.0,6939
12553,193.105.5.0,255.255.255.0,8218
198655,193.105.16.0,255.255.255.0,39392
34291,193.105.39.0,255.255.255.0,6939
50475,193.105.56.0,255.255.255.0,6939
8236,193.105.76.0,255.255.255.0,6939
50737,193.105.111.0,255.255.255.0,6939
196939,193.105.124.0,255.255.255.0,6939
39121,193.105.126.0,255.255.255.0,6939
41427,193.105.127.0,255.255.255.0,39392
50638,193.105.143.0,255.255.255.0,5405
50786,193.105.227.0,255.255.255.0,5405
42547,193.106.100.0,255.255.252.0,39392
196879,193.106.108.0,255.255.252.0,6939
50357,193.106.124.0,255.255.254.0,6939
209008,193.106.151.0,255.255.255.0,6939
50507,193.106.180.0,255.255.252.0,6939
50459,193.106.200.0,255.255.252.0,6939
50488,193.107.0.0,255.255.252.0,6939
196980,193.107.8.0,255.255.252.0,5405
34190,193.107.24.0,255.255.254.0,6939
50562,193.107.28.0,255.255.252.0,39392
22399,193.108.158.0,255.255.255.0,39392
211786,193.108.200.0,255.255.255.0,39392
20934,193.108.226.0,255.255.254.0,6939
24743,193.109.16.0,255.255.240.0,39392
21158,193.109.132.0,255.255.254.0,5405
21247,193.109.142.0,255.255.254.0,8218
20983,193.109.244.0,255.255.254.0,39392
24652,193.110.48.0,255.255.255.0,39392
24579,193.110.89.0,255.255.255.0,6939
199692,193.110.96.0,255.255.254.0,39392
21488,193.110.106.0,255.255.254.0,39392
24770,193.110.159.0,255.255.255.0,6939
24593,193.110.162.0,255.255.254.0,6939
50072,193.110.232.0,255.255.252.0,39392
24717,193.111.20.0,255.255.254.0,6939
39526,193.111.29.0,255.255.255.0,39392
24724,193.111.37.0,255.255.255.0,6939
30894,193.111.75.0,255.255.255.0,6939
24995,193.111.85.0,255.255.255.0,6939
50030,193.111.212.0,255.255.255.0,5405
51907,193.134.16.0,255.255.240.0,6939
59812,193.134.251.0,255.255.255.0,5405
34885,193.138.0.0,255.255.255.0,1764
208814,193.138.81.0,255.255.255.0,5405
205798,193.141.109.0,255.255.255.0,6939
200144,193.142.61.0,255.255.255.0,39392
42643,193.142.210.0,255.255.255.0,39392
59492,193.142.213.0,255.255.255.0,6939
200602,193.143.18.0,255.255.255.0,6939
132077,193.149.153.0,255.255.255.0,263444
57381,193.150.22.0,255.255.254.0,39392
61325,193.150.54.0,255.255.254.0,6939
57404,193.150.76.0,255.255.252.0,39392
204534,193.151.39.0,255.255.255.0,5405
31381,193.151.68.0,255.255.252.0,1764
25482,193.151.240.0,255.255.254.0,6939
215128,193.151.244.0,255.255.255.0,39392
57821,193.160.39.0,255.255.255.0,6939
51273,193.160.224.0,255.255.255.0,6939
62165,193.163.52.0,255.255.255.0,6939
212608,193.163.53.0,255.255.255.0,39392
212640,193.163.54.0,255.255.255.0,6939
202971,193.164.134.0,255.255.254.0,6939
49763,193.164.196.0,255.255.254.0,39392
214814,193.164.208.0,255.255.255.0,6939
210872,193.168.8.0,255.255.255.0,6939
42423,193.168.184.0,255.255.254.0,39392
56598,193.168.204.0,255.255.254.0,39392
49404,193.169.52.0,255.255.254.0,6939
49384,193.169.142.0,255.255.255.0,6939
2541,193.169.144.0,255.255.255.0,39392
209994,193.176.88.0,255.255.252.0,39392
199400,193.176.101.0,255.255.255.0,39392
207063,193.177.128.0,255.255.252.0,39392
216078,193.178.226.0,255.255.255.0,6939
208639,193.180.56.0,255.255.254.0,6939
206013,193.180.104.0,255.255.248.0,6939
39658,193.180.124.0,255.255.255.0,39392
57602,193.180.238.0,255.255.255.0,6939
199150,193.180.242.0,255.255.255.0,39392
208453,193.181.23.0,255.255.255.0,22356
212021,193.182.168.0,255.255.255.0,6939
34628,193.183.70.0,255.255.255.0,39392
209608,193.186.200.0,255.255.252.0,6939
43598,193.187.192.0,255.255.252.0,6939
215551,193.189.101.0,255.255.255.0,39392
8323,193.193.64.0,255.255.224.0,39392
204471,193.194.16.0,255.255.255.0,209531
3208,193.194.64.0,255.255.224.0,5405
12982,193.194.156.0,255.255.255.0,6939
42809,193.200.34.0,255.255.254.0,39392
42534,193.200.88.0,255.255.255.0,6939
52020,193.200.122.0,255.255.254.0,39392
42856,193.200.137.0,255.255.255.0,5405
25598,193.200.144.0,255.255.255.0,6939
43217,193.200.184.0,255.255.255.0,6939
60766,193.201.44.0,255.255.255.0,39392
203348,193.201.166.0,255.255.255.0,5405
25055,193.201.167.0,255.255.255.0,22356
41191,193.203.32.0,255.255.252.0,39392
35386,193.203.37.0,255.255.255.0,39392
8664,193.219.28.0,255.255.255.0,1764
215219,193.221.125.0,255.255.255.0,6939
57455,193.222.52.0,255.255.252.0,6939
2561,193.227.0.0,255.255.255.0,6939
41478,193.227.97.0,255.255.255.0,6939
250,193.227.234.0,255.255.254.0,39392
207543,193.227.242.0,255.255.255.0,6939
200577,193.228.3.0,255.255.255.0,6939
214656,193.228.146.0,255.255.255.0,6939
49077,193.231.151.0,255.255.255.0,6939
50169,193.232.50.0,255.255.255.0,6939
50218,193.232.51.0,255.255.255.0,6939
59801,193.232.70.0,255.255.255.0,6939
205022,193.232.72.0,255.255.255.0,39392
50677,193.232.98.0,255.255.254.0,6939
39589,193.232.100.0,255.255.255.0,6939
50416,193.232.101.0,255.255.255.0,6939
45029,193.232.132.0,255.255.255.0,6939
44597,193.232.134.0,255.255.255.0,6939
45018,193.232.137.0,255.255.255.0,6939
47445,193.232.139.0,255.255.255.0,6939
42253,193.232.214.0,255.255.254.0,6939
42139,193.232.230.0,255.255.255.0,6939
42728,193.232.231.0,255.255.255.0,6939
205628,193.233.148.0,255.255.255.0,6939
49954,193.233.154.0,255.255.255.0,6939
203163,193.233.155.0,255.255.255.0,5405
199768,193.235.28.0,255.255.255.0,6939
203426,193.235.52.0,255.255.254.0,6939
48220,193.235.154.0,255.255.255.0,39392
207969,193.236.96.0,255.255.255.0,6939
12833,193.236.100.0,255.255.254.0,6939
212236,193.238.46.0,255.255.254.0,6939
20938,193.238.92.0,255.255.252.0,5405
34933,193.238.224.0,255.255.255.0,6939
39468,193.239.68.0,255.255.252.0,39392
35306,193.239.124.0,255.255.252.0,6939
35296,193.239.180.0,255.255.254.0,6939
22056,193.240.244.0,255.255.255.0,6939
34199,193.242.100.0,255.255.255.0,6939
12808,193.242.123.0,255.255.255.0,6939
198945,193.242.172.0,255.255.255.0,5405
215444,193.242.185.0,255.255.255.0,6939
211148,193.242.186.0,255.255.255.0,5405
35420,193.242.204.0,255.255.252.0,39392
34559,193.247.213.0,255.255.255.0,5405
25323,193.254.228.0,255.255.254.0,6939
48053,194.0.4.0,255.255.255.0,6939
199670,194.0.6.0,255.255.255.0,5405
197440,194.0.16.0,255.255.255.0,6939
8410,194.0.120.0,255.255.252.0,6939
42180,194.0.140.0,255.255.255.0,39392
42181,194.0.160.0,255.255.255.0,6939
199148,194.0.219.0,255.255.255.0,6939
43476,194.1.144.0,255.255.255.0,39392
8298,194.1.163.0,255.255.255.0,6939
42458,194.1.195.0,255.255.255.0,6939
208353,194.4.214.0,255.255.255.0,39392
51778,194.5.228.0,255.255.252.0,6939
209256,194.6.243.0,255.255.255.0,6939
21083,194.8.57.0,255.255.255.0,5405
39057,194.8.61.0,255.255.255.0,1764
216333,194.8.133.0,255.255.255.0,6939
47117,194.8.136.0,255.255.252.0,6939
48914,194.11.29.0,255.255.255.0,6939
205915,194.13.160.0,255.255.240.0,6939
44529,194.14.100.0,255.255.254.0,39392
31800,194.14.236.0,255.255.255.0,6939
207995,194.24.162.0,255.255.254.0,39392
31471,194.24.224.0,255.255.255.0,6939
41044,194.24.228.0,255.255.254.0,39392
211816,194.26.196.0,255.255.255.0,39392
50882,194.28.8.0,255.255.252.0,39392
60399,194.28.12.0,255.255.252.0,39392
48712,194.28.32.0,255.255.252.0,5405
45049,194.28.97.0,255.255.255.0,39392
197058,194.28.144.0,255.255.252.0,6939
51068,194.28.200.0,255.255.252.0,6939
51186,194.28.236.0,255.255.252.0,6939
51086,194.28.240.0,255.255.252.0,6939
20537,194.29.99.0,255.255.255.0,1764
12464,194.29.128.0,255.255.224.0,1764
198431,194.31.36.0,255.255.254.0,39392
60193,194.31.255.0,255.255.255.0,39392
49859,194.32.111.0,255.255.255.0,5405
58237,194.33.72.0,255.255.252.0,5405
203778,194.33.76.0,255.255.254.0,6939
204278,194.33.111.0,255.255.255.0,6939
212119,194.33.116.0,255.255.252.0,6939
41910,194.33.188.0,255.255.255.0,6939
210201,194.34.96.0,255.255.254.0,6939
215065,194.34.170.0,255.255.255.0,6939
207593,194.35.187.0,255.255.255.0,5405
213389,194.36.80.0,255.255.254.0,6939
213387,194.36.94.0,255.255.255.0,39392
42012,194.36.162.0,255.255.255.0,39392
15814,194.36.224.0,255.255.240.0,6939
41915,194.37.72.0,255.255.248.0,1764
60349,194.38.36.0,255.255.252.0,5405
205483,194.39.28.0,255.255.252.0,6939
202434,194.39.196.0,255.255.252.0,6939
62443,194.39.255.0,255.255.255.0,6939
200001,194.42.110.0,255.255.254.0,5405
50569,194.44.28.0,255.255.255.0,6939
50487,194.44.222.0,255.255.255.0,6939
210353,194.44.234.0,255.255.255.0,6939
62097,194.45.166.0,255.255.255.0,39392
12991,194.48.4.0,255.255.252.0,1764
206356,194.48.228.0,255.255.254.0,39392
200387,194.49.8.0,255.255.255.0,39392
215968,194.49.55.0,255.255.255.0,6939
34800,194.50.99.0,255.255.255.0,6939
8838,194.50.108.0,255.255.255.0,39392
39661,194.50.110.0,255.255.255.0,6939
203420,194.50.176.0,255.255.255.0,5405
201163,194.50.202.0,255.255.255.0,39392
207796,194.50.204.0,255.255.255.0,5405
207973,194.53.86.0,255.255.254.0,5405
41692,194.54.92.0,255.255.252.0,39392
42598,194.55.4.0,255.255.255.0,39392
21190,194.56.100.0,255.255.252.0,6939
48755,194.56.151.0,255.255.255.0,39392
198951,194.56.174.0,255.255.254.0,5405
214323,194.58.64.0,255.255.255.0,6939
201677,194.58.241.0,255.255.255.0,6939
12470,194.59.213.0,255.255.255.0,39392
200311,194.60.212.0,255.255.255.0,39120
213216,194.61.0.0,255.255.255.0,6939
41842,194.61.24.0,255.255.255.0,6939
200020,194.62.131.0,255.255.255.0,39392
39561,194.67.73.0,255.255.255.0,6939
212662,194.68.1.0,255.255.255.0,6939
20943,194.68.134.0,255.255.255.0,6939
206889,194.71.18.0,255.255.255.0,6939
210679,194.71.153.0,255.255.255.0,6939
6782,194.71.156.0,255.255.255.0,39392
24668,194.71.182.0,255.255.255.0,39392
207489,194.76.145.0,255.255.255.0,6939
28974,194.76.188.0,255.255.252.0,6939
202438,194.79.36.0,255.255.252.0,6939
48876,194.79.250.0,255.255.255.0,6939
57680,194.85.63.0,255.255.255.0,6939
208447,194.85.64.0,255.255.255.0,6939
47104,194.85.82.0,255.255.254.0,6939
62135,194.85.254.0,255.255.255.0,6939
34214,194.88.1.0,255.255.255.0,6939
35522,194.88.200.0,255.255.254.0,5405
35640,194.88.204.0,255.255.254.0,6939
50598,194.93.112.0,255.255.252.0,4455
211018,194.99.159.0,255.255.255.0,6939
39803,194.102.100.0,255.255.255.0,39392
57082,194.102.195.0,255.255.255.0,39392
49862,194.103.21.0,255.255.255.0,39392
6820,194.105.192.0,255.255.224.0,6939
213403,194.106.196.0,255.255.254.0,6939
53973,194.106.199.0,255.255.255.0,5405
39208,194.107.248.0,255.255.252.0,39392
42711,194.110.129.0,255.255.255.0,6939
44193,194.110.204.0,255.255.255.0,6939
42778,194.110.240.0,255.255.255.0,39392
211295,194.113.249.0,255.255.255.0,5405
207638,194.116.104.0,255.255.255.0,39392
209631,194.116.112.0,255.255.248.0,6939
42986,194.116.182.0,255.255.254.0,39392
213342,194.116.239.0,255.255.255.0,39392
44865,194.116.242.0,255.255.254.0,1764
60735,194.124.236.0,255.255.255.0,39392
59813,194.124.237.0,255.255.255.0,39392
12847,194.125.240.0,255.255.255.0,6939
34540,194.126.214.0,255.255.255.0,6939
207793,194.127.156.0,255.255.255.0,39392
202321,194.127.248.0,255.255.255.0,6939
15756,194.135.100.0,255.255.255.0,6939
6802,194.141.0.0,255.255.0.0,4455
39063,194.145.116.0,255.255.255.0,6939
9182,194.145.122.0,255.255.254.0,5405
12817,194.145.150.0,255.255.254.0,5405
208614,194.145.230.0,255.255.255.0,39392
60488,194.146.122.0,255.255.255.0,6939
202347,194.146.164.0,255.255.252.0,39392
60159,194.146.188.0,255.255.252.0,6939
21641,194.147.71.0,255.255.255.0,6939
207465,194.147.139.0,255.255.255.0,6939
5379,194.149.128.0,255.255.224.0,6939
203522,194.149.139.0,255.255.255.0,5405
198035,194.150.170.0,255.255.254.0,6939
47220,194.152.42.0,255.255.255.0,39392
47275,194.152.50.0,255.255.254.0,6939
209597,194.152.57.0,255.255.255.0,6939
12628,194.153.117.0,255.255.255.0,6939
28801,194.153.190.0,255.255.254.0,6939
51505,194.154.32.0,255.255.224.0,39392
29008,194.156.20.0,255.255.254.0,39392
212989,194.156.22.0,255.255.255.0,39392
48386,194.156.155.0,255.255.255.0,22356
213641,194.169.157.0,255.255.255.0,5405
199330,194.169.218.0,255.255.255.0,24482
42094,194.169.235.0,255.255.255.0,6939
48790,194.177.28.0,255.255.252.0,5405
199162,194.180.6.0,255.255.255.0,209531
216092,194.180.216.0,255.255.255.0,39392
202854,194.181.67.0,255.255.255.0,6939
39040,194.187.88.0,255.255.252.0,5405
200142,194.187.236.0,255.255.252.0,6939
201302,194.190.7.0,255.255.255.0,6939
47213,194.190.8.0,255.255.255.0,6939
52184,194.190.9.0,255.255.255.0,6939
50002,194.190.22.0,255.255.255.0,6939
49925,194.190.24.0,255.255.255.0,6939
50822,194.190.78.0,255.255.255.0,6939
50776,194.190.80.0,255.255.252.0,6939
50958,194.190.96.0,255.255.252.0,6939
207561,194.190.113.0,255.255.255.0,6939
204600,194.190.116.0,255.255.254.0,6939
207239,194.190.220.0,255.255.254.0,6939
36956,194.204.217.0,255.255.255.0,39392
197185,194.213.102.0,255.255.254.0,6939
51314,194.213.104.0,255.255.254.0,5405
41620,194.225.224.0,255.255.240.0,6939
5568,194.226.68.0,255.255.255.0,6939
60040,194.226.174.0,255.255.255.0,5405
214069,194.226.248.0,255.255.255.0,6939
196764,194.242.30.0,255.255.254.0,6939
25557,194.242.52.0,255.255.255.0,6939
28858,194.242.116.0,255.255.252.0,6939
5564,194.247.64.0,255.255.224.0,6939
48650,195.8.40.0,255.255.254.0,6939
48651,195.8.44.0,255.255.254.0,6939
12592,195.8.105.0,255.255.255.0,6939
211752,195.8.125.0,255.255.255.0,5405
41790,195.8.220.0,255.255.254.0,39392
35802,195.10.198.0,255.255.255.0,6939
35067,195.16.76.0,255.255.252.0,6939
50586,195.19.6.0,255.255.255.0,6939
209821,195.19.112.0,255.255.254.0,6939
6699,195.19.128.0,255.255.255.0,5405
200847,195.19.208.0,255.255.255.0,6939
61197,195.19.214.0,255.255.255.0,6939
205288,195.20.138.0,255.255.255.0,6939
8928,195.21.56.0,255.255.248.0,39392
20833,195.24.242.0,255.255.254.0,39392
41285,195.26.64.0,255.255.252.0,6939
202311,195.26.68.0,255.255.255.0,6939
41320,195.26.94.0,255.255.254.0,6939
8620,195.28.96.0,255.255.224.0,1764
212433,195.35.94.0,255.255.255.0,5405
9099,195.35.127.0,255.255.255.0,39392
5392,195.36.0.0,255.255.192.0,5405
8511,195.38.160.0,255.255.224.0,6939
207921,195.39.246.0,255.255.254.0,1764
44732,195.42.98.0,255.255.254.0,39392
6879,195.43.0.0,255.255.255.0,6939
197091,195.43.72.0,255.255.254.0,39392
47457,195.43.144.0,255.255.255.0,6939
29366,195.47.193.0,255.255.255.0,6939
196624,195.47.195.0,255.255.255.0,5405
29051,195.47.226.0,255.255.255.0,6939
12507,195.49.200.0,255.255.248.0,6939
51147,195.54.176.0,255.255.254.0,6939
196969,195.54.184.0,255.255.252.0,6939
57268,195.60.220.0,255.255.252.0,6939
199901,195.62.34.0,255.255.255.0,6939
41293,195.64.180.0,255.255.254.0,39392
8258,195.64.224.0,255.255.252.0,6939
39022,195.66.134.0,255.255.254.0,39392
5459,195.66.232.0,255.255.252.0,39392
57233,195.68.240.0,255.255.254.0,6939
213084,195.69.181.0,255.255.255.0,1764
42177,195.74.48.0,255.255.255.0,6939
48527,195.74.62.0,255.255.254.0,6939
39315,195.80.140.0,255.255.255.0,6939
50947,195.80.144.0,255.255.252.0,6939
29267,195.85.211.0,255.255.255.0,39392
24602,195.88.0.0,255.255.255.0,5405
48897,195.88.72.0,255.255.254.0,6939
48928,195.88.96.0,255.255.254.0,6939
48185,195.90.96.0,255.255.254.0,39392
205268,195.90.103.0,255.255.255.0,5405
44392,195.93.220.0,255.255.254.0,1764
59589,195.93.248.0,255.255.255.0,6939
39297,195.95.147.0,255.255.255.0,6939
210169,195.95.151.0,255.255.255.0,6939
200132,195.95.177.0,255.255.255.0,6939
34204,195.95.222.0,255.255.254.0,5405
12971,195.110.192.0,255.255.224.0,1764
56603,195.128.133.0,255.255.255.0,6939
205094,195.128.143.0,255.255.255.0,5405
8670,195.130.32.0,255.255.224.0,6939
206968,195.133.240.0,255.255.255.0,6939
205608,195.136.4.0,255.255.252.0,5405
216446,195.136.16.0,255.255.254.0,5405
204744,195.136.27.0,255.255.255.0,6939
31409,195.137.246.0,255.255.254.0,39392
8391,195.138.32.0,255.255.252.0,5405
8601,195.138.160.0,255.255.224.0,6939
41617,195.138.210.0,255.255.255.0,6939
41638,195.138.222.0,255.255.255.0,39392
48257,195.138.232.0,255.255.248.0,6939
29432,195.140.194.0,255.255.254.0,39392
41319,195.140.220.0,255.255.252.0,6939
199484,195.142.104.0,255.255.255.0,5405
39095,195.142.200.0,255.255.255.0,6939
38961,195.144.25.0,255.255.255.0,39392
207784,195.144.27.0,255.255.255.0,6939
8241,195.146.64.0,255.255.224.0,6939
216434,195.160.64.0,255.255.255.0,6939
8395,195.170.32.0,255.255.224.0,6939
39656,195.170.189.0,255.255.255.0,6939
3252,195.177.68.0,255.255.255.0,39392
6807,195.178.155.0,255.255.255.0,6939
39198,195.182.23.0,255.255.255.0,6939
207777,195.182.24.0,255.255.255.0,39392
47301,195.182.34.0,255.255.255.0,6939
44175,195.184.82.0,255.255.254.0,39392
200259,195.189.176.0,255.255.255.0,6939
39903,195.189.194.0,255.255.254.0,39392
205347,195.189.206.0,255.255.255.0,5405
50579,195.189.214.0,255.255.255.0,6939
198033,195.190.152.0,255.255.255.0,6939
50379,195.191.60.0,255.255.254.0,5405
51367,195.191.72.0,255.255.254.0,6939
196924,195.191.126.0,255.255.255.0,6939
196938,195.191.174.0,255.255.254.0,6939
212395,195.191.193.0,255.255.255.0,6939
50695,195.191.204.0,255.255.255.0,39392
213425,195.200.69.0,255.255.255.0,5405
44653,195.200.74.0,255.255.254.0,6939
50156,195.200.224.0,255.255.254.0,5405
205432,195.208.16.0,255.255.255.0,6939
15754,195.208.98.0,255.255.255.0,39392
62272,195.208.99.0,255.255.255.0,6939
43213,195.209.6.0,255.255.255.0,6939
206407,195.209.59.0,255.255.255.0,6939
29114,195.209.139.0,255.255.255.0,6939
197062,195.210.20.0,255.255.254.0,5405
51619,195.210.60.0,255.255.254.0,39392
215895,195.211.43.0,255.255.255.0,6939
48533,195.211.108.0,255.255.255.0,6939
34832,195.211.120.0,255.255.252.0,6939
59564,195.211.152.0,255.255.252.0,6939
31149,195.211.212.0,255.255.252.0,5405
8856,195.214.192.0,255.255.255.0,6939
8364,195.216.96.0,255.255.224.0,39392
20783,195.222.192.0,255.255.192.0,5405
50102,195.225.58.0,255.255.254.0,39392
34359,195.225.144.0,255.255.252.0,6939
8431,195.230.0.0,255.255.240.0,4455
6846,195.230.128.0,255.255.224.0,6939
202386,195.234.8.0,255.255.254.0,5405
35726,195.234.54.0,255.255.254.0,39392
29117,195.234.61.0,255.255.255.0,39392
33999,195.234.72.0,255.255.252.0,6939
25282,195.234.148.0,255.255.255.0,6939
15398,195.234.163.0,255.255.255.0,6939
49204,195.238.108.0,255.255.252.0,6939
47468,195.242.176.0,255.255.255.0,6939
210051,195.245.84.0,255.255.255.0,39392
28892,195.245.209.0,255.255.255.0,39392
47121,195.245.236.0,255.255.255.0,39392
202962,195.250.38.0,255.255.255.0,39392
21491,196.0.0.0,255.255.0.0,6939
36948,196.1.4.0,255.255.255.0,6939
33764,196.2.3.0,255.255.255.0,39392
329479,196.2.160.0,255.255.224.0,6939
37441,196.3.162.0,255.255.255.0,6939
11744,196.4.0.0,255.255.254.0,5405
23058,196.6.184.0,255.255.255.0,5405
37578,196.6.220.0,255.255.255.0,39392
327988,196.6.246.0,255.255.255.0,5405
37663,196.10.54.0,255.255.255.0,5405
37668,196.10.55.0,255.255.255.0,5405
37679,196.10.228.0,255.255.255.0,6939
327941,196.11.80.0,255.255.248.0,6939
37656,196.11.102.0,255.255.255.0,5405
327923,196.13.107.0,255.255.255.0,39392
6968,196.29.56.0,255.255.248.0,39392
22386,196.29.240.0,255.255.240.0,6939
36944,196.32.208.0,255.255.248.0,6939
37266,196.32.232.0,255.255.255.0,5405
37364,196.32.240.0,255.255.248.0,6939
36891,196.41.224.0,255.255.224.0,5405
37366,196.43.223.0,255.255.255.0,6939
37419,196.43.230.0,255.255.255.0,6939
15022,196.44.32.0,255.255.240.0,39392
328788,196.45.228.0,255.255.255.0,39392
7420,196.46.192.0,255.255.252.0,6939
36946,196.49.0.0,255.255.255.0,39392
328014,196.49.7.0,255.255.255.0,5405
327831,196.49.10.0,255.255.255.0,6939
30997,196.49.14.0,255.255.255.0,6939
328998,196.49.15.0,255.255.255.0,6939
328010,196.49.19.0,255.255.255.0,6939
36940,196.49.26.0,255.255.255.0,6939
328089,196.61.52.0,255.255.255.0,6939
328632,196.192.48.0,255.255.240.0,6939
328001,196.192.88.0,255.255.248.0,6939
21739,196.202.248.0,255.255.254.0,6939
327935,196.216.97.0,255.255.255.0,6939
13854,196.216.154.0,255.255.255.0,5405
37177,196.216.168.0,255.255.255.0,39392
37181,196.216.169.0,255.255.255.0,39392
37288,196.216.188.0,255.255.252.0,6939
37399,196.216.192.0,255.255.252.0,5405
37496,196.216.234.0,255.255.255.0,6939
328301,196.216.245.0,255.255.255.0,6939
328074,196.223.232.0,255.255.248.0,6939
328173,196.250.204.0,255.255.252.0,6939
328125,196.250.224.0,255.255.248.0,6939
37461,197.29.123.0,255.255.255.0,39392
37484,197.155.32.0,255.255.224.0,39392
37479,197.155.248.0,255.255.248.0,6939
327707,197.157.128.0,255.255.192.0,6939
37531,197.214.1.0,255.255.255.0,6939
37550,197.214.128.0,255.255.128.0,6939
37558,197.215.128.0,255.255.255.0,5405
327936,197.215.160.0,255.255.224.0,39392
37580,197.215.216.0,255.255.252.0,6939
37342,197.218.0.0,255.254.0.0,6939
37582,197.231.64.0,255.255.252.0,39392
37313,197.253.64.0,255.255.192.0,6939
21099,198.7.96.0,255.255.240.0,39392
206628,198.8.58.0,255.255.255.0,6939
24,198.10.0.0,255.255.0.0,6939
30648,198.17.96.0,255.255.255.0,6939
55183,198.21.88.0,255.255.255.0,6939
15191,198.29.32.0,255.255.252.0,39392
4557,198.32.224.0,255.255.240.0,6939
53933,198.35.60.0,255.255.252.0,39392
212660,198.38.94.0,255.255.255.0,6939
21758,198.40.99.0,255.255.255.0,39392
52441,198.41.42.0,255.255.255.0,39392
18583,198.46.102.0,255.255.255.0,39392
32150,198.49.126.0,255.255.255.0,6939
62663,198.54.166.0,255.255.254.0,5405
12212,198.55.62.0,255.255.255.0,6939
40498,198.59.97.0,255.255.255.0,5405
21941,198.62.239.0,255.255.255.0,39392
55091,198.73.5.0,255.255.255.0,6939
23010,198.80.208.0,255.255.255.0,6939
23484,198.105.32.0,255.255.255.0,39392
11332,198.133.173.0,255.255.255.0,39392
21708,198.133.204.0,255.255.255.0,5405
203274,198.133.206.0,255.255.255.0,5405
40588,198.135.229.0,255.255.255.0,39392
18973,198.138.68.0,255.255.254.0,39392
38177,198.140.4.0,255.255.255.0,39392
36011,198.140.183.0,255.255.255.0,6939
399090,198.140.190.0,255.255.255.0,39392
36416,198.153.201.0,255.255.255.0,6939
21504,198.160.34.0,255.255.255.0,39392
16760,198.160.149.0,255.255.255.0,39392
19662,198.161.21.0,255.255.255.0,6939
27623,198.161.203.0,255.255.255.0,6939
54957,198.162.225.0,255.255.255.0,5405
10972,198.165.161.0,255.255.255.0,6939
55179,198.168.106.0,255.255.254.0,39392
26806,198.169.21.0,255.255.255.0,6939
32196,198.175.186.0,255.255.255.0,39392
4128,198.180.152.0,255.255.255.0,6939
395226,198.181.223.0,255.255.255.0,5405
32425,198.181.229.0,255.255.255.0,6939
14747,198.184.170.0,255.255.255.0,39392
14437,198.185.64.0,255.255.192.0,6939
18558,198.188.95.0,255.255.255.0,5405
40878,198.190.255.0,255.255.255.0,6939
1645,198.199.7.0,255.255.255.0,6939
10985,198.200.213.0,255.255.255.0,39392
27483,198.203.32.0,255.255.255.0,39392
40413,198.204.66.0,255.255.255.0,6939
14200,198.206.224.0,255.255.255.0,6939
13718,198.207.187.0,255.255.255.0,39392
30383,198.208.0.0,255.255.255.0,6939
213593,198.212.48.0,255.255.255.0,6939
35929,198.237.48.0,255.255.252.0,6939
3412,198.240.130.0,255.255.255.0,6939
10317,198.245.183.0,255.255.255.0,39392
16652,198.252.153.0,255.255.255.0,6939
15157,199.3.108.0,255.255.255.0,6939
394018,199.5.26.0,255.255.255.0,39392
4043,199.5.172.0,255.255.255.0,6939
397138,199.5.253.0,255.255.255.0,6939
33071,199.6.0.0,255.255.255.0,6939
26415,199.7.63.0,255.255.255.0,6939
53567,199.15.152.0,255.255.248.0,6939
19626,199.15.228.0,255.255.252.0,39392
14224,199.16.208.0,255.255.252.0,39392
21835,199.16.212.0,255.255.255.0,6939
32478,199.19.120.0,255.255.252.0,39392
36290,199.21.164.0,255.255.252.0,6939
54380,199.33.244.0,255.255.255.0,6939
23248,199.36.132.0,255.255.252.0,6939
63419,199.43.172.0,255.255.252.0,6939
26700,199.43.225.0,255.255.255.0,39392
36210,199.45.0.0,255.255.254.0,6939
53636,199.47.151.0,255.255.255.0,22356
32546,199.47.168.0,255.255.255.0,39392
11798,199.58.196.0,255.255.252.0,39392
27631,199.59.73.0,255.255.255.0,6939
27006,199.68.232.0,255.255.248.0,39392
2722,199.74.15.0,255.255.255.0,6939
54305,199.83.80.0,255.255.255.0,6939
33361,199.83.240.0,255.255.252.0,39392
400436,199.87.4.0,255.255.252.0,6939
27197,199.87.104.0,255.255.248.0,6939
32876,199.91.148.0,255.255.255.0,39392
46179,199.91.152.0,255.255.248.0,39392
46110,199.101.8.0,255.255.248.0,39392
15177,199.102.60.0,255.255.252.0,6939
19174,199.102.92.0,255.255.252.0,6939
3630,199.109.94.0,255.255.255.0,6939
40428,199.116.161.0,255.255.255.0,39392
26815,199.127.8.0,255.255.255.0,6939
38439,199.127.129.0,255.255.255.0,6939
1617,199.166.3.0,255.255.255.0,39392
19272,199.180.64.0,255.255.248.0,39392
36466,199.180.216.0,255.255.252.0,39392
40460,199.182.188.0,255.255.252.0,6939
22512,199.185.136.0,255.255.254.0,6939
20338,199.189.208.0,255.255.248.0,6939
7055,199.193.128.0,255.255.248.0,6939
40187,199.193.224.0,255.255.255.0,6939
19747,199.195.216.0,255.255.254.0,39392
25720,199.199.208.0,255.255.248.0,6939
13686,199.201.242.0,255.255.255.0,39392
11189,199.204.116.0,255.255.252.0,39392
393225,199.212.0.0,255.255.255.0,39392
6509,199.212.24.0,255.255.255.0,6939
54941,199.216.150.0,255.255.255.0,6939
17172,199.224.21.0,255.255.255.0,39392
54671,199.231.88.0,255.255.255.0,6939
26031,199.233.80.0,255.255.255.0,39392
23310,199.233.217.0,255.255.255.0,6939
13581,199.241.104.0,255.255.255.0,6939
54547,199.242.174.0,255.255.255.0,39392
11852,199.242.245.0,255.255.255.0,6939
10587,199.244.26.0,255.255.254.0,39392
40355,199.244.88.0,255.255.255.0,6939
16542,199.244.166.0,255.255.255.0,39392
63109,199.250.184.0,255.255.252.0,39392
4314,199.254.157.0,255.255.255.0,6939
6224,199.254.201.0,255.255.255.0,39392
33445,199.255.188.0,255.255.255.0,39392
263251,200.0.8.0,255.255.248.0,22356
11960,200.0.16.0,255.255.255.0,6939
271180,200.0.64.0,255.255.255.0,263444
19582,200.0.67.0,255.255.255.0,6939
264185,200.0.114.0,255.255.255.0,263444
10834,200.0.224.0,255.255.224.0,39392
16701,200.1.116.0,255.255.255.0,22356
207036,200.1.154.0,255.255.255.0,6939
27795,200.1.200.0,255.255.248.0,22356
28001,200.3.12.0,255.255.252.0,6939
7908,200.3.116.0,255.255.252.0,22356
271479,200.4.108.0,255.255.252.0,22356
53119,200.5.36.0,255.255.252.0,262355
263762,200.5.48.0,255.255.240.0,22356
19723,200.6.40.0,255.255.255.0,263444
270677,200.6.80.0,255.255.252.0,22356
271660,200.6.132.0,255.255.255.0,22356
262657,200.7.0.0,255.255.252.0,263444
52234,200.7.4.0,255.255.255.0,22356
52305,200.7.5.0,255.255.255.0,24482
61922,200.7.8.0,255.255.252.0,6939
264339,200.7.12.0,255.255.255.0,22356
61923,200.7.112.0,255.255.240.0,263444
266215,200.9.24.0,255.255.252.0,22356
271328,200.9.116.0,255.255.254.0,22356
61929,200.9.124.0,255.255.252.0,39392
263953,200.9.164.0,255.255.255.0,263444
10292,200.10.152.0,255.255.255.0,6939
64113,200.10.167.0,255.255.255.0,5405
265284,200.10.227.0,255.255.255.0,22356
270438,200.11.108.0,255.255.255.0,6939
19332,200.13.16.0,255.255.240.0,39392
7087,200.13.192.0,255.255.224.0,22356
27810,200.14.40.0,255.255.255.0,6939
270441,200.14.56.0,255.255.252.0,22356
270442,200.14.124.0,255.255.252.0,263444
22975,200.14.130.0,255.255.255.0,6939
52306,200.16.112.0,255.255.255.0,1764
10881,200.17.96.0,255.255.240.0,6939
11802,200.19.192.0,255.255.224.0,263444
28496,200.23.30.0,255.255.255.0,6939
22894,200.23.179.0,255.255.255.0,22356
61932,200.23.180.0,255.255.252.0,22356
270964,200.24.92.0,255.255.252.0,22356
271600,200.24.120.0,255.255.254.0,263444
270444,200.26.252.0,255.255.254.0,263444
28497,200.33.0.0,255.255.255.0,39392
28511,200.33.80.0,255.255.255.0,39392
265450,200.33.174.0,255.255.255.0,263444
270042,200.35.148.0,255.255.255.0,22356
271388,200.36.132.0,255.255.252.0,6939
271303,200.36.144.0,255.255.252.0,22356
271287,200.36.148.0,255.255.252.0,22356
271284,200.36.204.0,255.255.252.0,22356
271383,200.36.212.0,255.255.252.0,22356
271283,200.36.220.0,255.255.252.0,22356
271343,200.39.36.0,255.255.252.0,22356
271425,200.39.44.0,255.255.252.0,22356
270776,200.39.140.0,255.255.252.0,22356
270818,200.39.157.0,255.255.255.0,22356
14187,200.47.156.0,255.255.255.0,22356
273111,200.50.152.0,255.255.254.0,6939
272872,200.50.155.0,255.255.255.0,22356
270482,200.50.208.0,255.255.252.0,263444
16531,200.52.128.0,255.255.255.0,6939
271018,200.52.228.0,255.255.255.0,263444
270263,200.53.4.0,255.255.252.0,22356
271304,200.53.68.0,255.255.255.0,263444
271432,200.53.88.0,255.255.252.0,263444
269998,200.59.208.0,255.255.252.0,22356
15034,200.61.64.0,255.255.255.0,6939
28065,200.69.159.0,255.255.255.0,6939
20002,200.71.0.0,255.255.255.0,39392
266191,200.71.64.0,255.255.252.0,22356
266216,200.71.72.0,255.255.252.0,263444
61599,200.71.76.0,255.255.255.0,22356
270477,200.71.100.0,255.255.254.0,263444
61939,200.75.176.0,255.255.248.0,22356
61444,200.77.184.0,255.255.255.0,22356
271547,200.80.108.0,255.255.255.0,22356
271369,200.80.112.0,255.255.252.0,6939
271291,200.80.124.0,255.255.255.0,22356
10293,200.84.128.0,255.255.255.0,6939
28037,200.85.184.0,255.255.255.0,39392
27744,200.105.120.0,255.255.254.0,6939
270468,200.106.140.0,255.255.252.0,263444
266155,200.106.144.0,255.255.252.0,6939
271262,200.106.176.0,255.255.252.0,22356
271779,200.106.184.0,255.255.255.0,39392
271270,200.106.200.0,255.255.252.0,263444
271247,200.106.212.0,255.255.252.0,22356
271337,200.106.222.0,255.255.254.0,263444
271692,200.107.72.0,255.255.252.0,22356
270248,200.107.116.0,255.255.252.0,22356
26593,200.108.64.0,255.255.255.0,6939
262249,200.108.144.0,255.255.255.0,6939
270264,200.108.180.0,255.255.252.0,263444
27814,200.110.112.0,255.255.252.0,22356
270253,200.110.204.0,255.255.252.0,22356
52359,200.115.86.0,255.255.255.0,22356
52370,200.115.87.0,255.255.255.0,22356
52360,200.115.88.0,255.255.255.0,22356
52375,200.115.89.0,255.255.255.0,6939
52324,200.115.90.0,255.255.255.0,22356
52403,200.115.91.0,255.255.255.0,22356
52294,200.115.93.0,255.255.255.0,22356
270268,200.115.100.0,255.255.252.0,263444
270266,200.115.104.0,255.255.255.0,39392
262226,200.115.181.0,255.255.255.0,39392
270270,200.123.236.0,255.255.252.0,22356
270271,200.124.64.0,255.255.252.0,262355
270289,200.124.80.0,255.255.252.0,22356
270274,200.124.84.0,255.255.252.0,22356
270276,200.124.92.0,255.255.252.0,22356
270277,200.124.164.0,255.255.252.0,22356
270279,200.124.172.0,255.255.252.0,22356
14234,200.124.192.0,255.255.252.0,39392
61950,200.142.189.0,255.255.255.0,22356
270922,200.142.228.0,255.255.254.0,263444
14204,200.142.240.0,255.255.240.0,22356
11921,200.150.128.0,255.255.240.0,6939
28590,200.152.0.0,255.255.255.0,22356
14463,200.152.64.0,255.255.240.0,22356
21571,200.152.96.0,255.255.240.0,22356
23002,200.155.96.0,255.255.240.0,6939
27688,200.159.128.0,255.255.224.0,263444
22548,200.160.0.0,255.255.240.0,6939
22819,200.160.128.0,255.255.240.0,263444
22250,200.170.64.0,255.255.248.0,22356
264592,200.170.76.0,255.255.252.0,263444
11706,200.176.1.0,255.255.255.0,39392
16685,200.185.0.0,255.255.224.0,263444
270682,200.187.96.0,255.255.252.0,22356
270684,200.187.104.0,255.255.252.0,22356
10906,200.189.40.0,255.255.255.0,6939
18739,200.189.96.0,255.255.240.0,6939
7465,200.189.128.0,255.255.224.0,6939
13357,200.192.96.0,255.255.248.0,263444
14026,200.192.104.0,255.255.255.0,22356
13522,200.192.112.0,255.255.240.0,6939
28572,200.192.144.0,255.255.252.0,22356
11284,200.192.232.0,255.255.254.0,6939
13495,200.194.64.0,255.255.224.0,6939
10733,200.196.0.0,255.255.224.0,39392
10670,200.198.0.0,255.255.192.0,22356
10412,200.201.0.0,255.255.128.0,263444
271387,200.215.224.0,255.255.252.0,22356
271868,200.215.228.0,255.255.255.0,39392
273730,200.215.238.0,255.255.255.0,22356
10362,200.218.9.0,255.255.255.0,6939
11271,200.218.128.0,255.255.192.0,263444
272786,200.218.236.0,255.255.254.0,22356
28594,200.218.240.0,255.255.240.0,6939
270810,200.219.16.0,255.255.252.0,22356
270826,200.219.28.0,255.255.252.0,22356
270817,200.219.56.0,255.255.252.0,22356
270804,200.219.60.0,255.255.252.0,22356
11644,200.219.154.0,255.255.255.0,6939
14650,200.219.158.0,255.255.255.0,1764
27712,200.220.160.0,255.255.255.0,263444
28581,200.220.176.0,255.255.240.0,6939
274734,200.225.58.0,255.255.255.0,263444
28588,200.229.48.0,255.255.240.0,39392
61778,200.229.208.0,255.255.252.0,22356
12136,200.229.248.0,255.255.254.0,49544
10704,200.234.128.0,255.255.192.0,22356
28597,200.234.240.0,255.255.254.0,39392
10417,200.236.128.0,255.255.192.0,6939
11242,200.237.192.0,255.255.192.0,6939
10875,200.238.0.0,255.255.255.0,263444
28595,201.7.192.0,255.255.248.0,6939
61697,201.7.212.0,255.255.255.0,22356
28275,201.33.96.0,255.255.240.0,6939
28274,201.33.128.0,255.255.240.0,8218
28278,201.33.208.0,255.255.240.0,263444
28603,201.46.0.0,255.255.248.0,6939
28602,201.49.160.0,255.255.240.0,6939
271466,201.49.176.0,255.255.254.0,263444
273497,201.49.184.0,255.255.254.0,263444
28623,201.54.128.0,255.255.224.0,263444
271137,201.54.188.0,255.255.254.0,22356
28616,201.54.208.0,255.255.240.0,22356
262585,201.55.160.0,255.255.240.0,263444
28626,201.55.208.0,255.255.254.0,22356
28631,201.55.240.0,255.255.240.0,22356
270283,201.71.8.0,255.255.252.0,6939
273818,201.71.12.0,255.255.252.0,6939
270285,201.71.16.0,255.255.252.0,22356
270290,201.71.24.0,255.255.255.0,22356
270293,201.71.196.0,255.255.254.0,263444
271145,201.71.216.0,255.255.252.0,6939
271115,201.71.220.0,255.255.255.0,263444
262792,201.76.96.0,255.255.240.0,22356
28653,201.76.208.0,255.255.240.0,22356
270294,201.77.100.0,255.255.255.0,263444
61822,201.130.20.0,255.255.252.0,22356
61924,201.130.88.0,255.255.248.0,22356
263229,201.131.67.0,255.255.255.0,24482
61944,201.131.92.0,255.255.252.0,6939
61785,201.131.152.0,255.255.252.0,262355
61801,201.131.208.0,255.255.252.0,6939
61802,201.139.92.0,255.255.252.0,6939
61941,201.139.216.0,255.255.248.0,263444
61827,201.140.232.0,255.255.252.0,22356
61831,201.140.252.0,255.255.252.0,22356
61863,201.148.116.0,255.255.252.0,263444
61858,201.148.180.0,255.255.252.0,22356
61849,201.149.104.0,255.255.255.0,22356
61873,201.149.108.0,255.255.252.0,22356
61859,201.149.116.0,255.255.252.0,22356
61699,201.150.52.0,255.255.255.0,263444
61876,201.150.124.0,255.255.252.0,22356
263778,201.159.8.0,255.255.255.0,6939
61763,201.159.72.0,255.255.248.0,263444
61764,201.159.84.0,255.255.252.0,22356
61818,201.175.60.0,255.255.252.0,22356
267496,201.182.4.0,255.255.252.0,263444
267497,201.182.8.0,255.255.255.0,22356
267525,201.182.54.0,255.255.255.0,6939
267517,201.182.120.0,255.255.252.0,39392
61441,201.182.129.0,255.255.255.0,22356
61521,201.182.130.0,255.255.255.0,22356
64106,201.182.133.0,255.255.255.0,22356
64104,201.182.137.0,255.255.255.0,22356
61553,201.182.138.0,255.255.255.0,22356
52509,201.182.139.0,255.255.255.0,22356
52332,201.182.141.0,255.255.255.0,22356
52500,201.182.142.0,255.255.255.0,22356
52508,201.182.143.0,255.255.255.0,22356
267536,201.182.168.0,255.255.252.0,263444
267548,201.182.184.0,255.255.254.0,22356
267564,201.182.212.0,255.255.252.0,22356
267549,201.182.236.0,255.255.252.0,22356
267550,201.182.244.0,255.255.255.0,6939
267613,201.182.252.0,255.255.252.0,22356
270558,201.216.72.0,255.255.252.0,22356
52373,201.217.244.0,255.255.252.0,22356
272648,201.218.160.0,255.255.255.0,6939
271508,201.218.176.0,255.255.252.0,263444
61951,201.219.248.0,255.255.255.0,22356
271783,201.222.44.0,255.255.252.0,6939
273112,201.234.117.0,255.255.255.0,24482
24395,202.0.155.0,255.255.255.0,5405
17554,202.0.167.0,255.255.255.0,5405
56195,202.1.2.0,255.255.255.0,24482
154100,202.1.22.0,255.255.254.0,5405
132696,202.3.78.0,255.255.255.0,24482
17535,202.4.190.0,255.255.255.0,6939
23642,202.4.250.0,255.255.255.0,6939
45495,202.4.251.0,255.255.255.0,6939
45494,202.6.102.0,255.255.255.0,39392
9745,202.6.124.0,255.255.252.0,6939
24017,202.10.240.0,255.255.252.0,6939
17683,202.11.156.0,255.255.252.0,6939
4777,202.12.28.0,255.255.255.0,24482
4608,202.12.29.0,255.255.255.0,6939
7529,202.17.189.0,255.255.255.0,39392
139657,202.28.8.0,255.255.248.0,6939
137261,202.28.60.0,255.255.255.0,6939
24475,202.29.12.0,255.255.255.0,6939
216053,202.37.103.0,255.255.255.0,6939
9680,202.39.80.0,255.255.240.0,39392
10225,202.41.0.0,255.255.254.0,5405
38198,202.43.8.0,255.255.252.0,5405
24303,202.44.116.0,255.255.252.0,6939
38064,202.46.184.0,255.255.255.0,6939
152037,202.47.162.0,255.255.254.0,24482
152022,202.47.176.0,255.255.254.0,6939
213768,202.50.53.0,255.255.255.0,5405
55878,202.50.196.0,255.255.254.0,6939
23950,202.51.16.0,255.255.255.0,24482
56190,202.51.128.0,255.255.255.0,39392
7610,202.51.240.0,255.255.248.0,5405
46058,202.52.58.0,255.255.254.0,6939
38600,202.56.0.0,255.255.252.0,24482
131758,202.56.168.0,255.255.255.0,24482
18112,202.57.16.0,255.255.255.0,24482
46027,202.58.238.0,255.255.254.0,6939
138451,202.58.246.0,255.255.255.0,6939
4802,202.59.96.0,255.255.240.0,6939
38017,202.59.128.0,255.255.240.0,6939
23633,202.59.144.0,255.255.248.0,39392
151956,202.61.80.0,255.255.254.0,6939
10131,202.65.32.0,255.255.224.0,22356
4658,202.75.0.0,255.255.252.0,6939
23948,202.75.16.0,255.255.255.0,6939
45710,202.75.96.0,255.255.255.0,6939
9925,202.77.128.0,255.255.248.0,39392
23699,202.80.112.0,255.255.255.0,24482
45881,202.80.186.0,255.255.255.0,6939
17888,202.83.192.0,255.255.224.0,24482
9729,202.85.128.0,255.255.240.0,24482
18255,202.86.32.0,255.255.255.0,5405
55679,202.92.200.0,255.255.255.0,39392
23952,202.93.16.0,255.255.255.0,24482
23696,202.93.112.0,255.255.255.0,6939
4382,202.93.128.0,255.255.255.0,6939
23669,202.93.160.0,255.255.224.0,6939
151058,202.100.215.0,255.255.255.0,6939
24348,202.112.4.0,255.255.255.0,6939
24361,202.112.23.0,255.255.255.0,6939
24209,202.122.8.0,255.255.255.0,6939
24262,202.122.136.0,255.255.248.0,39392
17910,202.123.224.0,255.255.255.0,6939
46037,202.124.196.0,255.255.255.0,6939
24229,202.126.16.0,255.255.252.0,6939
146976,202.126.24.0,255.255.248.0,6939
38313,202.126.120.0,255.255.248.0,6939
10202,202.128.104.0,255.255.255.0,24482
38781,202.129.224.0,255.255.252.0,6939
9789,202.131.7.0,255.255.255.0,6939
24200,202.133.0.0,255.255.255.0,6939
136914,202.133.64.0,255.255.254.0,263444
154215,202.133.94.0,255.255.255.0,39392
23900,202.136.240.0,255.255.248.0,5405
45349,202.137.176.0,255.255.254.0,5405
9657,202.138.224.0,255.255.255.0,6939
23836,202.142.8.0,255.255.248.0,6939
18365,202.146.0.0,255.255.255.0,6939
24212,202.146.128.0,255.255.255.0,6939
4857,202.147.96.0,255.255.240.0,6939
18156,202.147.224.0,255.255.224.0,39392
17826,202.149.64.0,255.255.248.0,24482
4833,202.149.128.0,255.255.248.0,24482
10101,202.152.64.0,255.255.224.0,39392
24449,202.153.8.0,255.255.252.0,6939
24077,202.153.88.0,255.255.248.0,6939
10208,202.153.128.0,255.255.224.0,6939
4434,202.154.0.0,255.255.255.0,6939
9216,202.154.192.0,255.255.224.0,6939
45118,202.158.253.0,255.255.255.0,6939
24006,202.160.48.0,255.255.248.0,5405
45278,202.162.66.0,255.255.255.0,5405
211513,202.164.206.0,255.255.255.0,6939
38143,202.169.240.0,255.255.248.0,6939
134189,202.172.128.0,255.255.224.0,6939
9226,202.172.160.0,255.255.224.0,6939
9648,202.173.192.0,255.255.240.0,6939
133135,202.176.7.0,255.255.255.0,6939
24271,202.177.64.0,255.255.192.0,6939
18259,202.178.96.0,255.255.240.0,39392
24489,202.179.240.0,255.255.248.0,6939
24490,202.179.248.0,255.255.248.0,6939
7587,202.180.0.0,255.255.255.0,6939
17934,202.180.32.0,255.255.240.0,6939
38145,202.180.48.0,255.255.255.0,24482
9536,202.182.224.0,255.255.254.0,39392
7568,202.183.136.0,255.255.252.0,6939
135511,202.183.234.0,255.255.255.0,24482
24205,202.191.2.0,255.255.254.0,6939
7668,202.213.96.0,255.255.224.0,6939
23628,202.220.224.0,255.255.224.0,6939
37906,202.254.128.0,255.255.255.0,39392
23614,202.254.164.0,255.255.252.0,39392
151598,203.3.90.0,255.255.255.0,6939
24479,203.3.167.0,255.255.255.0,6939
38438,203.3.184.0,255.255.255.0,5405
37990,203.4.169.0,255.255.255.0,22356
24476,203.5.63.0,255.255.255.0,263444
154227,203.9.195.0,255.255.255.0,6939
132581,203.11.167.0,255.255.255.0,6939
138185,203.12.18.0,255.255.255.0,39392
17635,203.14.105.0,255.255.255.0,39392
4778,203.20.218.0,255.255.255.0,6939
400400,203.20.243.0,255.255.255.0,39392
154329,203.21.65.0,255.255.255.0,263444
137896,203.21.150.0,255.255.254.0,6939
135415,203.21.200.0,255.255.255.0,6939
9544,203.23.120.0,255.255.255.0,5405
23855,203.30.38.0,255.255.255.0,6939
138657,203.32.27.0,255.255.255.0,6939
18393,203.77.208.0,255.255.255.0,24482
24204,203.80.8.0,255.255.255.0,6939
9519,203.82.96.0,255.255.254.0,6939
23641,203.86.224.0,255.255.248.0,39392
38475,203.89.6.0,255.255.254.0,6939
18264,203.92.16.0,255.255.252.0,6939
55722,203.98.224.0,255.255.224.0,5405
132789,203.105.192.0,255.255.255.0,6939
151993,203.111.252.0,255.255.254.0,24482
45697,203.114.224.0,255.255.254.0,6939
23774,203.119.1.0,255.255.255.0,39392
23902,203.119.8.0,255.255.252.0,5405
24252,203.119.40.0,255.255.255.0,6939
38755,203.123.60.0,255.255.255.0,24482
7616,203.130.128.0,255.255.224.0,6939
4693,203.140.0.0,255.255.224.0,6939
151691,203.145.42.0,255.255.254.0,5405
4776,203.148.128.0,255.255.240.0,6939
4741,203.149.0.0,255.255.192.0,6939
63528,203.159.66.0,255.255.254.0,6939
137856,203.159.76.0,255.255.255.0,6939
141362,203.159.77.0,255.255.255.0,6939
137875,203.159.78.0,255.255.255.0,6939
9223,203.161.189.0,255.255.255.0,39392
152012,203.175.100.0,255.255.255.0,6939
150755,203.175.104.0,255.255.254.0,6939
23731,203.175.120.0,255.255.255.0,263444
18266,203.179.240.0,255.255.240.0,6939
7660,203.181.194.0,255.255.254.0,6939
17537,203.189.160.0,255.255.240.0,24482
38510,203.190.36.0,255.255.255.0,6939
45317,203.190.40.0,255.255.255.0,24482
45630,203.201.184.0,255.255.252.0,6939
56200,203.215.52.0,255.255.252.0,6939
17988,203.222.192.0,255.255.240.0,6939
45963,203.247.182.0,255.255.255.0,6939
55589,203.250.104.0,255.255.255.0,6939
64404,204.2.64.0,255.255.240.0,49544
31950,204.8.192.0,255.255.248.0,39392
395664,204.8.236.0,255.255.255.0,39392
16409,204.9.92.0,255.255.252.0,6939
40300,204.9.116.0,255.255.255.0,6939
33254,204.9.144.0,255.255.248.0,6939
34936,204.11.3.0,255.255.255.0,39392
40630,204.13.88.0,255.255.252.0,6939
36253,204.13.204.0,255.255.252.0,39392
12265,204.14.4.0,255.255.255.0,39392
54164,204.16.47.0,255.255.255.0,6939
214213,204.27.68.0,255.255.255.0,39392
7806,204.27.195.0,255.255.255.0,6939
22971,204.44.160.0,255.255.254.0,6939
4393,204.52.234.0,255.255.255.0,39392
36861,204.58.156.0,255.255.254.0,39392
63254,204.76.144.0,255.255.248.0,39392
31923,204.78.160.0,255.255.240.0,6939
6099,204.88.192.0,255.255.224.0,5405
398334,204.89.189.0,255.255.255.0,6939
813,204.92.101.0,255.255.255.0,39392
6203,204.107.130.0,255.255.255.0,6939
20413,204.108.128.0,255.255.224.0,6939
15205,204.114.0.0,255.255.248.0,39392
62628,204.126.121.0,255.255.255.0,39392
40042,204.126.171.0,255.255.255.0,39392
25979,204.147.0.0,255.255.240.0,6939
17089,204.152.48.0,255.255.254.0,6939
19621,204.153.56.0,255.255.252.0,39392
4297,204.153.228.0,255.255.255.0,39392
54811,204.190.24.0,255.255.254.0,6939
21922,204.197.128.0,255.255.240.0,39392
54002,204.225.158.0,255.255.255.0,6939
27453,204.225.208.0,255.255.255.0,6939
216153,204.235.104.0,255.255.255.0,39392
46828,204.238.128.0,255.255.255.0,39392
26683,204.252.163.0,255.255.255.0,39392
32728,205.132.129.0,255.255.255.0,39392
62568,205.134.47.0,255.255.255.0,39392
398668,205.137.250.0,255.255.255.0,6939
14893,205.141.232.0,255.255.252.0,39392
54532,205.153.224.0,255.255.255.0,39392
32261,205.162.80.0,255.255.255.0,39392
272575,205.164.104.0,255.255.252.0,263444
1436,205.172.192.0,255.255.252.0,39392
46471,205.173.248.0,255.255.252.0,39392
40468,205.222.252.0,255.255.252.0,6939
11605,205.233.73.0,255.255.255.0,6939
32442,205.233.140.0,255.255.254.0,6939
12059,205.233.151.0,255.255.255.0,39392
31763,205.235.32.0,255.255.224.0,6939
5715,206.9.255.0,255.255.255.0,5405
20085,206.21.43.0,255.255.255.0,5405
4574,206.41.224.0,255.255.224.0,39392
64213,206.53.142.0,255.255.255.0,39392
14536,206.55.64.0,255.255.240.0,6939
14263,206.71.32.0,255.255.240.0,6939
27563,206.74.16.0,255.255.255.0,39392
21694,206.78.32.0,255.255.224.0,5405
22002,206.81.168.0,255.255.255.0,6939
14773,206.82.16.0,255.255.240.0,39392
273357,206.84.77.0,255.255.255.0,22356
272790,206.84.204.0,255.255.252.0,6939
393424,206.108.0.0,255.255.255.0,6939
35850,206.108.116.0,255.255.252.0,39392
46494,206.123.56.0,255.255.248.0,6939
14866,206.126.109.0,255.255.255.0,39392
14086,206.126.112.0,255.255.255.0,6939
400679,206.168.92.0,255.255.255.0,6939
400701,206.168.140.0,255.255.254.0,39392
33197,206.168.164.0,255.255.254.0,39392
62883,206.168.185.0,255.255.255.0,39392
400671,206.168.193.0,255.255.255.0,6939
17197,206.197.161.0,255.255.255.0,6939
19694,206.198.242.0,255.255.254.0,5405
400510,206.202.0.0,255.255.192.0,6939
30551,206.211.220.0,255.255.255.0,39392
17344,206.223.67.0,255.255.255.0,39392
63205,206.226.135.0,255.255.255.0,39392
11204,206.226.144.0,255.255.255.0,39392
54813,207.5.224.0,255.255.224.0,39392
40061,207.7.141.0,255.255.255.0,6939
4258,207.66.184.0,255.255.255.0,39392
36182,207.66.236.0,255.255.255.0,39392
399257,207.126.141.0,255.255.255.0,6939
11970,207.162.160.0,255.255.224.0,6939
10326,207.174.160.0,255.255.248.0,6939
17014,207.180.0.0,255.255.255.0,39392
19967,207.181.16.0,255.255.240.0,39392
30371,207.223.96.0,255.255.248.0,39392
399912,207.228.212.0,255.255.252.0,39392
207474,207.230.3.0,255.255.255.0,6939
7941,207.241.224.0,255.255.240.0,6939
6372,207.245.64.0,255.255.192.0,39392
19796,207.246.209.0,255.255.255.0,6939
271302,207.248.8.0,255.255.255.0,22356
271412,207.248.16.0,255.255.252.0,22356
271309,207.248.24.0,255.255.252.0,22356
263127,207.248.108.0,255.255.255.0,39392
54111,208.42.120.0,255.255.248.0,39392
19887,208.50.15.0,255.255.255.0,39392
30260,208.64.4.0,255.255.254.0,39392
15008,208.64.108.0,255.255.252.0,6939
30001,208.64.160.0,255.255.252.0,6939
21895,208.67.208.0,255.255.255.0,39392
152626,208.68.183.0,255.255.255.0,6939
25740,208.68.197.0,255.255.255.0,39392
40068,208.69.168.0,255.255.248.0,6939
36213,208.71.56.0,255.255.248.0,39392
40252,208.71.72.0,255.255.248.0,6939
3789,208.72.48.0,255.255.255.0,6939
17149,208.72.228.0,255.255.252.0,39392
22674,208.73.104.0,255.255.255.0,39392
60326,208.73.212.0,255.255.254.0,6939
53591,208.74.136.0,255.255.252.0,6939
14585,208.76.168.0,255.255.248.0,6939
63117,208.79.102.0,255.255.255.0,5405
11901,208.79.244.0,255.255.254.0,39392
26156,208.84.72.0,255.255.252.0,6939
11353,208.84.136.0,255.255.252.0,39392
14070,208.85.100.0,255.255.252.0,39392
328179,208.85.156.0,255.255.252.0,39392
14721,208.86.116.0,255.255.252.0,39392
40764,208.89.144.0,255.255.248.0,6939
31834,208.90.18.0,255.255.255.0,6939
26239,208.90.72.0,255.255.252.0,6939
17103,208.90.144.0,255.255.252.0,39392
6456,208.90.168.0,255.255.252.0,6939
26461,208.91.232.0,255.255.255.0,6939
400006,208.99.62.0,255.255.255.0,6939
29941,208.108.96.0,255.255.240.0,6939
14734,208.108.112.0,255.255.248.0,6939
30290,208.108.160.0,255.255.248.0,6939
40732,208.108.200.0,255.255.248.0,6939
31777,208.108.208.0,255.255.240.0,6939
36794,208.122.64.0,255.255.224.0,6939
14427,208.185.76.0,255.255.255.0,39392
27519,208.198.116.0,255.255.252.0,39392
272764,209.14.6.0,255.255.255.0,263444
273410,209.14.158.0,255.255.255.0,39392
30712,209.34.112.0,255.255.240.0,6939
36779,209.46.69.0,255.255.255.0,6939
140911,209.58.74.0,255.255.255.0,39392
152858,209.107.140.0,255.255.252.0,6939
212024,209.112.97.0,255.255.255.0,6939
30138,209.123.250.0,255.255.255.0,39392
101,209.124.176.0,255.255.240.0,6939
214329,209.131.126.0,255.255.255.0,6939
396926,209.147.224.0,255.255.240.0,6939
22919,209.152.32.0,255.255.224.0,39392
40463,209.178.216.0,255.255.248.0,39392
207419,209.200.230.0,255.255.255.0,6939
1025,209.209.24.0,255.255.255.0,6939
21669,209.212.0.0,255.255.224.0,39392
20448,209.235.160.0,255.255.224.0,6939
22856,209.237.153.0,255.255.255.0,39392
13950,209.242.17.0,255.255.255.0,39392
207009,209.251.195.0,255.255.255.0,39392
14100,209.255.80.0,255.255.255.0,39392
4817,210.10.0.0,255.255.240.0,39392
18114,210.14.32.0,255.255.255.0,6939
4844,210.23.0.0,255.255.224.0,5405
38881,210.55.2.0,255.255.255.0,6939
213430,210.67.142.0,255.255.254.0,6939
152129,210.79.128.0,255.255.254.0,39392
152127,210.79.130.0,255.255.255.0,6939
152045,210.79.146.0,255.255.255.0,24482
151698,210.79.148.0,255.255.255.0,5405
151378,210.87.98.0,255.255.255.0,39392
152144,210.87.106.0,255.255.255.0,6939
152053,210.87.112.0,255.255.255.0,39392
4718,210.156.0.0,255.255.252.0,39392
7503,210.159.64.0,255.255.224.0,6939
7527,210.171.226.0,255.255.254.0,6939
7530,210.231.212.0,255.255.252.0,6939
140405,210.247.241.0,255.255.255.0,6939
18185,211.76.240.0,255.255.240.0,39392
8828,212.0.64.0,255.255.224.0,6939
57241,212.1.192.0,255.255.248.0,6939
29231,212.4.96.0,255.255.224.0,39392
8918,212.4.192.0,255.255.224.0,39392
8440,212.6.0.0,255.255.248.0,6939
203661,212.7.217.0,255.255.255.0,5405
203941,212.7.218.0,255.255.254.0,5405
20846,212.12.192.0,255.255.240.0,6939
12305,212.13.32.0,255.255.224.0,209531
210928,212.15.47.0,255.255.255.0,39392
42008,212.15.204.0,255.255.252.0,5405
60314,212.15.224.0,255.255.224.0,39392
8592,212.16.0.0,255.255.224.0,5405
44889,212.16.66.0,255.255.255.0,6939
12362,212.19.160.0,255.255.224.0,39392
8913,212.20.64.0,255.255.224.0,39392
205434,212.21.96.0,255.255.252.0,5405
213787,212.22.64.0,255.255.255.0,6939
204102,212.22.67.0,255.255.255.0,6939
209655,212.22.72.0,255.255.255.0,39392
15654,212.28.0.0,255.255.224.0,39392
13042,212.39.192.0,255.255.224.0,1764
12294,212.40.32.0,255.255.224.0,6939
24682,212.40.47.0,255.255.255.0,6939
12650,212.45.96.0,255.255.248.0,6939
50414,212.46.55.0,255.255.255.0,5405
9000,212.50.32.0,255.255.255.0,6939
16283,212.51.200.0,255.255.252.0,1764
12335,212.53.32.0,255.255.224.0,6939
12540,212.64.160.0,255.255.224.0,6939
12976,212.65.64.0,255.255.224.0,5405
47194,212.65.160.0,255.255.224.0,6939
12548,212.68.160.0,255.255.252.0,6939
8798,212.69.64.0,255.255.248.0,6939
12657,212.72.64.0,255.255.224.0,39392
200995,212.72.236.0,255.255.252.0,39392
57050,212.81.56.0,255.255.255.0,6939
9067,212.82.32.0,255.255.248.0,39392
9039,212.83.0.0,255.255.224.0,6939
29340,212.85.192.0,255.255.224.0,6939
12512,212.87.32.0,255.255.224.0,6939
25084,212.87.240.0,255.255.254.0,6939
25154,212.91.18.0,255.255.255.0,6939
12409,212.94.192.0,255.255.224.0,39392
213981,212.104.142.0,255.255.255.0,6939
9103,212.109.128.0,255.255.240.0,1764
12687,212.111.192.0,255.255.248.0,6939
212397,212.111.199.0,255.255.255.0,6939
13250,212.117.192.0,255.255.224.0,39392
209915,212.119.5.0,255.255.255.0,39392
12539,212.122.64.0,255.255.255.0,209531
15851,212.127.64.0,255.255.224.0,1764
15612,212.147.128.0,255.255.128.0,5405
8234,212.162.64.0,255.255.192.0,6939
8501,212.191.126.0,255.255.255.0,1764
13293,212.191.230.0,255.255.255.0,39392
35628,212.191.231.0,255.255.255.0,39392
62261,212.192.230.0,255.255.254.0,6939
5468,212.193.64.0,255.255.224.0,5405
47775,213.5.104.0,255.255.252.0,6939
199503,213.5.144.0,255.255.248.0,5405
196858,213.5.200.0,255.255.248.0,6939
211984,213.33.79.0,255.255.255.0,1764
1270,213.71.148.0,255.255.252.0,39392
21064,213.73.8.0,255.255.248.0,1764
49300,213.108.8.0,255.255.248.0,5405
208511,213.108.32.0,255.255.255.0,6939
210224,213.109.184.0,255.255.252.0,39392
210147,213.109.197.0,255.255.255.0,39392
50022,213.110.240.0,255.255.240.0,6939
20618,213.132.0.0,255.255.224.0,39392
205012,213.134.9.0,255.255.255.0,39392
20555,213.135.44.0,255.255.252.0,6939
25575,213.145.224.0,255.255.224.0,39392
12895,213.150.0.0,255.255.224.0,22356
13182,213.152.192.0,255.255.224.0,209531
13053,213.156.64.0,255.255.224.0,39392
9092,213.156.224.0,255.255.240.0,5405
20510,213.157.96.0,255.255.240.0,5405
43458,213.159.136.0,255.255.255.0,6939
44845,213.159.196.0,255.255.255.0,6939
28909,213.167.0.0,255.255.255.0,39392
13121,213.169.64.0,255.255.224.0,6939
15613,213.173.171.0,255.255.255.0,6939
13226,213.177.64.0,255.255.240.0,39392
59536,213.178.156.0,255.255.252.0,39392
25592,213.187.96.0,255.255.224.0,5405
25509,213.190.96.0,255.255.224.0,39392
199842,213.199.254.0,255.255.254.0,6939
24785,213.207.0.0,255.255.255.0,39392
213681,213.217.2.0,255.255.255.0,6939
29438,213.225.192.0,255.255.224.0,39392
39360,213.226.80.0,255.255.252.0,6939
62146,213.226.121.0,255.255.255.0,6939
38932,213.231.128.0,255.255.224.0,5405
48292,213.238.161.0,255.255.255.0,5405
25189,213.251.208.0,255.255.240.0,6939
149,214.9.248.0,255.255.248.0,39392
273732,216.6.29.0,255.255.255.0,263444
54225,216.21.216.0,255.255.248.0,6939
10466,216.27.98.0,255.255.254.0,6939
12024,216.47.160.0,255.255.224.0,6939
33167,216.48.128.0,255.255.240.0,6939
36396,216.55.112.0,255.255.240.0,6939
32482,216.82.233.0,255.255.255.0,22356
30346,216.83.80.0,255.255.255.0,39392
29039,216.104.193.0,255.255.255.0,6939
15278,216.105.96.0,255.255.224.0,39392
32765,216.107.176.0,255.255.240.0,6939
22179,216.117.214.0,255.255.255.0,6939
26838,216.118.208.0,255.255.248.0,5405
10973,216.128.96.0,255.255.248.0,6939
30142,216.128.112.0,255.255.240.0,39392
54323,216.134.176.0,255.255.252.0,39392
22792,216.145.64.0,255.255.224.0,6939
203577,216.146.29.0,255.255.255.0,6939
20344,216.152.76.0,255.255.255.0,39392
7453,216.155.96.0,255.255.224.0,39392
32554,216.162.80.0,255.255.240.0,263444
203690,216.169.158.0,255.255.254.0,39392
33412,216.170.117.0,255.255.255.0,39392
11183,216.180.192.0,255.255.224.0,6939
11579,216.187.0.0,255.255.192.0,39392
22384,216.201.89.0,255.255.255.0,6939
22077,216.223.240.0,255.255.252.0,39392
10996,216.239.64.0,255.255.224.0,6939
18660,216.249.132.0,255.255.252.0,6939
31827,216.252.192.0,255.255.240.0,6939
15577,217.9.0.0,255.255.255.0,6939
25371,217.9.80.0,255.255.254.0,6939
200862,217.11.132.0,255.255.255.0,6939
35133,217.18.95.0,255.255.255.0,39392
48768,217.21.128.0,255.255.240.0,22356
29672,217.21.224.0,255.255.240.0,39392
197960,217.25.80.0,255.255.252.0,6939
210014,217.26.184.0,255.255.255.0,6939
20893,217.27.96.0,255.255.240.0,6939
29006,217.27.240.0,255.255.240.0,39392
28886,217.28.48.0,255.255.240.0,39392
51800,217.28.80.0,255.255.248.0,39392
16004,217.29.72.0,255.255.248.0,6939
214443,217.61.242.0,255.255.254.0,209531
29086,217.64.0.0,255.255.240.0,39392
29213,217.65.240.0,255.255.255.0,6939
25279,217.68.0.0,255.255.240.0,5405
29263,217.68.48.0,255.255.240.0,6939
25328,217.68.80.0,255.255.252.0,39392
29388,217.72.144.0,255.255.240.0,6939
29404,217.73.144.0,255.255.252.0,6939
201363,217.113.17.0,255.255.255.0,6939
34604,217.113.144.0,255.255.252.0,39392
39909,217.113.153.0,255.255.255.0,1764
21333,217.113.208.0,255.255.240.0,6939
15742,217.117.64.0,255.255.255.0,6939
16297,217.118.0.0,255.255.240.0,39392
20504,217.118.160.0,255.255.240.0,6939
16344,217.145.160.0,255.255.252.0,6939
21379,217.147.160.0,255.255.255.0,6939
199410,217.153.154.0,255.255.254.0,39392
212593,217.156.24.0,255.255.255.0,39392
5418,217.170.15.0,255.255.255.0,39392
29001,217.170.16.0,255.255.254.0,39392
20640,217.173.128.0,255.255.240.0,6939
25584,217.173.205.0,255.255.255.0,39392
33904,217.174.176.0,255.255.248.0,6939
29330,217.175.206.0,255.255.255.0,8218
198439,217.194.145.0,255.255.255.0,1764
208025,217.198.185.0,255.255.255.0,5405
131976,218.100.45.0,255.255.255.0,39392
23824,219.99.160.0,255.255.240.0,6939
18127,219.112.225.0,255.255.255.0,6939
4821,223.25.105.0,255.255.255.0,6939
58807,223.118.32.0,255.255.255.0,5405
141419,223.119.52.0,255.255.255.0,6939
139619,223.119.255.0,255.255.255.0,39392
55382,223.223.160.0,255.255.252.0,6939
