dst_as,IP,mask,nexthop_AS
2519,1.0.16.0,255.255.255.0,4637
23969,1.0.128.0,255.255.128.0,4637
13335,1.1.1.0,255.255.255.0,4637
4725,1.5.0.0,255.255.0.0,15412
9583,1.6.0.0,255.255.252.0,35280
132215,1.6.136.0,255.255.255.0,35280
4755,1.6.229.0,255.255.255.0,15412
4788,1.9.0.0,255.255.0.0,15412
38091,1.11.0.0,255.255.0.0,9304
45996,1.11.92.0,255.255.254.0,9304
132203,1.12.0.0,255.255.240.0,9304
23599,1.18.123.0,255.255.255.0,9304
23600,1.18.132.0,255.255.255.0,9304
59125,1.21.96.0,255.255.240.0,6939
45528,1.22.3.0,255.255.255.0,35280
4837,1.24.0.0,255.248.0.0,4637
9929,1.28.41.0,255.255.255.0,4637
64050,1.32.192.0,255.255.255.0,8966
152194,1.32.205.0,255.255.255.0,4637
2514,1.33.0.0,255.255.0.0,8966
3462,1.34.0.0,255.254.0.0,15412
4760,1.36.0.0,255.255.0.0,6939
4775,1.37.0.0,255.255.0.0,9304
55410,1.38.208.0,255.255.255.0,15412
4804,1.40.0.0,255.252.0.0,4637
7474,1.44.0.0,255.255.0.0,4637
16509,1.44.96.0,255.255.255.0,4637
4134,1.48.0.0,255.254.0.0,8966
4538,1.51.0.0,255.255.0.0,9304
18403,1.52.0.0,255.252.0.0,4637
9605,1.66.20.0,255.255.252.0,8966
4809,1.71.103.0,255.255.255.0,9304
4847,1.93.0.0,255.255.0.0,9304
4766,1.96.0.0,255.252.0.0,15412
17676,1.112.0.0,255.252.0.0,15412
137753,1.118.2.0,255.255.255.0,6939
1221,1.120.0.0,255.248.0.0,4637
9845,1.176.0.0,255.255.252.0,9304
9723,1.178.2.0,255.255.254.0,4637
14618,1.178.4.0,255.255.255.0,4637
136907,1.178.32.0,255.255.240.0,8966
12975,1.178.112.0,255.255.240.0,8966
9313,1.178.175.0,255.255.255.0,4637
7224,1.178.192.0,255.255.254.0,4637
12479,1.178.224.0,255.255.224.0,6939
131293,1.179.128.0,255.255.192.0,4637
8075,1.186.0.0,255.255.0.0,4637
139018,1.193.146.0,255.255.254.0,8966
9286,1.201.0.0,255.255.192.0,4637
23724,1.203.94.0,255.255.255.0,9304
3786,1.208.0.0,255.240.0.0,4637
9526,1.209.90.0,255.255.255.0,9304
45974,1.209.199.0,255.255.255.0,4637
7562,1.222.128.0,255.255.192.0,9304
38661,1.222.222.0,255.255.255.0,4637
9318,1.224.0.0,255.224.0.0,9304
45370,1.224.180.0,255.255.255.0,9304
63199,1.247.4.0,255.255.255.0,41095
23576,1.255.48.0,255.255.252.0,9304
3215,2.3.0.0,255.255.0.0,703
20940,2.16.0.0,255.248.0.0,8359
34164,2.16.3.0,255.255.255.0,8359
12874,2.16.17.0,255.255.255.0,15412
6762,2.16.19.0,255.255.255.0,15412
12389,2.16.20.0,255.255.255.0,15412
8966,2.16.44.0,255.255.255.0,8966
8697,2.17.24.0,255.255.252.0,8966
32787,2.17.108.0,255.255.252.0,8966
8708,2.17.116.0,255.255.252.0,15412
9121,2.17.224.0,255.255.252.0,6939
9924,2.18.16.0,255.255.254.0,4637
7303,2.18.56.0,255.255.252.0,15412
719,2.20.0.0,255.255.252.0,15412
52374,2.20.46.0,255.255.255.0,4637
3292,2.21.28.0,255.255.252.0,15412
61580,2.21.67.0,255.255.255.0,8966
37457,2.21.160.0,255.255.252.0,8966
1267,2.21.164.0,255.255.252.0,6939
1299,2.22.36.0,255.255.252.0,15412
852,2.22.72.0,255.255.252.0,8966
55836,2.22.176.0,255.255.240.0,35280
12400,2.22.233.0,255.255.255.0,703
200612,2.23.168.0,255.255.252.0,8966
2856,2.24.0.0,255.248.0.0,4637
30722,2.32.0.0,255.255.0.0,6939
5384,2.48.0.0,255.252.0.0,8966
15830,2.56.0.0,255.255.252.0,4637
40676,2.56.8.0,255.255.255.0,4637
213373,2.56.10.0,255.255.255.0,6939
57344,2.56.14.0,255.255.255.0,6939
9009,2.56.16.0,255.255.252.0,4637
12552,2.56.28.0,255.255.252.0,15412
5650,2.56.32.0,255.255.252.0,6939
3758,2.56.56.0,255.255.252.0,4637
209216,2.56.76.0,255.255.252.0,6939
42929,2.56.80.0,255.255.252.0,8966
51561,2.56.84.0,255.255.252.0,4637
210079,2.56.88.0,255.255.255.0,8359
216139,2.56.90.0,255.255.255.0,8966
30058,2.56.101.0,255.255.255.0,4637
29066,2.56.102.0,255.255.255.0,6939
206610,2.56.104.0,255.255.252.0,35280
205463,2.56.108.0,255.255.255.0,8966
58061,2.56.112.0,255.255.255.0,8966
397373,2.56.114.0,255.255.254.0,4637
209847,2.56.118.0,255.255.255.0,4637
202371,2.56.131.0,255.255.255.0,35280
8767,2.56.135.0,255.255.255.0,6939
48031,2.56.136.0,255.255.255.0,8359
49505,2.56.138.0,255.255.255.0,8359
212238,2.56.148.0,255.255.255.0,9304
15401,2.56.156.0,255.255.254.0,6939
12453,2.56.160.0,255.255.252.0,703
142594,2.56.166.0,255.255.255.0,8966
49870,2.56.167.0,255.255.255.0,6939
43309,2.56.168.0,255.255.255.0,4637
8315,2.56.171.0,255.255.255.0,4637
33993,2.56.178.0,255.255.255.0,8966
31566,2.56.180.0,255.255.252.0,15412
62240,2.56.188.0,255.255.252.0,8966
36224,2.56.200.0,255.255.255.0,4637
39560,2.56.208.0,255.255.252.0,703
202448,2.56.212.0,255.255.255.0,15412
41960,2.56.216.0,255.255.252.0,49544
199524,2.56.220.0,255.255.255.0,8359
21221,2.56.226.0,255.255.254.0,15412
203020,2.56.228.0,255.255.252.0,4637
43140,2.56.232.0,255.255.252.0,6939
3257,2.56.236.0,255.255.252.0,15412
198610,2.56.240.0,255.255.254.0,8966
213250,2.56.245.0,255.255.255.0,4637
203446,2.56.246.0,255.255.255.0,4637
262287,2.56.249.0,255.255.255.0,8966
204170,2.56.253.0,255.255.255.0,8966
40065,2.56.255.0,255.255.255.0,9304
60134,2.57.2.0,255.255.255.0,6939
204861,2.57.4.0,255.255.252.0,8966
205384,2.57.10.0,255.255.254.0,6939
43641,2.57.20.0,255.255.254.0,4637
29802,2.57.22.0,255.255.255.0,35280
61317,2.57.23.0,255.255.255.0,35280
210017,2.57.43.0,255.255.255.0,35280
50782,2.57.48.0,255.255.252.0,6939
25151,2.57.56.0,255.255.255.0,15412
48635,2.57.57.0,255.255.255.0,6939
203462,2.57.84.0,255.255.252.0,6939
47583,2.57.88.0,255.255.254.0,24482
30337,2.57.92.0,255.255.252.0,35280
41798,2.57.96.0,255.255.255.0,41095
42473,2.57.104.0,255.255.255.0,41095
15943,2.57.116.0,255.255.252.0,6939
47890,2.57.120.0,255.255.255.0,703
24961,2.57.123.0,255.255.255.0,15412
201893,2.57.132.0,255.255.252.0,6939
31229,2.57.136.0,255.255.252.0,6939
43424,2.57.140.0,255.255.252.0,8966
39568,2.57.149.0,255.255.255.0,8359
20647,2.57.160.0,255.255.252.0,6939
396356,2.57.168.0,255.255.255.0,8966
41564,2.57.169.0,255.255.255.0,4637
25273,2.57.172.0,255.255.252.0,8966
208781,2.57.196.0,255.255.254.0,15412
197522,2.57.204.0,255.255.252.0,8359
209062,2.57.208.0,255.255.254.0,6939
206264,2.57.214.0,255.255.255.0,4637
207568,2.57.222.0,255.255.254.0,6939
12956,2.57.224.0,255.255.252.0,6939
57032,2.57.239.0,255.255.255.0,6939
57043,2.57.242.0,255.255.255.0,4637
42318,2.57.244.0,255.255.252.0,15412
213279,2.57.252.0,255.255.255.0,4637
174,2.58.4.0,255.255.252.0,15412
24875,2.58.21.0,255.255.255.0,15412
202204,2.58.24.0,255.255.252.0,7713
203779,2.58.24.0,255.255.254.0,7713
13213,2.58.29.0,255.255.255.0,35280
9119,2.58.48.0,255.255.252.0,8966
200462,2.58.52.0,255.255.254.0,6939
12676,2.58.54.0,255.255.255.0,6939
50340,2.58.68.0,255.255.252.0,8359
42831,2.58.86.0,255.255.255.0,15412
34295,2.58.92.0,255.255.255.0,8966
210218,2.58.93.0,255.255.255.0,6939
9002,2.58.98.0,255.255.255.0,6939
3320,2.58.100.0,255.255.255.0,15412
39686,2.58.108.0,255.255.252.0,6939
209185,2.58.112.0,255.255.255.0,6939
49581,2.58.113.0,255.255.255.0,8359
197537,2.58.115.0,255.255.255.0,41095
15605,2.58.128.0,255.255.252.0,15412
42013,2.58.132.0,255.255.252.0,15412
24864,2.58.144.0,255.255.254.0,4637
5065,2.58.168.0,255.255.255.0,9304
136557,2.58.170.0,255.255.255.0,4637
3170,2.58.175.0,255.255.255.0,6939
209181,2.58.192.0,255.255.252.0,4637
52073,2.58.198.0,255.255.255.0,8966
152586,2.58.200.0,255.255.255.0,4637
50581,2.58.204.0,255.255.252.0,8359
210063,2.58.212.0,255.255.255.0,8359
213527,2.58.214.0,255.255.255.0,4637
202805,2.58.216.0,255.255.255.0,6939
35007,2.58.218.0,255.255.254.0,703
201843,2.58.224.0,255.255.255.0,8966
133334,2.58.228.0,255.255.252.0,9304
9678,2.58.240.0,255.255.255.0,8966
59210,2.59.2.0,255.255.255.0,4637
42425,2.59.4.0,255.255.255.0,4637
42830,2.59.10.0,255.255.254.0,703
200148,2.59.16.0,255.255.252.0,6939
207821,2.59.28.0,255.255.255.0,6939
30742,2.59.32.0,255.255.252.0,6939
39572,2.59.36.0,255.255.252.0,15412
9123,2.59.40.0,255.255.255.0,8359
35048,2.59.50.0,255.255.255.0,8966
201776,2.59.51.0,255.255.255.0,15412
48266,2.59.61.0,255.255.255.0,41095
63023,2.59.62.0,255.255.255.0,4637
29119,2.59.92.0,255.255.252.0,8966
132839,2.59.100.0,255.255.252.0,9304
34471,2.59.111.0,255.255.255.0,35280
200845,2.59.112.0,255.255.252.0,6939
212219,2.59.119.0,255.255.255.0,8966
212865,2.59.120.0,255.255.252.0,6939
58212,2.59.132.0,255.255.252.0,8359
8368,2.59.136.0,255.255.252.0,4637
59919,2.59.140.0,255.255.252.0,6939
16347,2.59.144.0,255.255.252.0,6939
400866,2.59.148.0,255.255.254.0,8966
136038,2.59.152.0,255.255.255.0,9304
141039,2.59.157.0,255.255.255.0,8359
207713,2.59.161.0,255.255.255.0,41095
49981,2.59.168.0,255.255.252.0,15412
49028,2.59.188.0,255.255.252.0,35280
62005,2.59.216.0,255.255.255.0,8966
200019,2.59.219.0,255.255.255.0,8359
209155,2.59.220.0,255.255.252.0,8359
209992,2.59.228.0,255.255.255.0,6939
209835,2.59.232.0,255.255.252.0,8966
24904,2.59.236.0,255.255.252.0,6939
215730,2.59.253.0,255.255.255.0,8359
207083,2.59.254.0,255.255.255.0,4637
21738,2.59.255.0,255.255.255.0,8966
44034,2.64.0.0,255.248.0.0,6939
3243,2.80.0.0,255.252.0.0,15412
6799,2.84.0.0,255.252.0.0,15412
25019,2.88.0.0,255.252.0.0,15412
8402,2.92.0.0,255.252.0.0,8966
3216,2.94.0.0,255.255.255.0,8966
3253,2.94.143.0,255.255.255.0,8966
13285,2.96.0.0,255.248.0.0,6939
3269,2.112.0.0,255.254.0.0,8966
5607,2.120.0.0,255.248.0.0,8966
9158,2.128.0.0,255.252.0.0,7713
9198,2.132.0.0,255.252.0.0,41095
3352,2.136.0.0,255.255.0.0,6939
44244,2.144.0.0,255.255.0.0,8966
2119,2.148.0.0,255.252.0.0,7713
12430,2.154.0.0,255.254.0.0,6939
6739,2.154.0.0,255.255.0.0,6939
12880,2.176.0.0,255.240.0.0,8966
58224,2.176.0.0,255.254.0.0,8966
60148,2.180.254.0,255.255.255.0,8966
49666,2.188.0.0,255.255.0.0,8966
50810,2.188.32.0,255.255.248.0,8966
42337,2.188.40.0,255.255.255.0,8966
48159,2.189.40.0,255.255.254.0,8966
204650,2.189.96.0,255.255.255.0,8966
48147,2.189.242.0,255.255.255.0,8966
3209,2.200.0.0,255.248.0.0,15412
6805,2.208.0.0,255.248.0.0,15412
3301,2.248.0.0,255.252.0.0,15412
8987,3.4.24.0,255.255.255.0,4637
3356,4.0.0.0,255.128.0.0,703
203,4.4.61.192,255.255.255.192,703
10753,4.14.227.64,255.255.255.224,8966
14127,4.19.12.0,255.255.255.0,4637
7287,4.23.88.0,255.255.255.0,6939
1,4.31.236.64,255.255.255.248,4637
6619,4.35.69.0,255.255.255.0,9304
13904,4.58.130.0,255.255.255.0,6939
213896,5.1.40.0,255.255.255.0,15412
212559,5.1.42.0,255.255.255.0,6939
34549,5.1.64.0,255.255.224.0,6939
51699,5.1.64.0,255.255.255.0,8966
212567,5.1.66.0,255.255.255.0,6939
207439,5.1.67.0,255.255.255.0,6939
24679,5.1.68.0,255.255.255.0,6939
56382,5.1.94.0,255.255.255.0,6939
198385,5.1.96.0,255.255.248.0,35280
17056,5.1.113.0,255.255.255.0,15412
198471,5.2.0.0,255.255.240.0,6939
21472,5.2.16.0,255.255.248.0,15412
41560,5.2.32.0,255.255.248.0,8359
60404,5.2.64.0,255.255.240.0,49544
3188,5.2.80.0,255.255.255.0,4637
31655,5.2.96.0,255.255.224.0,6939
31483,5.3.0.0,255.255.255.0,15412
9049,5.3.85.0,255.255.255.0,15412
34665,5.8.8.0,255.255.252.0,8966
8492,5.8.17.0,255.255.255.0,8359
39087,5.8.36.0,255.255.254.0,8359
210756,5.8.42.0,255.255.255.0,8359
214790,5.8.44.0,255.255.255.0,6939
44626,5.8.59.0,255.255.255.0,8966
19437,5.8.63.0,255.255.255.0,4637
56340,5.8.80.0,255.255.248.0,8359
30848,5.8.96.0,255.255.224.0,6939
31126,5.8.128.0,255.255.252.0,703
31261,5.8.177.0,255.255.255.0,8966
51219,5.8.180.0,255.255.254.0,8359
7155,5.8.184.0,255.255.248.0,35280
20485,5.8.192.0,255.255.248.0,15412
49301,5.8.192.0,255.255.252.0,15412
15774,5.8.200.0,255.255.255.0,15412
21365,5.8.224.0,255.255.240.0,8359
24940,5.9.0.0,255.255.0.0,15412
198726,5.10.0.0,255.255.248.0,6939
57154,5.10.8.0,255.255.248.0,6939
60610,5.10.16.0,255.255.254.0,35280
12703,5.10.23.0,255.255.255.0,35280
198967,5.10.40.0,255.255.252.0,6939
36351,5.10.96.0,255.255.224.0,4637
23764,5.10.136.0,255.255.255.0,8966
25160,5.10.144.0,255.255.240.0,6939
51088,5.10.192.0,255.255.255.0,6939
54103,5.10.193.0,255.255.255.0,4637
49835,5.10.200.0,255.255.255.0,8966
50448,5.10.221.0,255.255.255.0,8359
209604,5.10.223.0,255.255.255.0,4637
3194,5.10.224.0,255.255.255.0,703
205800,5.10.226.0,255.255.255.0,8966
30844,5.11.8.0,255.255.248.0,6939
42705,5.11.16.0,255.255.255.0,15412
21277,5.11.19.0,255.255.255.0,8966
205020,5.11.28.0,255.255.252.0,6939
207701,5.11.31.0,255.255.255.0,6939
47217,5.11.32.0,255.255.248.0,6939
56814,5.11.60.0,255.255.254.0,8966
31214,5.11.64.0,255.255.240.0,8359
35415,5.11.80.0,255.255.255.0,15412
196646,5.11.88.0,255.255.255.0,15412
21412,5.20.0.0,255.255.240.0,6939
50010,5.21.0.0,255.255.0.0,6939
197207,5.22.0.0,255.255.240.0,8966
50463,5.22.128.0,255.255.248.0,8966
51043,5.22.136.0,255.255.248.0,15412
48964,5.22.157.0,255.255.255.0,8359
34259,5.22.159.0,255.255.255.0,8359
31042,5.22.160.0,255.255.224.0,8966
202053,5.22.208.0,255.255.252.0,4637
5413,5.22.224.0,255.255.248.0,15412
2116,5.22.232.0,255.255.252.0,6939
43905,5.22.236.0,255.255.255.0,7713
197524,5.22.240.0,255.255.248.0,6939
39704,5.22.248.0,255.255.248.0,6939
6453,5.23.0.0,255.255.224.0,15412
34977,5.23.12.0,255.255.252.0,6939
40009,5.23.20.0,255.255.255.0,15412
5610,5.23.39.0,255.255.255.0,6939
13193,5.23.40.0,255.255.248.0,35280
12969,5.23.64.0,255.255.224.0,6939
8636,5.23.96.0,255.255.248.0,41095
57214,5.23.104.0,255.255.248.0,8966
48944,5.23.112.0,255.255.248.0,8966
6848,5.23.128.0,255.255.128.0,6939
12303,5.28.0.0,255.255.248.0,6939
8439,5.28.16.0,255.255.240.0,15412
42010,5.28.48.0,255.255.248.0,15412
35425,5.28.56.0,255.255.248.0,15412
12849,5.28.128.0,255.255.192.0,15412
1273,5.28.192.0,255.255.192.0,15412
15802,5.30.0.0,255.254.0.0,8966
44549,5.32.136.0,255.255.248.0,6939
43714,5.32.144.0,255.255.248.0,8359
15533,5.32.152.0,255.255.248.0,15412
15836,5.32.168.0,255.255.248.0,703
34547,5.32.176.0,255.255.254.0,8966
28885,5.32.192.0,255.255.192.0,8966
21299,5.34.0.0,255.255.128.0,41095
197556,5.34.16.0,255.255.240.0,41095
35566,5.34.47.0,255.255.255.0,41095
51407,5.34.160.0,255.255.248.0,35280
204957,5.34.176.0,255.255.254.0,4637
21100,5.34.180.0,255.255.254.0,15412
15626,5.34.182.0,255.255.255.0,8359
42532,5.34.208.0,255.255.248.0,6939
38136,5.34.216.0,255.255.252.0,8966
39835,5.34.224.0,255.255.248.0,6939
57858,5.34.240.0,255.255.255.0,4637
198288,5.34.248.0,255.255.248.0,15412
216071,5.35.32.0,255.255.255.0,8966
196695,5.35.40.0,255.255.255.0,8359
205516,5.35.80.0,255.255.255.0,41095
29182,5.35.96.0,255.255.254.0,41095
61424,5.35.103.0,255.255.255.0,8359
41275,5.35.112.0,255.255.252.0,8359
51685,5.35.116.0,255.255.252.0,8359
208349,5.35.120.0,255.255.254.0,8966
43530,5.35.128.0,255.255.224.0,41095
8681,5.35.160.0,255.255.248.0,6939
49820,5.35.176.0,255.255.248.0,6939
42303,5.35.184.0,255.255.248.0,6939
31577,5.35.200.0,255.255.248.0,8966
5606,5.35.208.0,255.255.248.0,6939
20773,5.35.224.0,255.255.224.0,4637
5483,5.38.128.0,255.255.128.0,6939
16276,5.39.0.0,255.255.128.0,4637
34594,5.39.128.0,255.255.224.0,6939
31673,5.39.168.0,255.255.248.0,6939
21267,5.39.176.0,255.255.248.0,4637
58291,5.39.184.0,255.255.248.0,6939
7029,5.39.192.0,255.255.252.0,15412
42689,5.39.196.0,255.255.254.0,15412
47232,5.39.200.0,255.255.254.0,6939
50338,5.39.202.0,255.255.254.0,8966
198792,5.39.224.0,255.255.248.0,6939
51985,5.39.232.0,255.255.248.0,6939
48173,5.39.240.0,255.255.248.0,4637
44486,5.39.251.0,255.255.255.0,8966
49791,5.39.253.0,255.255.255.0,41095
201748,5.40.158.0,255.255.255.0,8966
39493,5.42.0.0,255.255.192.0,8359
201826,5.42.88.0,255.255.255.0,41095
8680,5.42.128.0,255.255.248.0,6939
41998,5.42.136.0,255.255.252.0,6939
58208,5.42.152.0,255.255.252.0,35280
208226,5.42.158.0,255.255.255.0,7713
57976,5.42.160.0,255.255.252.0,4637
197883,5.42.193.0,255.255.255.0,6939
200780,5.42.200.0,255.255.255.0,6939
206244,5.42.205.0,255.255.255.0,6939
8849,5.42.206.0,255.255.255.0,8966
33921,5.42.207.0,255.255.255.0,6939
43278,5.42.211.0,255.255.255.0,41095
200436,5.42.217.0,255.255.255.0,8966
35753,5.42.224.0,255.255.224.0,8966
12353,5.43.0.0,255.255.192.0,6939
42560,5.43.64.0,255.255.192.0,6939
48642,5.43.128.0,255.255.224.0,8966
51248,5.43.224.0,255.255.248.0,6939
29050,5.43.232.0,255.255.248.0,6939
21191,5.43.240.0,255.255.252.0,15412
13768,5.44.16.0,255.255.248.0,4637
48763,5.44.40.0,255.255.255.0,8966
39787,5.44.64.0,255.255.248.0,7713
8648,5.44.96.0,255.255.252.0,15412
15600,5.44.112.0,255.255.240.0,4637
34757,5.44.168.0,255.255.254.0,8966
41794,5.44.170.0,255.255.254.0,8966
40995,5.44.172.0,255.255.254.0,8966
47433,5.44.174.0,255.255.254.0,8966
12757,5.44.191.0,255.255.255.0,6939
29518,5.44.192.0,255.255.240.0,6939
41491,5.44.208.0,255.255.248.0,703
43513,5.44.216.0,255.255.248.0,6939
49223,5.44.250.0,255.255.255.0,8359
58349,5.44.253.0,255.255.255.0,8966
46261,5.44.255.0,255.255.255.0,4637
203842,5.45.20.0,255.255.252.0,15412
42707,5.45.32.0,255.255.252.0,6939
12722,5.45.80.0,255.255.252.0,8359
9038,5.45.128.0,255.255.255.0,8966
29141,5.45.176.0,255.255.248.0,6939
5410,5.48.0.0,255.252.0.0,6939
50923,5.53.16.0,255.255.240.0,8359
29222,5.53.104.0,255.255.248.0,15412
35297,5.53.112.0,255.255.248.0,6939
8717,5.53.128.0,255.255.128.0,15412
3329,5.54.0.0,255.254.0.0,6939
39120,5.56.8.0,255.255.252.0,39120
62553,5.56.24.0,255.255.255.0,8359
36530,5.56.27.0,255.255.255.0,9304
41075,5.56.32.0,255.255.255.0,6939
12301,5.56.34.0,255.255.255.0,6939
199248,5.56.40.0,255.255.255.0,15412
24916,5.56.48.0,255.255.248.0,15412
57286,5.56.56.0,255.255.252.0,6939
8926,5.56.64.0,255.255.192.0,8359
51026,5.56.132.0,255.255.255.0,8966
31027,5.56.144.0,255.255.240.0,6939
202207,5.56.160.0,255.255.252.0,8966
39010,5.57.3.0,255.255.255.0,8966
8449,5.57.8.0,255.255.248.0,8359
43996,5.57.16.0,255.255.252.0,6939
202196,5.57.20.0,255.255.254.0,4637
199434,5.57.24.0,255.255.255.0,6939
204104,5.57.33.0,255.255.255.0,8966
213775,5.57.36.0,255.255.255.0,8966
198154,5.57.38.0,255.255.255.0,8966
50372,5.57.40.0,255.255.248.0,6939
8330,5.57.88.0,255.255.248.0,6939
49902,5.57.96.0,255.255.224.0,4637
12360,5.57.192.0,255.255.248.0,6939
199554,5.57.200.0,255.255.248.0,6939
25697,5.57.208.0,255.255.255.0,6939
49121,5.57.209.0,255.255.255.0,4637
44539,5.57.212.0,255.255.255.0,8359
7393,5.57.213.0,255.255.255.0,6939
28775,5.57.232.0,255.255.248.0,8359
35100,5.57.240.0,255.255.248.0,8966
16223,5.58.0.0,255.255.128.0,6939
31117,5.59.35.0,255.255.255.0,4637
62161,5.59.36.0,255.255.255.0,703
202813,5.59.60.0,255.255.254.0,8966
205645,5.59.68.0,255.255.252.0,6939
41050,5.59.79.0,255.255.255.0,6939
203068,5.59.88.0,255.255.252.0,8966
202654,5.59.92.0,255.255.254.0,15412
57707,5.59.97.0,255.255.255.0,6939
204666,5.59.102.0,255.255.254.0,6939
56400,5.59.106.0,255.255.255.0,8359
206818,5.59.112.0,255.255.252.0,6939
44587,5.59.120.0,255.255.248.0,15412
47626,5.59.128.0,255.255.224.0,8359
211726,5.59.180.0,255.255.255.0,6939
212109,5.59.182.0,255.255.255.0,4637
48481,5.59.184.0,255.255.254.0,41095
208864,5.59.188.0,255.255.252.0,6939
51500,5.59.198.0,255.255.255.0,4637
204741,5.59.212.0,255.255.252.0,8966
50083,5.59.224.0,255.255.255.0,6939
208149,5.59.243.0,255.255.255.0,6939
60720,5.59.244.0,255.255.252.0,41095
212271,5.59.248.0,255.255.248.0,39120
204923,5.61.0.0,255.255.248.0,6939
25227,5.61.8.0,255.255.252.0,8966
51178,5.61.13.0,255.255.255.0,8359
47764,5.61.16.0,255.255.248.0,8359
8469,5.61.80.0,255.255.248.0,6939
20904,5.61.94.0,255.255.255.0,6939
25460,5.61.120.0,255.255.248.0,15412
58243,5.61.128.0,255.255.192.0,6939
29286,5.61.192.0,255.255.248.0,4637
202709,5.61.216.0,255.255.248.0,6939
12333,5.61.224.0,255.255.248.0,15412
47169,5.61.240.0,255.255.248.0,6939
133480,5.62.23.0,255.255.255.0,4637
16397,5.62.51.0,255.255.255.0,4637
199610,5.62.64.0,255.255.254.0,4637
62275,5.62.72.0,255.255.248.0,6939
14537,5.62.80.0,255.255.240.0,14537
198589,5.62.130.0,255.255.255.0,703
57218,5.62.192.0,255.255.255.0,8966
37284,5.63.0.0,255.255.248.0,703
206947,5.63.17.0,255.255.255.0,6939
44947,5.63.23.0,255.255.255.0,35280
62336,5.63.32.0,255.255.224.0,6939
49813,5.63.128.0,255.255.248.0,8966
21309,5.63.136.0,255.255.248.0,6939
197695,5.63.152.0,255.255.255.0,8359
49800,5.63.160.0,255.255.248.0,41095
16110,5.63.185.0,255.255.255.0,703
205776,5.63.186.0,255.255.254.0,6939
197704,5.63.188.0,255.255.254.0,6939
21334,5.63.192.0,255.255.192.0,6939
20860,5.77.32.0,255.255.224.0,15412
31727,5.77.39.0,255.255.255.0,6939
44395,5.77.128.0,255.255.128.0,8966
212317,5.78.0.0,255.255.0.0,6939
8369,5.79.128.0,255.255.128.0,8966
35819,5.82.0.0,255.255.0.0,703
51050,5.83.0.0,255.255.248.0,6939
58273,5.83.8.0,255.255.254.0,6939
35362,5.83.16.0,255.255.248.0,8359
34060,5.83.32.0,255.255.255.0,6939
3164,5.83.43.0,255.255.255.0,15412
12586,5.83.128.0,255.255.240.0,8966
214639,5.83.129.0,255.255.255.0,8966
53850,5.83.144.0,255.255.255.0,6939
44103,5.83.149.0,255.255.255.0,4637
209874,5.83.150.0,255.255.255.0,4637
214783,5.83.151.0,255.255.255.0,49544
207252,5.83.152.0,255.255.255.0,8966
200924,5.83.176.0,255.255.240.0,6939
25400,5.83.224.0,255.255.248.0,6939
28876,5.100.0.0,255.255.192.0,6939
42038,5.100.64.0,255.255.192.0,8359
46606,5.100.152.0,255.255.252.0,15412
2635,5.100.156.0,255.255.255.0,4637
61275,5.100.176.0,255.255.248.0,7713
52157,5.100.188.0,255.255.252.0,7713
207457,5.100.244.0,255.255.255.0,8359
204128,5.100.247.0,255.255.255.0,8359
28840,5.101.16.0,255.255.248.0,8966
201589,5.101.36.0,255.255.255.0,41095
61308,5.101.47.0,255.255.255.0,8359
8595,5.101.60.0,255.255.252.0,41095
48096,5.101.72.0,255.255.254.0,8359
60602,5.101.80.0,255.255.255.0,6939
62563,5.101.86.0,255.255.255.0,6939
50113,5.101.88.0,255.255.255.0,41095
44050,5.101.89.0,255.255.255.0,8966
14061,5.101.96.0,255.255.248.0,35280
200999,5.102.40.0,255.255.252.0,6939
42908,5.102.48.0,255.255.240.0,6939
41023,5.102.64.0,255.255.254.0,6939
7488,5.102.96.0,255.255.252.0,9304
20473,5.102.113.0,255.255.255.0,4637
199976,5.102.128.0,255.255.255.0,35280
201359,5.102.131.0,255.255.255.0,35280
200380,5.102.135.0,255.255.255.0,35280
59414,5.102.144.0,255.255.248.0,15412
28890,5.102.152.0,255.255.248.0,8359
199284,5.102.160.0,255.255.248.0,35280
50300,5.102.168.0,255.255.255.0,6939
6908,5.102.184.0,255.255.248.0,4637
44869,5.103.0.0,255.255.0.0,6939
47883,5.104.0.0,255.255.240.0,6939
12779,5.104.26.0,255.255.254.0,6939
59815,5.104.32.0,255.255.224.0,41095
141995,5.104.80.0,255.255.252.0,35280
51873,5.104.88.0,255.255.248.0,35280
50624,5.104.96.0,255.255.248.0,8966
57112,5.104.112.0,255.255.240.0,6939
43350,5.104.136.0,255.255.255.0,15412
21263,5.104.144.0,255.255.248.0,4637
31083,5.104.175.0,255.255.255.0,6939
34524,5.104.176.0,255.255.255.0,15412
34659,5.104.192.0,255.255.248.0,35280
28760,5.104.216.0,255.255.248.0,6939
58321,5.104.248.0,255.255.248.0,6939
204384,5.105.0.0,255.255.252.0,8966
31200,5.128.0.0,255.255.0.0,8359
60119,5.129.176.0,255.255.252.0,8359
57494,5.129.192.0,255.255.255.0,8966
50266,5.132.0.0,255.255.128.0,6939
47692,5.132.157.0,255.255.255.0,6939
44066,5.132.158.0,255.255.255.0,6939
197155,5.133.8.0,255.255.255.0,703
200088,5.133.10.0,255.255.255.0,703
59395,5.133.16.0,255.255.248.0,4637
31543,5.133.32.0,255.255.248.0,703
199468,5.133.40.0,255.255.248.0,6939
198102,5.133.48.0,255.255.252.0,6939
15440,5.133.65.0,255.255.255.0,8359
34177,5.133.68.0,255.255.252.0,6939
14717,5.133.72.0,255.255.252.0,4637
12494,5.133.76.0,255.255.252.0,8966
60880,5.133.84.0,255.255.252.0,8966
39184,5.133.92.0,255.255.255.0,703
35617,5.133.96.0,255.255.252.0,6939
47605,5.133.104.0,255.255.252.0,6939
212602,5.133.114.0,255.255.255.0,6939
8193,5.133.120.0,255.255.252.0,8359
48011,5.133.124.0,255.255.254.0,8966
20875,5.133.128.0,255.255.224.0,6939
6830,5.133.162.0,255.255.255.0,15412
57099,5.133.172.0,255.255.252.0,15412
25577,5.133.184.0,255.255.252.0,6939
205081,5.133.190.0,255.255.255.0,8966
196925,5.133.224.0,255.255.240.0,6939
41107,5.133.240.0,255.255.248.0,6939
197227,5.133.248.0,255.255.248.0,6939
34762,5.134.0.0,255.255.248.0,15412
34282,5.134.8.0,255.255.248.0,6939
39440,5.134.24.0,255.255.248.0,35280
39232,5.134.48.0,255.255.252.0,6939
197336,5.134.64.0,255.255.254.0,8966
39039,5.134.68.0,255.255.252.0,6939
199075,5.134.72.0,255.255.248.0,6939
207810,5.134.84.0,255.255.254.0,8966
62129,5.134.88.0,255.255.248.0,6939
59432,5.134.112.0,255.255.248.0,8966
3242,5.134.120.0,255.255.248.0,6939
42656,5.134.208.0,255.255.248.0,7713
21367,5.134.216.0,255.255.248.0,8966
35177,5.139.192.0,255.255.248.0,15412
12668,5.141.234.0,255.255.254.0,8359
15468,5.143.176.0,255.255.240.0,15412
12730,5.143.192.0,255.255.224.0,15412
50714,5.143.227.0,255.255.255.0,15412
209823,5.144.32.0,255.255.255.0,35280
25091,5.144.34.0,255.255.254.0,35280
61349,5.144.88.0,255.255.254.0,49544
8359,5.144.96.0,255.255.224.0,8359
59441,5.144.128.0,255.255.248.0,8966
8304,5.144.136.0,255.255.248.0,6939
197991,5.144.144.0,255.255.248.0,6939
214143,5.144.154.0,255.255.255.0,9304
12637,5.144.160.0,255.255.240.0,15412
56971,5.144.179.0,255.255.255.0,4637
31638,5.144.184.0,255.255.248.0,4637
203165,5.145.104.0,255.255.248.0,6939
35193,5.145.120.0,255.255.255.0,8966
34953,5.145.128.0,255.255.240.0,15412
197206,5.145.148.0,255.255.252.0,15412
44381,5.145.152.0,255.255.248.0,7713
44265,5.145.160.0,255.255.248.0,8966
39020,5.145.168.0,255.255.255.0,8966
208484,5.145.184.0,255.255.248.0,703
25180,5.148.0.0,255.255.128.0,15412
29691,5.148.160.0,255.255.224.0,35280
34960,5.149.0.0,255.255.248.0,4637
33967,5.149.8.0,255.255.248.0,6939
29467,5.149.112.0,255.255.255.0,6939
25393,5.149.120.0,255.255.252.0,6939
28907,5.149.124.0,255.255.252.0,8359
6696,5.149.136.0,255.255.254.0,6939
2611,5.149.143.0,255.255.255.0,4637
60731,5.149.158.0,255.255.255.0,41095
56410,5.149.168.0,255.255.248.0,35280
47548,5.149.176.0,255.255.240.0,6939
196890,5.149.192.0,255.255.248.0,6939
50477,5.149.200.0,255.255.252.0,8359
35816,5.149.208.0,255.255.240.0,8359
12611,5.149.224.0,255.255.240.0,6939
197248,5.149.240.0,255.255.255.0,6939
59711,5.149.248.0,255.255.254.0,6939
60187,5.150.22.0,255.255.255.0,6939
3302,5.150.128.0,255.255.240.0,8966
34912,5.150.144.0,255.255.248.0,15412
8473,5.150.192.0,255.255.192.0,6939
6079,5.151.103.0,255.255.255.0,15412
35805,5.152.0.0,255.255.128.0,8966
202870,5.152.128.0,255.255.255.0,6939
214875,5.152.136.0,255.255.248.0,6939
197075,5.152.144.0,255.255.255.0,6939
60530,5.152.145.0,255.255.255.0,6939
57630,5.152.152.0,255.255.254.0,6939
59472,5.152.160.0,255.255.255.0,6939
5538,5.152.224.0,255.255.248.0,35280
44574,5.153.96.0,255.255.248.0,6939
3261,5.153.128.0,255.255.224.0,8359
41039,5.153.176.0,255.255.252.0,8359
196977,5.153.188.0,255.255.252.0,8359
207614,5.154.7.0,255.255.255.0,8966
199952,5.154.19.0,255.255.255.0,8966
206492,5.154.170.0,255.255.255.0,35280
207535,5.154.180.0,255.255.255.0,4637
41110,5.154.190.0,255.255.255.0,4637
6718,5.154.224.0,255.255.255.0,6939
59790,5.154.233.0,255.255.255.0,4637
58065,5.157.6.0,255.255.255.0,4637
62163,5.157.64.0,255.255.248.0,15412
35612,5.157.96.0,255.255.224.0,6939
49687,5.157.136.0,255.255.248.0,4637
199181,5.158.64.0,255.255.240.0,6939
43160,5.158.80.0,255.255.255.0,8966
38934,5.158.96.0,255.255.224.0,8966
2914,5.158.208.0,255.255.248.0,15412
34892,5.158.232.0,255.255.255.0,15412
49808,5.159.0.0,255.255.252.0,6939
9136,5.159.24.0,255.255.248.0,6939
61194,5.159.40.0,255.255.248.0,6939
198357,5.159.48.0,255.255.255.0,8966
59507,5.159.56.0,255.255.248.0,6939
201035,5.159.76.0,255.255.252.0,703
59508,5.159.96.0,255.255.252.0,8359
197078,5.159.112.0,255.255.248.0,8359
59659,5.159.120.0,255.255.248.0,15412
12338,5.159.128.0,255.255.192.0,15412
45014,5.159.196.0,255.255.255.0,6939
48620,5.159.200.0,255.255.248.0,6939
34655,5.159.216.0,255.255.255.0,4637
47381,5.159.232.0,255.255.252.0,6939
50144,5.159.236.0,255.255.255.0,6939
200554,5.160.10.0,255.255.255.0,8966
51431,5.160.47.0,255.255.255.0,8966
60539,5.160.111.0,255.255.255.0,41095
62048,5.160.146.0,255.255.255.0,8966
42586,5.160.188.0,255.255.255.0,8966
62039,5.160.204.0,255.255.254.0,8966
43395,5.160.240.0,255.255.255.0,8966
49433,5.160.242.0,255.255.255.0,8966
35615,5.160.244.0,255.255.254.0,8966
213230,5.161.0.0,255.255.0.0,6939
28964,5.172.32.0,255.255.255.0,8966
9304,5.172.33.0,255.255.255.0,9304
9125,5.172.34.0,255.255.254.0,8966
20559,5.172.40.0,255.255.248.0,6939
43599,5.172.48.0,255.255.240.0,6939
31115,5.172.64.0,255.255.224.0,6939
51580,5.172.96.0,255.255.254.0,8966
20712,5.172.160.0,255.255.240.0,35280
212136,5.172.178.0,255.255.255.0,41095
27176,5.172.181.0,255.255.255.0,4637
29695,5.172.182.0,255.255.255.0,6939
15798,5.172.184.0,255.255.252.0,4637
199081,5.172.192.0,255.255.240.0,6939
197389,5.172.200.0,255.255.255.0,6939
13113,5.172.208.0,255.255.248.0,8966
8374,5.172.224.0,255.255.224.0,6939
39603,5.173.0.0,255.255.128.0,6939
201019,5.173.224.0,255.255.224.0,6939
200993,5.175.134.0,255.255.255.0,8359
214019,5.175.135.0,255.255.255.0,15412
47585,5.175.136.0,255.255.255.0,8966
146943,5.175.139.0,255.255.255.0,4637
214915,5.175.180.0,255.255.255.0,6939
211066,5.175.192.0,255.255.255.0,8359
197071,5.175.206.0,255.255.255.0,4637
62904,5.175.211.0,255.255.255.0,8966
48314,5.175.233.0,255.255.255.0,4637
215685,5.175.239.0,255.255.255.0,4637
211301,5.175.249.0,255.255.255.0,8966
60064,5.178.2.0,255.255.255.0,703
39647,5.178.32.0,255.255.248.0,6939
15962,5.178.48.0,255.255.240.0,6939
50673,5.178.64.0,255.255.248.0,6939
42708,5.178.72.0,255.255.248.0,6939
140641,5.178.98.0,255.255.255.0,4637
214271,5.178.102.0,255.255.255.0,4637
59554,5.178.112.0,255.255.248.0,6939
60475,5.178.120.0,255.255.248.0,6939
16010,5.178.128.0,255.255.128.0,35280
49463,5.179.120.0,255.255.248.0,35280
34244,5.180.0.0,255.255.252.0,6939
210135,5.180.19.0,255.255.255.0,8359
18978,5.180.25.0,255.255.255.0,6939
215026,5.180.34.0,255.255.255.0,8359
56987,5.180.57.0,255.255.255.0,6939
147049,5.180.61.0,255.255.255.0,24482
215703,5.180.82.0,255.255.255.0,4637
212514,5.180.83.0,255.255.255.0,6939
5511,5.180.84.0,255.255.252.0,703
209141,5.180.92.0,255.255.252.0,8966
55933,5.180.96.0,255.255.252.0,9304
49063,5.180.101.0,255.255.255.0,8359
197450,5.180.104.0,255.255.255.0,8966
209737,5.180.105.0,255.255.255.0,8966
57169,5.180.114.0,255.255.255.0,8966
208244,5.180.115.0,255.255.255.0,6939
35202,5.180.116.0,255.255.252.0,35280
29657,5.180.123.0,255.255.255.0,6939
209549,5.180.124.0,255.255.255.0,15412
43633,5.180.128.0,255.255.252.0,6939
13030,5.180.132.0,255.255.252.0,15412
207569,5.180.136.0,255.255.255.0,41095
210702,5.180.139.0,255.255.255.0,41095
51184,5.180.152.0,255.255.252.0,6939
209137,5.180.168.0,255.255.252.0,703
50867,5.180.174.0,255.255.254.0,8359
137409,5.180.179.0,255.255.255.0,15412
24971,5.180.200.0,255.255.252.0,6939
49544,5.180.216.0,255.255.254.0,49544
204805,5.180.224.0,255.255.252.0,6939
8637,5.180.228.0,255.255.255.0,6939
199290,5.180.248.0,255.255.254.0,8966
1197,5.181.8.0,255.255.252.0,6939
34984,5.181.16.0,255.255.255.0,15412
206119,5.181.19.0,255.255.255.0,8966
205847,5.181.56.0,255.255.255.0,6939
50360,5.181.80.0,255.255.255.0,6939
43260,5.181.84.0,255.255.255.0,8966
48678,5.181.85.0,255.255.255.0,8966
43915,5.181.104.0,255.255.252.0,15412
9063,5.181.116.0,255.255.252.0,6939
50469,5.181.120.0,255.255.254.0,6939
55720,5.181.132.0,255.255.255.0,55720
202673,5.181.135.0,255.255.255.0,8966
39798,5.181.156.0,255.255.255.0,4637
26548,5.181.170.0,255.255.255.0,8966
214677,5.181.177.0,255.255.255.0,4637
212477,5.181.180.0,255.255.255.0,7713
36352,5.181.182.0,255.255.255.0,4637
201814,5.181.188.0,255.255.252.0,4637
207208,5.181.191.0,255.255.255.0,4637
60989,5.181.192.0,255.255.252.0,6939
51684,5.181.198.0,255.255.255.0,15412
59637,5.181.208.0,255.255.252.0,8966
214286,5.181.220.0,255.255.255.0,8966
45102,5.181.224.0,255.255.254.0,8966
42947,5.181.236.0,255.255.255.0,6939
198690,5.181.244.0,255.255.252.0,6939
209116,5.181.248.0,255.255.252.0,8359
44128,5.181.252.0,255.255.254.0,8359
209709,5.182.12.0,255.255.252.0,8966
8860,5.182.21.0,255.255.255.0,15412
216199,5.182.34.0,255.255.255.0,8966
209110,5.182.40.0,255.255.252.0,35280
61173,5.182.44.0,255.255.255.0,8966
41720,5.182.48.0,255.255.255.0,8966
53340,5.182.50.0,255.255.255.0,8966
64249,5.182.51.0,255.255.255.0,703
43045,5.182.52.0,255.255.252.0,8966
57843,5.182.64.0,255.255.255.0,8359
205891,5.182.68.0,255.255.252.0,6939
210644,5.182.86.0,255.255.255.0,8359
209106,5.182.96.0,255.255.252.0,6939
214432,5.182.112.0,255.255.255.0,41095
212683,5.182.115.0,255.255.255.0,15412
209097,5.182.144.0,255.255.255.0,35280
206548,5.182.148.0,255.255.252.0,6939
5539,5.182.154.0,255.255.254.0,35280
205555,5.182.156.0,255.255.255.0,4637
48918,5.182.178.0,255.255.255.0,15412
7015,5.182.187.0,255.255.255.0,703
206521,5.182.189.0,255.255.255.0,4637
62068,5.182.208.0,255.255.255.0,6939
35280,5.182.212.0,255.255.252.0,35280
134548,5.182.216.0,255.255.252.0,8966
21396,5.182.220.0,255.255.252.0,6939
56630,5.182.228.0,255.255.252.0,8966
12897,5.182.236.0,255.255.252.0,6939
31034,5.182.240.0,255.255.252.0,6939
47176,5.183.4.0,255.255.255.0,35280
39305,5.183.16.0,255.255.255.0,35280
197033,5.183.18.0,255.255.255.0,6939
12748,5.183.20.0,255.255.252.0,6939
57334,5.183.28.0,255.255.252.0,15412
57395,5.183.48.0,255.255.252.0,15412
35258,5.183.72.0,255.255.252.0,35280
224,5.183.79.0,255.255.255.0,8966
57353,5.183.84.0,255.255.252.0,6939
22773,5.183.88.0,255.255.252.0,6939
6424,5.183.96.0,255.255.252.0,6939
51083,5.183.104.0,255.255.252.0,6939
200818,5.183.108.0,255.255.255.0,6939
41327,5.183.110.0,255.255.255.0,15412
18186,5.183.116.0,255.255.255.0,4637
197133,5.183.124.0,255.255.252.0,35280
50187,5.183.146.0,255.255.255.0,8359
43618,5.183.150.0,255.255.255.0,6939
212344,5.183.162.0,255.255.255.0,6939
49292,5.183.164.0,255.255.254.0,6939
60201,5.183.168.0,255.255.255.0,15412
39383,5.183.170.0,255.255.255.0,15412
202486,5.183.180.0,255.255.255.0,8359
200487,5.183.188.0,255.255.255.0,8359
200438,5.183.192.0,255.255.255.0,6939
12998,5.183.200.0,255.255.252.0,4637
5405,5.183.211.0,255.255.255.0,15412
56689,5.183.232.0,255.255.252.0,6939
20655,5.183.253.0,255.255.255.0,8359
5617,5.184.0.0,255.254.0.0,15412
49628,5.187.8.0,255.255.248.0,15412
43727,5.187.64.0,255.255.255.0,41095
21351,5.187.96.0,255.255.224.0,4637
205553,5.188.9.0,255.255.255.0,8966
47478,5.188.52.0,255.255.252.0,8359
200590,5.188.64.0,255.255.255.0,8966
56534,5.188.85.0,255.255.255.0,8966
49453,5.188.86.0,255.255.255.0,4637
199860,5.188.104.0,255.255.252.0,41095
39238,5.188.164.0,255.255.254.0,8359
56694,5.188.166.0,255.255.255.0,8359
49287,5.188.174.0,255.255.255.0,8966
47193,5.188.192.0,255.255.252.0,8359
45054,5.188.203.0,255.255.255.0,8966
204272,5.188.220.0,255.255.254.0,8359
50509,5.188.236.0,255.255.254.0,8966
12737,5.189.192.0,255.255.255.0,8359
48225,5.189.219.0,255.255.255.0,15412
31721,5.191.0.0,255.255.240.0,4637
200729,5.191.240.0,255.255.240.0,15412
57293,5.197.0.0,255.255.0.0,15412
12390,5.198.0.0,255.255.128.0,8966
209523,5.198.192.0,255.255.224.0,35280
25198,5.199.3.0,255.255.255.0,41095
12414,5.199.144.0,255.255.240.0,15412
16125,5.199.160.0,255.255.254.0,6939
216444,5.199.164.0,255.255.252.0,8966
48284,5.199.176.0,255.255.248.0,35280
44702,5.199.184.0,255.255.252.0,6939
33915,5.199.188.0,255.255.252.0,15412
12521,5.199.224.0,255.255.248.0,6939
49984,5.199.232.0,255.255.248.0,8359
24631,5.200.64.0,255.255.224.0,8966
206862,5.200.95.0,255.255.255.0,8966
12324,5.201.0.0,255.255.128.0,4637
56547,5.201.172.0,255.255.254.0,4637
49100,5.202.0.0,255.255.0.0,8966
34918,5.202.0.0,255.255.240.0,8966
39642,5.206.192.0,255.255.248.0,6939
47674,5.206.224.0,255.255.255.0,6939
206262,5.206.232.0,255.255.248.0,8966
57332,5.206.240.0,255.255.240.0,6939
215859,5.223.0.0,255.255.0.0,18106
30781,5.226.0.0,255.255.248.0,6939
51701,5.226.32.0,255.255.248.0,15412
931,5.226.52.0,255.255.255.0,8966
12741,5.226.64.0,255.255.192.0,6939
25369,5.226.136.0,255.255.248.0,4637
58299,5.226.144.0,255.255.248.0,6939
39045,5.226.153.0,255.255.255.0,8966
43578,5.226.172.0,255.255.255.0,6939
4637,5.226.185.0,255.255.255.0,4637
31898,5.226.187.0,255.255.255.0,8966
152179,5.226.188.0,255.255.255.0,8966
48612,5.227.122.0,255.255.255.0,8359
42610,5.228.0.0,255.255.0.0,15412
47263,5.231.20.0,255.255.255.0,8359
62403,5.231.46.0,255.255.255.0,4637
23470,5.231.61.0,255.255.255.0,8966
209824,5.231.72.0,255.255.255.0,8966
63473,5.231.73.0,255.255.255.0,9304
6517,5.231.80.0,255.255.255.0,8966
206659,5.231.97.0,255.255.255.0,6939
58087,5.231.116.0,255.255.255.0,4637
200275,5.231.127.0,255.255.255.0,35280
19318,5.231.203.0,255.255.255.0,8966
210705,5.231.204.0,255.255.255.0,8359
1257,5.240.0.0,255.252.0.0,15412
15895,5.248.0.0,255.255.0.0,6939
42277,5.249.192.0,255.255.224.0,8359
51468,5.249.224.0,255.255.224.0,6939
41369,5.250.160.0,255.255.248.0,4637
12714,5.250.168.0,255.255.248.0,8966
8560,5.250.176.0,255.255.248.0,15412
48166,5.250.232.0,255.255.248.0,8359
200497,5.252.16.0,255.255.252.0,6939
59796,5.252.32.0,255.255.255.0,8966
201548,5.252.40.0,255.255.252.0,6939
41849,5.252.44.0,255.255.252.0,15412
209468,5.252.56.0,255.255.252.0,15412
31221,5.252.57.0,255.255.255.0,15412
21859,5.252.82.0,255.255.255.0,8966
209086,5.252.108.0,255.255.252.0,6939
855,5.252.112.0,255.255.252.0,703
41653,5.252.114.0,255.255.254.0,35280
61221,5.252.144.0,255.255.255.0,6939
30860,5.252.154.0,255.255.255.0,8359
15377,5.252.180.0,255.255.252.0,8359
198187,5.252.214.0,255.255.255.0,6939
199163,5.253.8.0,255.255.252.0,6939
61112,5.253.36.0,255.255.255.0,41095
207994,5.253.37.0,255.255.255.0,4637
25693,5.253.38.0,255.255.255.0,4637
211826,5.253.46.0,255.255.255.0,4637
209301,5.253.48.0,255.255.252.0,15412
39777,5.253.52.0,255.255.252.0,15412
19905,5.253.80.0,255.255.255.0,4637
213438,5.253.84.0,255.255.255.0,8359
15695,5.253.88.0,255.255.255.0,18106
209393,5.253.100.0,255.255.252.0,8359
15502,5.253.124.0,255.255.252.0,15412
33991,5.253.144.0,255.255.252.0,8359
12844,5.253.152.0,255.255.254.0,6939
8426,5.253.180.0,255.255.255.0,8966
24768,5.253.181.0,255.255.255.0,6939
20836,5.253.198.0,255.255.255.0,6939
44084,5.253.212.0,255.255.254.0,6939
29081,5.253.216.0,255.255.252.0,6939
198050,5.253.230.0,255.255.255.0,6939
43872,5.253.252.0,255.255.252.0,6939
3223,5.254.1.0,255.255.255.0,15412
59371,5.254.128.0,255.255.224.0,4637
199205,5.254.184.0,255.255.248.0,6939
31272,5.255.32.0,255.255.240.0,6939
199713,5.255.48.0,255.255.248.0,6939
15623,5.255.56.0,255.255.255.0,8966
9140,5.255.137.0,255.255.255.0,4637
34700,5.255.160.0,255.255.240.0,6939
21310,5.255.176.0,255.255.240.0,8359
668,6.2.0.0,255.255.128.0,35280
367,6.16.66.0,255.255.255.0,703
1540,6.16.70.0,255.255.255.0,703
27064,6.16.136.0,255.255.255.0,703
721,6.16.172.0,255.255.254.0,703
2685,7.193.230.0,255.255.255.0,6939
396238,8.2.130.0,255.255.254.0,6939
19224,8.2.132.0,255.255.252.0,8966
36394,8.2.144.0,255.255.252.0,6939
23089,8.2.184.0,255.255.254.0,6939
32798,8.2.208.0,255.255.248.0,6939
395148,8.3.48.0,255.255.252.0,15412
395354,8.3.80.0,255.255.240.0,6939
7131,8.3.112.0,255.255.240.0,6939
14602,8.3.252.0,255.255.255.0,6939
11251,8.5.5.0,255.255.255.0,4637
17903,8.5.252.0,255.255.255.0,9304
33724,8.6.240.0,255.255.254.0,6939
27425,8.7.92.0,255.255.254.0,8966
18570,8.7.94.0,255.255.255.0,15412
13649,8.7.96.0,255.255.248.0,4637
30016,8.7.223.0,255.255.255.0,15412
15169,8.8.4.0,255.255.255.0,8966
35872,8.8.6.0,255.255.255.0,4637
394828,8.8.94.0,255.255.255.0,8966
13781,8.8.216.0,255.255.252.0,15412
396431,8.9.39.0,255.255.255.0,6939
62728,8.9.40.0,255.255.248.0,6939
62,8.9.239.0,255.255.255.0,6939
11168,8.10.65.0,255.255.255.0,703
33182,8.10.120.0,255.255.255.0,4637
20454,8.10.160.0,255.255.254.0,4637
46887,8.11.166.0,255.255.255.0,15412
17035,8.11.200.0,255.255.255.0,703
395505,8.12.29.0,255.255.255.0,4637
13767,8.12.72.0,255.255.252.0,4637
25674,8.12.76.0,255.255.255.0,703
29152,8.12.112.0,255.255.255.0,6939
12025,8.12.246.0,255.255.254.0,6939
36236,8.14.32.0,255.255.255.0,24482
23338,8.14.84.0,255.255.252.0,15412
47631,8.14.119.0,255.255.255.0,15412
28469,8.14.224.0,255.255.224.0,7713
209,8.15.5.0,255.255.255.0,15412
18540,8.15.64.0,255.255.255.0,15412
18624,8.15.172.0,255.255.254.0,15412
46639,8.17.66.0,255.255.255.0,703
36734,8.17.88.0,255.255.248.0,6939
40311,8.17.107.0,255.255.255.0,8966
40393,8.19.44.0,255.255.255.0,6939
13380,8.19.116.0,255.255.255.0,8966
53780,8.19.119.0,255.255.255.0,8966
32696,8.19.188.0,255.255.255.0,703
23314,8.19.242.0,255.255.255.0,6939
35873,8.20.2.0,255.255.255.0,15412
10397,8.20.31.0,255.255.255.0,4637
394437,8.20.63.0,255.255.255.0,6939
30372,8.20.92.0,255.255.255.0,4637
11178,8.20.178.0,255.255.255.0,6939
63107,8.20.214.0,255.255.254.0,15412
33302,8.20.216.0,255.255.248.0,6939
23304,8.21.51.0,255.255.255.0,15412
33099,8.21.67.0,255.255.255.0,15412
40526,8.21.68.0,255.255.252.0,9304
22147,8.21.81.0,255.255.255.0,6939
2731,8.21.104.0,255.255.254.0,6939
136796,8.21.143.0,255.255.255.0,8966
32308,8.21.164.0,255.255.255.0,6939
53407,8.22.12.0,255.255.254.0,6939
3685,8.22.104.0,255.255.248.0,24482
13938,8.22.142.0,255.255.255.0,4637
19844,8.22.200.0,255.255.248.0,6939
27876,8.23.28.0,255.255.252.0,6939
136897,8.23.132.0,255.255.255.0,9304
23005,8.23.149.0,255.255.255.0,15412
46435,8.23.152.0,255.255.255.0,8966
53845,8.23.225.0,255.255.255.0,4637
14828,8.24.96.0,255.255.240.0,6939
33561,8.24.204.0,255.255.252.0,15412
16574,8.24.208.0,255.255.255.0,6939
24429,8.25.82.0,255.255.255.0,8359
25611,8.25.157.0,255.255.255.0,703
55209,8.27.78.0,255.255.255.0,703
6086,8.27.180.0,255.255.252.0,703
40749,8.27.208.0,255.255.240.0,703
62713,8.28.7.0,255.255.255.0,4637
103,8.28.178.0,255.255.254.0,8966
30536,8.28.184.0,255.255.248.0,8966
22898,8.28.240.0,255.255.240.0,6939
32378,8.29.49.0,255.255.255.0,703
36730,8.29.72.0,255.255.248.0,6939
36444,8.29.128.0,255.255.240.0,4637
4455,8.29.192.0,255.255.248.0,8966
32419,8.29.208.0,255.255.255.0,15412
62614,8.29.213.0,255.255.255.0,15412
53720,8.30.4.0,255.255.255.0,15412
55270,8.30.125.0,255.255.255.0,6939
395368,8.31.32.0,255.255.240.0,15412
33616,8.33.16.0,255.255.252.0,6939
397849,8.33.38.0,255.255.255.0,8966
11475,8.33.46.0,255.255.254.0,6939
7381,8.33.80.0,255.255.240.0,4637
11071,8.33.139.0,255.255.255.0,6939
13984,8.34.27.0,255.255.255.0,8966
17378,8.34.28.0,255.255.252.0,8966
22616,8.34.34.0,255.255.255.0,6939
33570,8.34.47.0,255.255.255.0,4637
33695,8.34.124.0,255.255.252.0,8966
32278,8.34.174.0,255.255.254.0,4637
13750,8.35.148.0,255.255.255.0,15412
27447,8.36.84.0,255.255.255.0,35280
55256,8.36.116.0,255.255.255.0,8966
27381,8.36.162.0,255.255.255.0,4637
393552,8.36.226.0,255.255.254.0,6939
19256,8.36.230.0,255.255.254.0,6939
14155,8.36.240.0,255.255.240.0,15412
16491,8.37.96.0,255.255.255.0,35280
54994,8.37.238.0,255.255.255.0,9304
16504,8.38.33.0,255.255.255.0,703
62802,8.38.223.0,255.255.255.0,8966
2639,8.39.54.0,255.255.254.0,4637
394973,8.39.87.0,255.255.255.0,6939
397423,8.39.234.0,255.255.254.0,4637
23118,8.40.48.0,255.255.240.0,15412
395584,8.40.118.0,255.255.254.0,703
35986,8.40.160.0,255.255.252.0,6939
27195,8.41.31.0,255.255.255.0,15412
30262,8.41.102.0,255.255.255.0,703
26038,8.41.135.0,255.255.255.0,8966
13727,8.42.8.0,255.255.255.0,703
63474,8.42.99.0,255.255.255.0,15412
62955,8.42.112.0,255.255.240.0,8966
11272,8.42.176.0,255.255.240.0,6939
19021,8.43.40.0,255.255.254.0,15412
63264,8.44.4.0,255.255.254.0,703
202,8.44.80.0,255.255.252.0,703
26375,8.44.216.0,255.255.248.0,15412
17639,8.45.0.0,255.255.240.0,17639
17054,8.45.61.0,255.255.255.0,8966
17139,8.48.84.0,255.255.255.0,15412
134963,8.208.136.0,255.255.255.0,9304
46450,8.225.96.0,255.255.254.0,6939
138915,8.242.22.0,255.255.255.0,8966
3549,8.242.80.0,255.255.248.0,8966
264646,8.242.189.0,255.255.255.0,8966
52263,8.242.197.0,255.255.255.0,8966
7195,8.242.227.0,255.255.255.0,4637
263756,8.243.13.0,255.255.255.0,8966
15256,8.243.33.0,255.255.255.0,4637
272004,8.243.96.128,255.255.255.224,8966
27843,8.243.103.0,255.255.255.0,15412
271835,8.243.115.160,255.255.255.224,8966
36040,8.243.116.224,255.255.255.224,4637
262191,8.243.170.0,255.255.255.0,6939
262248,8.243.234.0,255.255.255.0,15412
19978,8.243.248.0,255.255.248.0,703
26879,8.244.10.0,255.255.255.0,8966
13445,8.244.137.0,255.255.255.0,4637
33659,9.142.0.0,255.255.224.0,703
11404,9.142.32.0,255.255.240.0,6939
7018,12.0.0.0,255.0.0.0,6939
14203,12.0.126.0,255.255.254.0,9304
2386,12.0.224.0,255.255.255.0,35280
109,12.5.186.0,255.255.254.0,4637
18434,12.6.9.0,255.255.255.0,35280
17253,12.8.54.0,255.255.255.0,6939
32869,12.13.40.0,255.255.248.0,6939
398337,12.13.173.0,255.255.255.0,6939
19111,12.13.211.0,255.255.255.0,6939
4185,12.14.12.0,255.255.255.0,6939
4473,12.17.241.0,255.255.255.0,6939
36178,12.20.60.0,255.255.254.0,6939
22249,12.20.188.0,255.255.255.0,6939
13760,12.21.155.0,255.255.255.0,6939
30452,12.22.178.0,255.255.254.0,703
4546,12.24.112.0,255.255.255.0,8966
21619,12.25.95.0,255.255.255.0,15412
11520,12.26.124.0,255.255.255.0,8966
30517,12.27.195.0,255.255.255.0,6939
19449,12.28.196.0,255.255.255.0,6939
25924,12.30.121.0,255.255.255.0,6939
47039,12.32.185.0,255.255.255.0,8966
11273,12.33.109.0,255.255.255.0,35280
40934,12.34.97.0,255.255.255.0,18106
40233,12.34.126.0,255.255.255.0,6939
19229,12.37.153.0,255.255.255.0,35280
30182,12.41.85.0,255.255.255.0,8966
399240,12.42.147.0,255.255.255.0,6939
20057,12.72.0.0,255.255.128.0,4637
3423,12.96.43.0,255.255.255.0,6939
64243,12.104.109.0,255.255.255.0,8966
16618,12.104.196.0,255.255.255.0,8966
19240,12.106.86.0,255.255.255.0,15412
40631,12.129.82.0,255.255.255.0,15412
17088,12.130.13.0,255.255.255.0,4637
6389,12.130.209.0,255.255.255.0,6939
15085,12.131.100.0,255.255.254.0,15412
54420,12.132.105.0,255.255.255.0,4637
26881,12.145.20.0,255.255.255.0,703
19244,12.145.193.0,255.255.255.0,6939
14858,12.147.32.0,255.255.255.0,6939
13652,12.149.40.0,255.255.255.0,6939
36136,12.149.218.0,255.255.255.0,6939
25932,12.150.167.0,255.255.255.0,703
25921,12.152.107.0,255.255.255.0,703
26854,12.152.252.0,255.255.255.0,8966
797,12.153.241.0,255.255.255.0,6939
11924,12.160.248.0,255.255.255.0,8966
1828,12.162.3.0,255.255.255.0,4637
11966,12.166.196.0,255.255.252.0,703
55219,12.167.151.0,255.255.255.0,4637
26842,12.171.137.0,255.255.255.0,703
27202,12.171.244.0,255.255.252.0,6939
46562,12.177.85.0,255.255.255.0,4637
33286,12.178.51.0,255.255.255.0,6939
31921,12.188.159.0,255.255.255.0,8966
18937,12.197.228.0,255.255.255.0,8966
14230,12.199.28.0,255.255.255.0,8966
46870,12.204.119.0,255.255.255.0,6939
11992,12.205.80.0,255.255.240.0,6939
22362,12.216.253.0,255.255.255.0,4637
7046,12.219.9.0,255.255.255.0,35280
13621,12.219.219.0,255.255.255.0,4637
40805,12.222.200.0,255.255.252.0,4637
25993,12.226.78.0,255.255.254.0,6939
62813,12.236.156.0,255.255.254.0,6939
46827,12.236.226.0,255.255.255.0,6939
3741,13.100.10.0,255.255.254.0,15412
14340,13.108.0.0,255.254.0.0,4637
55391,14.0.8.0,255.255.252.0,6939
24088,14.0.16.0,255.255.252.0,9304
38819,14.0.128.0,255.255.128.0,6939
55392,14.1.4.0,255.255.252.0,6939
10000,14.1.8.0,255.255.248.0,4637
45437,14.1.16.0,255.255.252.0,35280
46844,14.1.20.0,255.255.252.0,15412
63018,14.1.28.0,255.255.255.0,4637
45177,14.1.32.0,255.255.224.0,4637
14593,14.1.64.0,255.255.252.0,8966
139009,14.1.101.0,255.255.255.0,6939
9541,14.1.104.0,255.255.255.0,8966
45960,14.1.128.0,255.255.128.0,9304
4739,14.2.0.0,255.255.0.0,35280
7545,14.2.0.0,255.255.224.0,35280
4685,14.3.0.0,255.255.0.0,4637
2516,14.8.0.0,255.254.0.0,8966
131927,14.14.0.0,255.255.192.0,8966
23624,14.14.96.0,255.255.240.0,8966
131933,14.14.128.0,255.255.240.0,8966
24279,14.15.64.0,255.255.248.0,8966
151387,14.15.96.0,255.255.240.0,8966
58466,14.18.32.0,255.255.224.0,8966
134774,14.26.0.0,255.255.192.0,8966
4040,14.49.22.0,255.255.255.0,15412
17762,14.96.1.0,255.255.255.0,15412
45820,14.96.8.0,255.255.248.0,35280
9506,14.100.0.0,255.255.128.0,4637
18046,14.102.0.0,255.255.255.0,4637
18002,14.102.1.0,255.255.255.0,35280
133594,14.102.3.0,255.255.255.0,35280
43700,14.102.4.0,255.255.252.0,8359
201949,14.102.10.0,255.255.255.0,4637
153489,14.102.79.0,255.255.255.0,15412
8881,14.102.90.0,255.255.255.0,6939
45117,14.102.94.0,255.255.255.0,4637
64073,14.102.98.0,255.255.254.0,4637
35600,14.102.102.0,255.255.255.0,35280
17534,14.102.132.0,255.255.252.0,4637
7600,14.102.136.0,255.255.248.0,4637
45352,14.102.144.0,255.255.254.0,4637
55653,14.102.152.0,255.255.252.0,8966
17625,14.102.160.0,255.255.255.0,35280
134143,14.102.164.0,255.255.252.0,4637
135025,14.102.168.0,255.255.252.0,9304
54578,14.102.172.0,255.255.252.0,6939
134316,14.102.188.0,255.255.255.0,15412
21769,14.102.224.0,255.255.240.0,8966
53107,14.102.230.0,255.255.255.0,4637
215724,14.102.231.0,255.255.255.0,8966
48925,14.102.233.0,255.255.255.0,8966
211091,14.102.236.0,255.255.255.0,15412
45413,14.128.9.0,255.255.255.0,4637
10013,14.128.64.0,255.255.192.0,703
18126,14.132.0.0,255.255.0.0,4637
9269,14.136.0.0,255.255.0.0,24482
10103,14.136.12.0,255.255.252.0,24482
55850,14.137.0.0,255.255.224.0,4637
135409,14.137.32.0,255.255.224.0,9304
4694,14.137.224.0,255.255.224.0,4637
10036,14.138.224.0,255.255.254.0,9304
55824,14.139.0.0,255.255.0.0,4637
4758,14.139.15.0,255.255.255.0,4637
6421,14.141.246.0,255.255.255.0,55720
45899,14.160.0.0,255.255.0.0,8966
150008,14.192.0.0,255.255.255.0,35280
400619,14.192.4.0,255.255.254.0,8966
139490,14.192.12.0,255.255.255.0,4637
132717,14.192.16.0,255.255.255.0,4637
17665,14.192.24.0,255.255.255.0,15412
45916,14.192.28.0,255.255.255.0,4637
135772,14.192.52.0,255.255.252.0,15412
58460,14.192.72.0,255.255.252.0,4637
152655,14.192.75.0,255.255.255.0,8966
131934,14.192.96.0,255.255.224.0,4637
133933,14.192.128.0,255.255.255.0,8966
45814,14.192.137.0,255.255.255.0,8966
9534,14.192.192.0,255.255.192.0,15412
55441,14.194.192.0,255.255.240.0,35280
132252,14.198.240.0,255.255.240.0,24482
45458,14.207.7.0,255.255.255.0,9304
133481,14.207.160.0,255.255.255.0,9304
135905,14.225.0.0,255.255.0.0,8966
13979,15.4.64.0,255.255.192.0,15412
2686,15.20.98.0,255.255.255.0,15412
2687,15.32.72.0,255.255.255.0,35280
25888,15.32.96.0,255.255.254.0,35280
33,15.65.192.0,255.255.248.0,6939
2154,15.90.164.0,255.255.252.0,15412
3360,15.176.32.0,255.255.240.0,4637
7057,15.195.0.0,255.255.0.0,6939
20055,15.211.0.0,255.255.0.0,8966
20115,16.14.192.0,255.255.248.0,8966
10796,16.14.248.0,255.255.248.0,8966
203329,16.41.252.0,255.255.255.0,35280
33363,16.98.0.0,255.255.192.0,8966
7843,16.191.0.0,255.255.254.0,8966
714,17.0.0.0,255.0.0.0,4637
3,18.0.0.0,255.255.0.0,8966
10578,18.2.0.0,255.255.224.0,8966
28857,20.154.66.0,255.255.254.0,6939
1764,20.154.73.0,255.255.255.0,6939
12252,23.0.144.0,255.255.240.0,4637
23693,23.0.208.0,255.255.252.0,7713
2860,23.1.4.0,255.255.252.0,6939
9498,23.1.36.0,255.255.252.0,15412
35994,23.1.232.0,255.255.255.0,8359
27789,23.3.72.0,255.255.255.0,6939
4761,23.3.76.0,255.255.252.0,7713
7713,23.11.48.0,255.255.240.0,7713
8781,23.15.44.0,255.255.252.0,4637
7922,23.24.0.0,255.254.0.0,6939
54600,23.26.24.0,255.255.252.0,9304
32613,23.26.32.0,255.255.255.0,15412
7385,23.26.38.0,255.255.255.0,15412
49770,23.26.41.0,255.255.255.0,6939
7979,23.26.62.0,255.255.254.0,7713
399486,23.26.76.0,255.255.254.0,15412
51847,23.26.80.0,255.255.255.0,4637
263812,23.26.114.0,255.255.255.0,8966
264409,23.26.115.0,255.255.255.0,6939
399646,23.26.125.0,255.255.255.0,8966
54309,23.26.141.0,255.255.255.0,4637
33601,23.26.144.0,255.255.255.0,15412
135375,23.26.198.0,255.255.255.0,9304
400810,23.26.227.0,255.255.255.0,4637
149440,23.26.237.0,255.255.255.0,7713
13737,23.26.250.0,255.255.255.0,8966
18779,23.27.3.0,255.255.255.0,8966
6939,23.27.29.0,255.255.255.0,6939
400402,23.27.96.0,255.255.255.0,4637
12083,23.27.205.0,255.255.255.0,6939
397032,23.27.211.0,255.255.255.0,8966
395434,23.29.16.0,255.255.254.0,4637
18712,23.29.32.0,255.255.240.0,6939
397325,23.29.49.0,255.255.255.0,6939
54098,23.29.53.0,255.255.255.0,6939
701,23.29.96.0,255.255.240.0,703
32748,23.29.128.0,255.255.224.0,6939
47869,23.29.136.0,255.255.248.0,6939
22995,23.29.192.0,255.255.248.0,8966
36315,23.29.224.0,255.255.224.0,8966
9500,23.32.48.0,255.255.252.0,4637
9885,23.32.176.0,255.255.252.0,4637
45758,23.33.128.0,255.255.254.0,9304
9829,23.34.252.0,255.255.252.0,4637
24203,23.35.20.0,255.255.252.0,4637
45430,23.35.150.0,255.255.254.0,9304
4780,23.36.112.0,255.255.252.0,6939
7552,23.36.145.0,255.255.255.0,4637
9299,23.39.108.0,255.255.254.0,7713
55644,23.40.247.0,255.255.255.0,15412
7470,23.46.20.0,255.255.254.0,4637
1680,23.46.164.0,255.255.252.0,6939
38040,23.47.0.0,255.255.252.0,4637
8551,23.56.174.0,255.255.255.0,15412
5432,23.61.4.0,255.255.252.0,4637
24309,23.62.12.0,255.255.255.0,15412
394256,23.83.208.0,255.255.248.0,24482
63213,23.83.216.0,255.255.252.0,8966
25820,23.83.224.0,255.255.252.0,9304
10242,23.88.128.0,255.255.224.0,8966
36103,23.88.160.0,255.255.240.0,6939
138322,23.88.192.0,255.255.224.0,8359
47638,23.90.64.0,255.255.252.0,8966
32845,23.90.92.0,255.255.255.0,6939
16417,23.90.96.0,255.255.255.0,4637
7992,23.91.80.0,255.255.240.0,6939
135377,23.91.96.0,255.255.255.0,9304
4229,23.91.109.0,255.255.255.0,8966
5645,23.91.128.0,255.255.224.0,6939
36493,23.91.160.0,255.255.224.0,6939
11492,23.91.192.0,255.255.240.0,8966
11814,23.91.224.0,255.255.240.0,15412
62646,23.92.0.0,255.255.240.0,8966
63949,23.92.16.0,255.255.248.0,4637
19531,23.92.80.0,255.255.240.0,6939
40788,23.92.128.0,255.255.240.0,8966
32475,23.92.176.0,255.255.252.0,4637
13791,23.92.180.0,255.255.252.0,4637
12179,23.92.182.0,255.255.254.0,4637
10913,23.92.182.0,255.255.255.0,4637
12182,23.92.184.0,255.255.252.0,4637
31863,23.92.208.0,255.255.240.0,15412
46375,23.93.0.0,255.255.0.0,6939
20278,23.94.12.0,255.255.255.0,4637
20001,23.94.90.0,255.255.255.0,8966
14315,23.94.110.0,255.255.255.0,6939
18526,23.95.45.0,255.255.255.0,8966
399861,23.95.83.0,255.255.255.0,6939
135391,23.95.98.0,255.255.255.0,55720
39134,23.105.224.0,255.255.255.0,8359
54643,23.111.64.0,255.255.252.0,8966
11831,23.111.76.0,255.255.255.0,8966
393457,23.128.0.0,255.255.255.0,15412
401418,23.128.36.0,255.255.255.0,8966
401725,23.128.56.0,255.255.255.0,6939
32097,23.128.64.0,255.255.255.0,8966
53758,23.128.96.0,255.255.255.0,6939
53427,23.128.100.0,255.255.255.0,8966
40156,23.128.116.0,255.255.255.0,15412
16552,23.128.120.0,255.255.255.0,4637
62809,23.128.144.0,255.255.255.0,6939
8143,23.128.188.0,255.255.255.0,4637
55077,23.128.208.0,255.255.255.0,6939
138997,23.128.228.0,255.255.255.0,41095
400202,23.128.232.0,255.255.255.0,6939
53388,23.128.236.0,255.255.255.0,8966
53356,23.129.32.0,255.255.255.0,8966
396507,23.129.64.0,255.255.255.0,6939
13378,23.129.76.0,255.255.255.0,41095
18850,23.129.108.0,255.255.255.0,8966
399989,23.129.160.0,255.255.255.0,15412
33083,23.129.196.0,255.255.255.0,6939
16909,23.129.212.0,255.255.255.0,8966
62887,23.130.0.0,255.255.255.0,8966
153371,23.130.4.0,255.255.255.0,9304
395297,23.130.12.0,255.255.255.0,8966
11918,23.130.32.0,255.255.255.0,15412
26721,23.130.128.0,255.255.255.0,15412
52210,23.130.136.0,255.255.255.0,8966
212934,23.130.137.0,255.255.255.0,8966
7795,23.130.176.0,255.255.255.0,6939
7247,23.130.184.0,255.255.255.0,6939
394625,23.130.192.0,255.255.255.0,6939
25912,23.130.212.0,255.255.255.0,6939
20042,23.130.216.0,255.255.255.0,6939
26939,23.130.220.0,255.255.255.0,8966
53343,23.131.12.0,255.255.255.0,41095
32864,23.131.16.0,255.255.255.0,6939
149020,23.131.24.0,255.255.255.0,4637
396480,23.131.64.0,255.255.255.0,6939
16827,23.131.96.0,255.255.255.0,8966
13925,23.131.160.0,255.255.255.0,8966
16611,23.131.184.0,255.255.255.0,6939
25651,23.131.192.0,255.255.255.0,6939
46475,23.131.216.0,255.255.255.0,4637
152918,23.131.220.0,255.255.255.0,8966
36710,23.132.32.0,255.255.255.0,4637
42615,23.132.96.0,255.255.255.0,4637
398999,23.132.148.0,255.255.255.0,4637
400474,23.132.168.0,255.255.255.0,6939
18988,23.132.176.0,255.255.255.0,6939
30500,23.132.192.0,255.255.255.0,8966
400465,23.132.200.0,255.255.255.0,8966
7489,23.133.1.0,255.255.255.0,41095
16713,23.133.24.0,255.255.255.0,8966
7356,23.133.44.0,255.255.255.0,4637
26042,23.133.52.0,255.255.255.0,8966
8095,23.133.84.0,255.255.255.0,4637
8079,23.133.108.0,255.255.255.0,4637
25988,23.133.112.0,255.255.255.0,8966
46962,23.133.120.0,255.255.255.0,8966
22489,23.133.152.0,255.255.255.0,15412
11967,23.133.172.0,255.255.255.0,8966
23507,23.133.204.0,255.255.255.0,6939
54681,23.133.248.0,255.255.255.0,8966
394232,23.134.32.0,255.255.255.0,6939
213683,23.134.52.0,255.255.255.0,15412
64272,23.134.64.0,255.255.255.0,703
924,23.134.88.0,255.255.255.0,8966
397554,23.134.144.0,255.255.255.0,6939
30549,23.134.160.0,255.255.255.0,6939
22462,23.134.192.0,255.255.252.0,6939
32329,23.135.32.0,255.255.255.0,6939
8796,23.135.56.0,255.255.255.0,6939
398482,23.135.88.0,255.255.255.0,6939
44570,23.135.148.0,255.255.255.0,8966
396842,23.135.160.0,255.255.255.0,8966
63072,23.135.176.0,255.255.255.0,8966
400555,23.135.200.0,255.255.255.0,6939
209109,23.135.220.0,255.255.255.0,9304
40111,23.135.224.0,255.255.255.0,6939
22241,23.135.236.0,255.255.255.0,6939
397952,23.135.240.0,255.255.255.0,6939
215248,23.136.20.0,255.255.255.0,35280
30456,23.136.28.0,255.255.255.0,4637
20119,23.136.80.0,255.255.255.0,8966
399558,23.136.82.0,255.255.255.0,6939
203939,23.136.116.0,255.255.255.0,6939
400146,23.136.136.0,255.255.255.0,8966
214483,23.136.164.0,255.255.255.0,9304
12282,23.136.168.0,255.255.255.0,703
14445,23.136.184.0,255.255.255.0,15412
62754,23.136.208.0,255.255.255.0,15412
23428,23.136.232.0,255.255.255.0,8966
886,23.136.248.0,255.255.255.0,4637
399284,23.137.44.0,255.255.255.0,4637
16904,23.137.48.0,255.255.255.0,8359
63129,23.137.52.0,255.255.255.0,6939
1002,23.137.56.0,255.255.255.0,8966
45691,23.137.68.0,255.255.255.0,41095
29769,23.137.76.0,255.255.255.0,8966
894,23.137.82.0,255.255.255.0,6939
893,23.137.88.0,255.255.255.0,6939
22295,23.137.105.0,255.255.255.0,8966
53698,23.137.120.0,255.255.255.0,4637
964,23.138.40.0,255.255.252.0,8966
29768,23.138.48.0,255.255.255.0,8966
1001,23.138.56.0,255.255.255.0,6939
19944,23.138.60.0,255.255.255.0,8966
36222,23.138.96.0,255.255.255.0,6939
267,23.138.112.0,255.255.252.0,8966
53732,23.138.128.0,255.255.254.0,6939
54566,23.138.140.0,255.255.255.0,8966
26286,23.138.156.0,255.255.255.0,703
401371,23.138.188.0,255.255.255.0,8966
64260,23.138.192.0,255.255.255.0,8966
400414,23.138.200.0,255.255.255.0,6939
203062,23.138.204.0,255.255.255.0,8966
5555,23.138.224.0,255.255.255.0,8966
400282,23.139.8.0,255.255.255.0,15412
25735,23.139.24.0,255.255.255.0,8966
8025,23.139.48.0,255.255.255.0,15412
401731,23.139.60.0,255.255.255.0,8966
14570,23.139.120.0,255.255.255.0,8966
26073,23.139.160.0,255.255.255.0,8966
6461,23.139.176.0,255.255.255.0,15412
40536,23.139.196.0,255.255.255.0,8966
401696,23.139.212.0,255.255.255.0,15412
394019,23.139.248.0,255.255.255.0,6939
394678,23.140.0.0,255.255.255.0,6939
61400,23.140.40.0,255.255.255.0,8359
401753,23.140.68.0,255.255.255.0,4637
30542,23.140.80.0,255.255.255.0,703
395100,23.140.112.0,255.255.255.0,6939
398493,23.140.140.0,255.255.255.0,6939
400719,23.140.168.0,255.255.255.0,9304
32281,23.140.184.0,255.255.255.0,8359
36002,23.141.4.0,255.255.255.0,4637
400771,23.141.40.0,255.255.255.0,6939
32678,23.141.80.0,255.255.255.0,6939
34553,23.141.112.0,255.255.255.0,8966
54004,23.141.124.0,255.255.255.0,6939
979,23.141.156.0,255.255.255.0,8966
397945,23.141.176.0,255.255.255.0,6939
31807,23.141.224.0,255.255.255.0,6939
61257,23.141.248.0,255.255.255.0,8966
30382,23.142.32.0,255.255.255.0,8966
397326,23.142.48.0,255.255.255.0,8966
203729,23.142.89.0,255.255.255.0,8966
33201,23.142.112.0,255.255.255.0,6939
13536,23.142.120.0,255.255.255.0,6939
210000,23.142.145.0,255.255.255.0,9304
151338,23.142.200.0,255.255.255.0,41095
208188,23.142.208.0,255.255.255.0,8966
6233,23.142.224.0,255.255.255.0,6939
393577,23.142.248.0,255.255.255.0,8966
1003,23.143.82.0,255.255.255.0,4637
399870,23.144.56.0,255.255.255.0,41095
62642,23.144.64.0,255.255.255.0,41095
397990,23.144.112.0,255.255.255.0,6939
47689,23.144.196.0,255.255.255.0,4637
1097,23.145.20.0,255.255.255.0,6939
395596,23.145.28.0,255.255.255.0,8359
13428,23.145.32.0,255.255.254.0,4637
11789,23.145.32.0,255.255.255.0,4637
400587,23.145.40.0,255.255.255.0,4637
50131,23.145.48.0,255.255.255.0,24482
999,23.145.72.0,255.255.255.0,8966
394144,23.145.160.0,255.255.255.0,6939
398065,23.145.176.0,255.255.255.0,6939
394109,23.146.0.0,255.255.255.0,6939
49585,23.146.24.0,255.255.255.0,15412
19523,23.146.32.0,255.255.255.0,6939
30114,23.146.88.0,255.255.255.0,8966
22961,23.146.120.0,255.255.255.0,6939
398041,23.146.136.0,255.255.255.0,6939
397391,23.146.144.0,255.255.255.0,15412
54429,23.146.168.0,255.255.255.0,8966
401973,23.146.172.0,255.255.255.0,24482
21804,23.146.176.0,255.255.255.0,8966
204844,23.146.248.0,255.255.255.0,8966
46824,23.147.8.0,255.255.255.0,8966
807,23.147.64.0,255.255.255.0,9304
18914,23.147.89.0,255.255.255.0,6939
398013,23.147.112.0,255.255.255.0,703
142046,23.147.120.0,255.255.255.0,8359
37739,23.147.136.0,255.255.255.0,6939
400304,23.147.152.0,255.255.255.0,8966
398196,23.147.208.0,255.255.254.0,6939
33000,23.147.248.0,255.255.255.0,4637
25645,23.148.80.0,255.255.255.0,8966
63027,23.148.88.0,255.255.255.0,8966
396984,23.148.96.0,255.255.255.0,8966
59678,23.148.232.0,255.255.255.0,6939
397270,23.148.248.0,255.255.255.0,24482
35930,23.149.8.0,255.255.255.0,8966
398223,23.149.16.0,255.255.255.0,4637
44324,23.149.120.0,255.255.255.0,41095
20303,23.149.160.0,255.255.255.0,8359
32899,23.149.224.0,255.255.255.0,6939
394501,23.150.0.0,255.255.255.0,8966
400618,23.150.32.0,255.255.255.0,8966
63150,23.150.33.0,255.255.255.0,4637
49286,23.150.60.0,255.255.255.0,6939
62611,23.150.104.0,255.255.255.0,8966
397031,23.150.160.0,255.255.254.0,8966
26077,23.150.176.0,255.255.255.0,6939
26692,23.150.216.0,255.255.255.0,8966
396422,23.151.56.0,255.255.255.0,6939
64289,23.151.136.0,255.255.255.0,8359
210645,23.151.216.0,255.255.255.0,4637
396097,23.152.128.0,255.255.254.0,6939
13795,23.152.144.0,255.255.255.0,6939
7034,23.152.160.0,255.255.255.0,8966
19369,23.152.184.0,255.255.255.0,8966
393737,23.152.216.0,255.255.255.0,6939
35008,23.153.56.0,255.255.255.0,6939
57974,23.153.72.0,255.255.255.0,15412
22652,23.153.96.0,255.255.255.0,6939
54987,23.153.160.0,255.255.255.0,8966
40237,23.153.208.0,255.255.255.0,6939
397095,23.153.224.0,255.255.255.0,6939
52025,23.154.8.0,255.255.255.0,8966
54113,23.154.64.0,255.255.255.0,9304
399788,23.154.112.0,255.255.255.0,6939
397540,23.154.160.0,255.255.255.0,24482
394449,23.154.168.0,255.255.255.0,8966
398143,23.154.184.0,255.255.255.0,6939
22296,23.155.8.0,255.255.255.0,6939
400011,23.155.16.0,255.255.255.0,4637
63270,23.155.32.0,255.255.255.0,8359
812,23.155.64.0,255.255.255.0,15412
36027,23.155.80.0,255.255.255.0,8966
31989,23.155.168.0,255.255.255.0,6939
33576,23.156.32.0,255.255.255.0,15412
27168,23.156.80.0,255.255.255.0,6939
398358,23.156.176.0,255.255.255.0,8966
399392,23.156.184.0,255.255.255.0,6939
32217,23.156.192.0,255.255.255.0,6939
29727,23.156.208.0,255.255.255.0,15412
46109,23.156.248.0,255.255.255.0,8966
62538,23.157.112.0,255.255.254.0,6939
32872,23.157.120.0,255.255.255.0,8966
6145,23.157.136.0,255.255.255.0,8966
32913,23.157.152.0,255.255.255.0,15412
21700,23.157.160.0,255.255.255.0,6939
25944,23.157.168.0,255.255.255.0,8966
44592,23.157.176.0,255.255.255.0,8359
21527,23.157.240.0,255.255.255.0,8966
395853,23.158.16.0,255.255.255.0,6939
11611,23.158.112.0,255.255.255.0,6939
11878,23.158.232.0,255.255.255.0,24482
4556,23.159.0.0,255.255.255.0,4637
835,23.159.16.0,255.255.255.0,6939
53740,23.159.32.0,255.255.255.0,8966
397131,23.159.112.0,255.255.255.0,6939
46539,23.159.144.0,255.255.255.0,8966
63066,23.159.232.0,255.255.254.0,8966
216440,23.159.232.0,255.255.255.0,15412
40864,23.159.240.0,255.255.255.0,6939
800,23.160.32.0,255.255.255.0,4637
1100,23.160.48.0,255.255.255.0,6939
397041,23.160.96.0,255.255.255.0,8359
39937,23.160.120.0,255.255.255.0,15412
54148,23.160.152.0,255.255.255.0,4637
32526,23.160.168.0,255.255.255.0,8359
62668,23.160.224.0,255.255.255.0,6939
12131,23.161.32.0,255.255.255.0,4637
398447,23.161.80.0,255.255.255.0,4637
400529,23.161.168.0,255.255.255.0,8359
13356,23.161.200.0,255.255.255.0,8966
32444,23.162.32.0,255.255.255.0,8966
199310,23.162.120.0,255.255.255.0,8966
64256,23.162.128.0,255.255.255.0,4637
14860,23.162.160.0,255.255.255.0,6939
397142,23.163.32.0,255.255.255.0,6939
32181,23.163.144.0,255.255.255.0,6939
32945,23.163.232.0,255.255.255.0,6939
398764,23.164.48.0,255.255.255.0,6939
33755,23.164.56.0,255.255.255.0,4637
31998,23.164.80.0,255.255.255.0,8359
19382,23.164.96.0,255.255.255.0,8966
11775,23.164.104.0,255.255.255.0,8966
26561,23.164.152.0,255.255.255.0,8359
396100,23.164.168.0,255.255.255.0,6939
16696,23.164.176.0,255.255.255.0,8966
393434,23.164.224.0,255.255.255.0,6939
399226,23.165.72.0,255.255.255.0,6939
46733,23.165.136.0,255.255.255.0,8966
398698,23.165.176.0,255.255.255.0,703
3214,23.165.200.0,255.255.255.0,6939
398712,23.165.240.0,255.255.255.0,703
3367,23.166.0.0,255.255.255.0,8966
53684,23.166.56.0,255.255.255.0,6939
25892,23.166.144.0,255.255.255.0,15412
23379,23.167.48.0,255.255.255.0,6939
17387,23.167.72.0,255.255.255.0,6939
53301,23.167.88.0,255.255.255.0,6939
397654,23.167.192.0,255.255.255.0,4637
55016,23.167.224.0,255.255.255.0,8966
19651,23.168.8.0,255.255.255.0,4637
40343,23.168.64.0,255.255.255.0,15412
14971,23.168.96.0,255.255.255.0,15412
54082,23.168.104.0,255.255.255.0,703
36165,23.168.112.0,255.255.255.0,6939
26006,23.168.136.0,255.255.255.0,15412
398960,23.168.144.0,255.255.255.0,8966
54980,23.169.32.0,255.255.255.0,6939
19045,23.169.64.0,255.255.254.0,6939
395823,23.169.176.0,255.255.255.0,6939
400919,23.169.200.0,255.255.255.0,6939
213550,23.169.225.0,255.255.255.0,4637
16970,23.169.240.0,255.255.255.0,15412
399503,23.170.8.0,255.255.255.0,8966
54632,23.170.32.0,255.255.255.0,8966
46766,23.170.72.0,255.255.255.0,8966
4906,23.170.112.0,255.255.255.0,15412
11117,23.171.8.0,255.255.255.0,4637
30690,23.171.72.0,255.255.255.0,8966
26520,23.171.88.0,255.255.255.0,8966
395502,23.171.112.0,255.255.255.0,8966
396313,23.171.128.0,255.255.255.0,4637
398962,23.171.240.0,255.255.255.0,24482
12243,23.172.0.0,255.255.255.0,4637
14928,23.172.16.0,255.255.255.0,6939
47272,23.172.120.0,255.255.255.0,4637
36858,23.172.184.0,255.255.255.0,15412
32595,23.172.200.0,255.255.254.0,8966
201217,23.172.200.0,255.255.255.0,9304
134176,23.172.217.0,255.255.255.0,8966
399055,23.173.16.0,255.255.255.0,6939
33452,23.173.32.0,255.255.255.0,6939
399242,23.173.80.0,255.255.255.0,6939
33039,23.173.104.0,255.255.255.0,4637
19740,23.173.112.0,255.255.255.0,6939
54364,23.173.240.0,255.255.255.0,6939
394868,23.174.0.0,255.255.252.0,15412
399338,23.174.48.0,255.255.255.0,6939
149513,23.174.104.0,255.255.255.0,9304
29774,23.174.120.0,255.255.255.0,15412
19684,23.174.152.0,255.255.255.0,8359
10804,23.174.216.0,255.255.255.0,6939
394233,23.174.224.0,255.255.255.0,6939
63296,23.174.240.0,255.255.255.0,8966
4508,23.175.32.0,255.255.255.0,8966
393626,23.175.64.0,255.255.255.0,8966
32943,23.175.168.0,255.255.255.0,8966
27523,23.175.184.0,255.255.255.0,8966
54316,23.175.208.0,255.255.252.0,703
394367,23.176.0.0,255.255.255.0,6939
53680,23.176.24.0,255.255.255.0,15412
55009,23.176.32.0,255.255.255.0,8966
401008,23.176.72.0,255.255.255.0,6939
20029,23.176.96.0,255.255.255.0,8966
20220,23.176.144.0,255.255.255.0,8966
401021,23.176.152.0,255.255.255.0,4637
23459,23.176.216.0,255.255.255.0,4637
33491,23.177.32.0,255.255.255.0,703
35990,23.177.48.0,255.255.255.0,8966
395719,23.177.104.0,255.255.255.0,8966
13693,23.177.112.0,255.255.255.0,6939
53334,23.178.64.0,255.255.255.0,8966
32169,23.178.152.0,255.255.255.0,6939
26370,23.178.224.0,255.255.255.0,8966
62838,23.179.32.0,255.255.255.0,8966
395417,23.179.40.0,255.255.255.0,8966
33541,23.180.64.0,255.255.255.0,6939
20335,23.180.88.0,255.255.255.0,6939
14807,23.180.104.0,255.255.255.0,8966
27597,23.180.144.0,255.255.255.0,703
26253,23.180.192.0,255.255.255.0,6939
36198,23.181.64.0,255.255.255.0,4637
25819,23.181.112.0,255.255.255.0,6939
401139,23.181.168.0,255.255.255.0,8966
11367,23.181.240.0,255.255.255.0,6939
54804,23.182.48.0,255.255.255.0,6939
11029,23.182.216.0,255.255.255.0,6939
63311,23.182.232.0,255.255.255.0,8966
395657,23.183.0.0,255.255.255.0,8966
53667,23.183.80.0,255.255.255.0,8966
21903,23.183.104.0,255.255.255.0,6939
396998,23.183.240.0,255.255.255.0,8966
40124,23.184.56.0,255.255.255.0,8966
53597,23.184.80.0,255.255.255.0,6939
46829,23.184.88.0,255.255.255.0,41095
63394,23.184.112.0,255.255.255.0,8966
36064,23.184.168.0,255.255.255.0,6939
30265,23.184.248.0,255.255.255.0,6939
36382,23.185.24.0,255.255.255.0,8966
47055,23.185.136.0,255.255.255.0,4637
11358,23.186.184.0,255.255.255.0,4637
11722,23.186.208.0,255.255.255.0,6939
62467,23.186.248.0,255.255.255.0,703
401332,23.188.56.0,255.255.255.0,4637
19465,23.188.176.0,255.255.255.0,6939
19625,23.188.240.0,255.255.255.0,8966
17077,23.189.65.0,255.255.255.0,6939
400070,23.189.80.0,255.255.255.0,6939
7352,23.189.128.0,255.255.255.0,15412
400926,23.189.152.0,255.255.255.0,6939
396357,23.189.176.0,255.255.255.0,15412
399606,23.190.176.0,255.255.255.0,8966
17290,23.190.216.0,255.255.255.0,4637
59895,23.190.232.0,255.255.255.0,6939
401361,23.190.248.0,255.255.255.0,8966
52376,23.204.102.0,255.255.255.0,4637
4657,23.205.208.0,255.255.252.0,4637
50710,23.206.0.0,255.255.252.0,15412
6057,23.208.208.0,255.255.252.0,6939
14522,23.209.96.0,255.255.252.0,8966
43766,23.209.112.0,255.255.252.0,8966
27947,23.219.144.0,255.255.252.0,4637
23881,23.226.0.0,255.255.255.0,9304
138415,23.226.48.0,255.255.240.0,8966
53755,23.226.64.0,255.255.240.0,6939
46687,23.226.96.0,255.255.248.0,6939
26076,23.226.104.0,255.255.252.0,6939
396904,23.226.120.0,255.255.255.0,4637
3842,23.226.224.0,255.255.248.0,4637
33548,23.227.96.0,255.255.224.0,6939
55081,23.227.128.0,255.255.224.0,6939
46320,23.227.208.0,255.255.252.0,6939
395301,23.227.216.0,255.255.255.0,6939
23316,23.227.224.0,255.255.224.0,8966
46573,23.228.64.0,255.255.255.0,15412
16591,23.228.128.0,255.255.192.0,8966
55286,23.229.0.0,255.255.252.0,4637
26496,23.229.128.0,255.255.128.0,4637
47553,23.230.32.0,255.255.255.0,8966
3561,23.230.194.0,255.255.255.0,703
36327,23.232.0.0,255.255.128.0,6939
5769,23.233.128.0,255.255.128.0,6939
23096,23.235.50.0,255.255.255.0,15412
7782,23.235.96.0,255.255.240.0,6939
17476,23.235.168.0,255.255.255.0,35280
54641,23.235.192.0,255.255.240.0,15412
22611,23.235.208.0,255.255.240.0,35280
60558,23.235.232.0,255.255.248.0,4637
14813,23.236.0.0,255.255.240.0,6939
35916,23.236.72.0,255.255.255.0,8966
134835,23.236.73.0,255.255.255.0,7713
15054,23.236.80.0,255.255.240.0,6939
54290,23.238.0.0,255.255.128.0,6939
30475,23.239.192.0,255.255.240.0,6939
11776,23.244.0.0,255.255.128.0,6939
2906,23.246.0.0,255.255.192.0,8966
12271,23.246.64.0,255.255.192.0,8966
138152,23.247.128.0,255.255.255.0,9304
41378,23.247.132.0,255.255.255.0,7713
46997,23.247.136.0,255.255.254.0,4637
38008,23.247.138.0,255.255.254.0,8966
32703,23.247.180.0,255.255.255.0,15412
6327,23.247.196.0,255.255.252.0,6939
55201,23.247.202.0,255.255.254.0,41095
18883,23.247.204.0,255.255.252.0,8359
17017,23.247.236.0,255.255.252.0,8966
7794,23.248.0.0,255.255.128.0,6939
138195,23.248.246.0,255.255.255.0,8966
12119,23.249.32.0,255.255.240.0,6939
395846,23.249.64.0,255.255.240.0,15412
62627,23.249.128.0,255.255.255.0,6939
23520,23.249.136.0,255.255.255.0,6939
27602,23.249.171.0,255.255.255.0,6939
400113,23.249.173.0,255.255.255.0,6939
57795,23.249.232.0,255.255.248.0,703
62468,23.251.32.0,255.255.255.0,8966
62610,23.251.33.0,255.255.255.0,41095
29752,23.251.35.0,255.255.255.0,8966
26827,23.251.64.0,255.255.224.0,6939
14265,23.251.192.0,255.255.224.0,6939
18615,23.252.0.0,255.255.240.0,6939
19257,23.252.64.0,255.255.255.0,9304
18450,23.252.112.0,255.255.255.0,6939
13351,23.252.128.0,255.255.240.0,8966
62886,23.252.144.0,255.255.248.0,8966
53848,23.252.176.0,255.255.240.0,6939
19994,23.253.0.0,255.255.192.0,8966
27357,23.253.128.0,255.255.224.0,8966
11351,24.24.0.0,255.255.192.0,8966
11426,24.25.0.0,255.255.192.0,8966
11427,24.26.192.0,255.255.192.0,8966
22516,24.27.128.0,255.255.255.0,8966
40285,24.31.6.0,255.255.255.0,6939
19108,24.31.17.0,255.255.255.0,6939
11976,24.35.128.0,255.255.255.0,8966
13825,24.35.192.0,255.255.240.0,6939
6128,24.38.0.0,255.255.128.0,703
33759,24.38.10.0,255.255.255.0,8966
33141,24.38.20.0,255.255.255.0,703
836,24.38.40.0,255.255.255.0,703
36681,24.38.88.0,255.255.255.0,703
30104,24.38.90.0,255.255.255.0,15412
53482,24.38.97.0,255.255.255.0,15412
53555,24.38.125.0,255.255.255.0,703
4181,24.40.80.0,255.255.240.0,8966
18474,24.40.96.0,255.255.224.0,6939
10011,24.41.112.0,255.255.240.0,4637
14638,24.41.128.0,255.255.128.0,6939
20412,24.42.228.0,255.255.255.0,6939
29866,24.48.128.0,255.255.224.0,6939
4922,24.49.0.0,255.255.224.0,6939
14291,24.49.32.0,255.255.224.0,15412
26801,24.49.64.0,255.255.224.0,6939
11232,24.49.112.0,255.255.240.0,8966
22646,24.49.144.0,255.255.240.0,8966
400511,24.49.145.0,255.255.255.0,8966
11290,24.49.224.0,255.255.224.0,6939
46449,24.50.144.0,255.255.240.0,15412
13807,24.51.32.0,255.255.248.0,6939
4474,24.51.50.0,255.255.254.0,6939
15146,24.51.64.0,255.255.192.0,6939
30404,24.51.192.0,255.255.224.0,6939
13490,24.52.64.0,255.255.224.0,6939
10971,24.52.128.0,255.255.224.0,8966
18260,24.53.192.0,255.255.224.0,4637
3737,24.55.128.0,255.255.224.0,6939
25853,24.75.160.0,255.255.240.0,6939
11260,24.89.192.0,255.255.192.0,6939
15344,24.92.144.0,255.255.254.0,6939
11955,24.94.224.0,255.255.224.0,8966
27364,24.101.0.0,255.255.224.0,6939
7725,24.104.42.0,255.255.255.0,703
33651,24.104.72.0,255.255.255.0,703
33662,24.104.75.0,255.255.255.0,703
7016,24.104.143.0,255.255.255.0,703
33652,24.104.146.0,255.255.255.0,703
14299,24.104.148.0,255.255.254.0,8966
33287,24.104.156.0,255.255.255.0,703
7311,24.104.160.0,255.255.240.0,8966
14901,24.120.232.0,255.255.255.0,8966
30036,24.129.208.0,255.255.240.0,6939
47524,24.133.0.0,255.255.252.0,35280
5690,24.138.96.0,255.255.224.0,6939
12097,24.140.0.0,255.255.240.0,6939
577,24.142.116.0,255.255.255.0,15412
13855,24.149.0.0,255.255.224.0,8359
270470,24.152.8.0,255.255.252.0,8966
270564,24.152.36.0,255.255.255.0,4637
269965,24.152.48.0,255.255.255.0,6939
267823,24.152.58.0,255.255.255.0,4637
270484,24.152.64.0,255.255.252.0,8966
52573,24.152.96.0,255.255.252.0,8966
265369,24.152.108.0,255.255.252.0,8966
270504,24.152.112.0,255.255.254.0,4637
270497,24.152.116.0,255.255.254.0,8966
7459,24.155.0.0,255.255.0.0,6939
54614,24.156.160.0,255.255.240.0,6939
54120,24.157.33.0,255.255.255.0,703
17051,24.157.34.0,255.255.255.0,8966
12213,24.170.128.0,255.255.252.0,6939
32505,24.204.24.0,255.255.255.0,6939
11904,24.204.160.0,255.255.224.0,6939
35911,24.212.0.0,255.255.224.0,15412
21928,24.221.0.0,255.255.248.0,8359
13659,24.223.0.0,255.255.254.0,8359
10835,24.223.70.0,255.255.255.0,8966
12208,24.223.90.0,255.255.255.0,6939
27325,24.227.211.0,255.255.255.0,8966
132418,24.230.16.0,255.255.240.0,8966
32220,24.233.64.0,255.255.240.0,6939
35985,24.235.0.0,255.255.255.0,6939
6130,24.235.6.0,255.255.255.0,8966
393775,24.235.14.0,255.255.254.0,8359
8047,24.237.0.0,255.255.0.0,8966
19016,24.245.224.0,255.255.240.0,6939
45544,27.0.12.0,255.255.252.0,9304
55900,27.0.16.0,255.255.240.0,6939
17514,27.0.32.0,255.255.240.0,8966
45415,27.0.49.0,255.255.255.0,35280
131607,27.0.152.0,255.255.252.0,15412
45942,27.0.176.0,255.255.252.0,35280
24435,27.0.184.0,255.255.252.0,8966
59288,27.0.196.0,255.255.254.0,7713
23650,27.0.204.0,255.255.252.0,8966
24186,27.0.216.0,255.255.252.0,15412
205848,27.0.235.0,255.255.255.0,8966
45543,27.2.0.0,255.254.0.0,9304
17488,27.4.0.0,255.255.252.0,15412
58563,27.19.220.0,255.255.252.0,8966
148981,27.25.128.0,255.255.255.0,8966
9597,27.34.128.0,255.255.224.0,8966
9993,27.34.168.0,255.255.248.0,6939
38333,27.34.224.0,255.255.248.0,4637
45648,27.34.240.0,255.255.255.0,35280
17816,27.36.0.0,255.252.0.0,4637
17623,27.38.0.0,255.255.0.0,4637
17622,27.39.0.0,255.255.224.0,4637
131111,27.50.16.0,255.255.255.0,8966
38186,27.50.32.0,255.255.255.0,9304
45671,27.50.64.0,255.255.252.0,4637
9674,27.51.0.0,255.255.0.0,6939
132848,27.54.64.0,255.255.255.0,4637
38719,27.54.80.0,255.255.240.0,4637
45687,27.54.96.0,255.255.240.0,8966
58396,27.54.116.0,255.255.255.0,7713
24541,27.54.128.0,255.255.240.0,35280
38731,27.71.16.0,255.255.252.0,4637
7670,27.96.68.0,255.255.252.0,4637
38901,27.96.84.0,255.255.252.0,9304
134913,27.96.88.0,255.255.252.0,15412
132165,27.96.92.0,255.255.255.0,8966
17547,27.96.96.0,255.255.224.0,24482
18390,27.96.192.0,255.255.224.0,4637
17809,27.96.224.0,255.255.240.0,6939
10010,27.98.0.0,255.255.128.0,4637
18068,27.100.8.0,255.255.255.0,4637
136946,27.100.12.0,255.255.252.0,35280
59179,27.100.24.0,255.255.255.0,4637
23805,27.100.48.0,255.255.240.0,4637
17841,27.101.10.0,255.255.255.0,9304
4773,27.104.0.0,255.255.0.0,4637
18182,27.105.0.0,255.255.0.0,4637
4826,27.106.200.0,255.255.252.0,15412
6648,27.108.0.0,255.255.0.0,4637
45754,27.109.64.0,255.255.224.0,17639
18129,27.109.96.0,255.255.248.0,6939
45763,27.109.108.0,255.255.252.0,4637
45498,27.109.112.0,255.255.252.0,9304
136255,27.109.116.0,255.255.255.0,8966
4811,27.109.124.0,255.255.252.0,9304
4609,27.109.128.0,255.255.128.0,15412
8220,27.110.0.0,255.255.240.0,35280
10021,27.110.22.0,255.255.254.0,35280
9221,27.110.72.0,255.255.248.0,8966
23783,27.110.96.0,255.255.240.0,8966
23655,27.110.120.0,255.255.248.0,4637
21433,27.110.227.0,255.255.255.0,17639
24492,27.111.8.0,255.255.252.0,24482
55561,27.111.13.0,255.255.255.0,4637
58477,27.111.34.0,255.255.255.0,41095
45768,27.111.64.0,255.255.248.0,35280
46063,27.112.64.0,255.255.255.0,8966
140482,27.112.77.0,255.255.255.0,4637
136052,27.112.78.0,255.255.254.0,8966
63997,27.112.104.0,255.255.248.0,6939
9351,27.113.192.0,255.255.224.0,4637
9354,27.113.224.0,255.255.240.0,4637
9336,27.113.240.0,255.255.248.0,4637
4713,27.114.0.0,255.255.128.0,15412
7642,27.114.128.0,255.255.192.0,8966
17621,27.115.0.0,255.255.128.0,4637
45582,27.116.16.0,255.255.255.0,35280
17940,27.116.24.0,255.255.248.0,8966
55581,27.116.36.0,255.255.252.0,35280
17608,27.116.128.0,255.255.128.0,9304
55376,27.118.0.0,255.255.240.0,8966
7522,27.120.144.0,255.255.240.0,4637
55652,27.121.80.0,255.255.255.0,18106
55752,27.121.88.0,255.255.252.0,4637
56111,27.121.108.0,255.255.252.0,15412
18092,27.122.8.0,255.255.252.0,8966
55792,27.122.16.0,255.255.240.0,4637
63916,27.122.56.0,255.255.255.0,9304
9374,27.122.64.0,255.255.224.0,4637
38195,27.122.112.0,255.255.240.0,4637
58868,27.122.118.0,255.255.255.0,4637
4668,27.122.128.0,255.255.128.0,9304
38082,27.123.16.0,255.255.252.0,4637
133090,27.123.20.0,255.255.255.0,4637
55803,27.123.30.0,255.255.255.0,8966
10310,27.123.33.0,255.255.255.0,4637
24506,27.123.40.0,255.255.254.0,4637
23879,27.123.42.0,255.255.255.0,15412
38442,27.123.128.0,255.255.192.0,4637
55805,27.123.212.0,255.255.252.0,6939
58369,27.123.220.0,255.255.252.0,8966
132146,27.123.228.0,255.255.252.0,9304
137085,27.123.240.0,255.255.255.0,15412
132116,27.123.241.0,255.255.255.0,15412
133278,27.123.248.0,255.255.255.0,35280
134113,27.123.252.0,255.255.254.0,8966
151707,27.124.64.0,255.255.255.0,4637
55811,27.124.96.0,255.255.240.0,4637
10024,27.125.196.0,255.255.252.0,4637
55814,27.125.200.0,255.255.252.0,15412
38466,27.125.224.0,255.255.224.0,4637
55819,27.126.144.0,255.255.248.0,6939
55821,27.126.152.0,255.255.252.0,4637
45474,27.126.192.0,255.255.255.0,4637
2518,27.127.0.0,255.255.128.0,8966
7524,27.127.128.0,255.255.224.0,4637
9652,27.127.192.0,255.255.224.0,4637
38753,27.131.0.0,255.255.254.0,35280
55492,27.131.12.0,255.255.252.0,8966
23629,27.131.16.0,255.255.240.0,8966
23678,27.131.32.0,255.255.224.0,4637
38880,27.131.64.0,255.255.192.0,35280
24187,27.131.128.0,255.255.192.0,9304
45700,27.131.248.0,255.255.255.0,7713
395717,27.131.252.0,255.255.255.0,4637
9370,27.133.128.0,255.255.224.0,8966
7672,27.133.192.0,255.255.240.0,15412
17707,27.133.224.0,255.255.255.0,4637
58793,27.133.228.0,255.255.252.0,6939
9824,27.136.0.0,255.248.0.0,8966
23688,27.147.128.0,255.255.128.0,8966
133774,27.148.128.0,255.255.240.0,8966
133776,27.150.128.0,255.255.248.0,8966
9644,27.160.0.0,255.240.0.0,9304
134760,27.185.4.0,255.255.252.0,8966
55387,27.253.128.0,255.255.128.0,4637
4750,27.254.2.0,255.255.255.0,9304
135067,27.254.8.0,255.255.255.0,9304
9891,27.254.26.0,255.255.255.0,9304
63989,27.254.140.0,255.255.255.0,9304
58955,27.254.141.0,255.255.255.0,4637
142299,27.254.168.0,255.255.255.0,4637
17917,27.255.128.0,255.255.240.0,15412
21245,31.3.0.0,255.255.255.0,8966
5524,31.3.8.0,255.255.248.0,15412
47747,31.3.16.0,255.255.248.0,6939
28952,31.3.32.0,255.255.224.0,6939
196714,31.3.80.0,255.255.248.0,35280
43612,31.3.93.0,255.255.255.0,15412
35470,31.3.100.0,255.255.255.0,15412
197731,31.3.104.0,255.255.248.0,6939
199662,31.3.129.0,255.255.255.0,35280
51430,31.3.152.0,255.255.252.0,703
200043,31.3.168.0,255.255.252.0,6939
48716,31.3.209.0,255.255.255.0,41095
12302,31.5.0.0,255.255.0.0,15412
198831,31.6.7.0,255.255.255.0,4637
149948,31.6.20.0,255.255.255.0,7713
62390,31.6.27.0,255.255.255.0,6939
39869,31.6.64.0,255.255.248.0,703
34555,31.6.72.0,255.255.248.0,6939
34758,31.6.80.0,255.255.240.0,6939
21021,31.6.128.0,255.255.192.0,6939
29314,31.6.218.0,255.255.255.0,6939
50606,31.6.247.0,255.255.255.0,6939
20847,31.7.0.0,255.255.252.0,15412
8676,31.7.8.0,255.255.248.0,6939
57152,31.7.32.0,255.255.255.0,8966
35063,31.7.40.0,255.255.248.0,6939
34929,31.7.83.0,255.255.255.0,8966
213121,31.7.92.0,255.255.252.0,6939
56632,31.7.128.0,255.255.255.0,8966
56635,31.7.192.0,255.255.224.0,6939
21430,31.7.240.0,255.255.248.0,6939
28812,31.8.0.0,255.255.0.0,15412
48503,31.10.3.0,255.255.255.0,41095
35140,31.10.8.0,255.255.248.0,8966
42004,31.10.32.0,255.255.240.0,15412
35271,31.10.64.0,255.255.192.0,8359
6730,31.10.128.0,255.255.128.0,6939
6772,31.11.0.0,255.255.224.0,6939
41114,31.11.40.0,255.255.248.0,6939
29287,31.12.0.0,255.255.248.0,6939
3313,31.12.8.0,255.255.252.0,4637
61352,31.12.56.0,255.255.248.0,15412
215186,31.12.73.0,255.255.255.0,39120
42695,31.12.84.0,255.255.252.0,4637
59676,31.13.6.0,255.255.255.0,15412
32934,31.13.24.0,255.255.248.0,9304
8732,31.13.32.0,255.255.224.0,8966
49605,31.13.136.0,255.255.248.0,6939
44356,31.13.152.0,255.255.248.0,15412
196819,31.13.168.0,255.255.254.0,15412
24811,31.13.176.0,255.255.248.0,8359
12337,31.13.185.0,255.255.255.0,15412
57634,31.13.192.0,255.255.255.0,8966
14713,31.13.193.0,255.255.255.0,6939
34224,31.13.195.0,255.255.255.0,8966
44851,31.13.196.0,255.255.255.0,8966
42794,31.13.198.0,255.255.255.0,15412
29030,31.13.200.0,255.255.248.0,8966
215439,31.13.208.0,255.255.255.0,8966
208808,31.13.210.0,255.255.255.0,35280
47748,31.13.215.0,255.255.255.0,8966
212591,31.13.225.0,255.255.255.0,4637
60784,31.13.227.0,255.255.255.0,8966
215787,31.13.230.0,255.255.255.0,703
61437,31.13.232.0,255.255.252.0,8966
60230,31.13.244.0,255.255.255.0,6939
199483,31.14.0.0,255.255.252.0,6939
33925,31.14.8.0,255.255.255.0,15412
201401,31.14.11.0,255.255.255.0,6939
49774,31.14.16.0,255.255.255.0,6939
40994,31.14.17.0,255.255.255.0,6939
2614,31.14.19.0,255.255.255.0,4637
9050,31.14.20.0,255.255.255.0,6939
56550,31.14.28.0,255.255.255.0,6939
8400,31.14.33.0,255.255.255.0,6939
31362,31.14.43.0,255.255.255.0,15412
8455,31.14.45.0,255.255.255.0,6939
208179,31.14.55.0,255.255.255.0,15412
33977,31.14.57.0,255.255.255.0,15412
47160,31.14.68.0,255.255.252.0,4637
21409,31.14.76.0,255.255.252.0,6939
57269,31.14.104.0,255.255.248.0,15412
25184,31.14.112.0,255.255.240.0,8966
206238,31.14.180.0,255.255.254.0,4637
207375,31.14.182.0,255.255.255.0,6939
212582,31.14.183.0,255.255.255.0,6939
206617,31.14.184.0,255.255.248.0,8966
211090,31.14.228.0,255.255.255.0,8966
210021,31.14.229.0,255.255.255.0,8966
201198,31.14.233.0,255.255.255.0,6939
56478,31.14.248.0,255.255.252.0,6939
25234,31.15.8.0,255.255.248.0,4637
52000,31.15.19.0,255.255.255.0,6939
44513,31.15.72.0,255.255.252.0,6939
51333,31.15.96.0,255.255.248.0,6939
56704,31.15.112.0,255.255.248.0,6939
3212,31.15.128.0,255.255.128.0,6939
34119,31.22.0.0,255.255.248.0,6939
15598,31.22.8.0,255.255.255.0,15412
203380,31.22.10.0,255.255.255.0,8966
35071,31.22.40.0,255.255.248.0,15412
13214,31.22.88.0,255.255.248.0,4637
30893,31.22.91.0,255.255.255.0,4637
197692,31.22.120.0,255.255.248.0,8966
42863,31.22.128.0,255.255.128.0,15412
16082,31.24.0.0,255.255.248.0,15412
8758,31.24.8.0,255.255.248.0,35280
49814,31.24.24.0,255.255.248.0,8359
61307,31.24.56.0,255.255.248.0,15412
197617,31.24.64.0,255.255.252.0,6939
48803,31.24.72.0,255.255.248.0,15412
198401,31.24.83.0,255.255.255.0,6939
62429,31.24.87.0,255.255.255.0,8359
12406,31.24.88.0,255.255.248.0,8359
9211,31.24.96.0,255.255.248.0,6939
60672,31.24.104.0,255.255.248.0,15412
15954,31.24.120.0,255.255.248.0,8966
39783,31.24.128.0,255.255.248.0,15412
203489,31.24.136.0,255.255.248.0,6939
49855,31.24.144.0,255.255.248.0,703
8194,31.24.192.0,255.255.248.0,35280
12837,31.24.208.0,255.255.248.0,15412
12727,31.24.240.0,255.255.248.0,6939
216302,31.24.248.0,255.255.255.0,15412
41484,31.25.0.0,255.255.254.0,6939
51202,31.25.11.0,255.255.255.0,8966
35815,31.25.24.0,255.255.248.0,8359
44092,31.25.32.0,255.255.248.0,6939
51048,31.25.58.0,255.255.255.0,15412
57829,31.25.64.0,255.255.248.0,6939
34412,31.25.90.0,255.255.255.0,8966
202391,31.25.92.0,255.255.252.0,8966
206065,31.25.104.0,255.255.248.0,8966
46700,31.25.113.0,255.255.255.0,4637
61174,31.25.120.0,255.255.248.0,35280
197882,31.25.136.0,255.255.255.0,8966
197637,31.25.152.0,255.255.248.0,35280
8902,31.25.160.0,255.255.248.0,6939
43567,31.25.200.0,255.255.248.0,41095
56828,31.25.216.0,255.255.248.0,7713
49683,31.25.234.0,255.255.255.0,15412
29076,31.28.0.0,255.255.224.0,8359
28762,31.28.3.0,255.255.255.0,8359
3175,31.28.25.0,255.255.255.0,8359
48524,31.28.96.0,255.255.248.0,15412
15497,31.28.160.0,255.255.252.0,6939
12997,31.29.0.0,255.255.224.0,41095
43148,31.29.184.0,255.255.252.0,8359
16019,31.30.0.0,255.255.0.0,6939
1547,31.31.0.0,255.255.224.0,8966
15547,31.31.48.0,255.255.240.0,35280
21453,31.31.64.0,255.255.248.0,8359
197019,31.31.72.0,255.255.248.0,8966
47292,31.31.80.0,255.255.248.0,15412
198934,31.31.88.0,255.255.254.0,15412
6876,31.31.96.0,255.255.224.0,8359
199095,31.31.128.0,255.255.224.0,35280
59702,31.31.160.0,255.255.248.0,15412
20853,31.31.168.0,255.255.248.0,6939
9188,31.31.208.0,255.255.248.0,15412
197686,31.31.216.0,255.255.248.0,41095
197131,31.40.16.0,255.255.248.0,8359
49776,31.40.32.0,255.255.224.0,6939
35352,31.40.104.0,255.255.248.0,6939
39529,31.40.144.0,255.255.255.0,41095
206810,31.40.157.0,255.255.255.0,8966
211567,31.40.198.0,255.255.255.0,8966
213865,31.40.207.0,255.255.255.0,8966
198433,31.40.236.0,255.255.255.0,35280
25145,31.40.240.0,255.255.255.0,35280
208677,31.40.248.0,255.255.254.0,8359
214268,31.41.12.0,255.255.254.0,8359
56575,31.41.24.0,255.255.248.0,6939
48014,31.41.33.0,255.255.255.0,8359
197667,31.41.80.0,255.255.248.0,6939
41820,31.41.88.0,255.255.248.0,703
35365,31.41.112.0,255.255.248.0,8359
48485,31.41.120.0,255.255.248.0,8966
12985,31.41.136.0,255.255.248.0,6939
57896,31.41.144.0,255.255.252.0,6939
205671,31.41.148.0,255.255.252.0,6939
197724,31.41.176.0,255.255.248.0,6939
42574,31.41.192.0,255.255.248.0,8359
15614,31.41.200.0,255.255.248.0,6939
206075,31.41.249.0,255.255.255.0,4637
210893,31.41.250.0,255.255.255.0,15412
49528,31.42.0.0,255.255.240.0,6939
8242,31.42.32.0,255.255.240.0,8359
20714,31.42.48.0,255.255.248.0,8359
203008,31.42.58.0,255.255.254.0,8359
24589,31.42.80.0,255.255.240.0,8359
201699,31.42.116.0,255.255.252.0,6939
9294,31.42.121.0,255.255.255.0,8359
200260,31.42.122.0,255.255.255.0,6939
210538,31.42.127.0,255.255.255.0,8966
49461,31.42.160.0,255.255.240.0,8359
212604,31.42.178.0,255.255.254.0,8359
21413,31.42.180.0,255.255.255.0,6939
50060,31.42.224.0,255.255.224.0,8359
50004,31.43.0.0,255.255.240.0,6939
30886,31.43.64.0,255.255.224.0,8359
48438,31.43.128.0,255.255.224.0,8359
42512,31.43.168.0,255.255.252.0,15412
212041,31.43.186.0,255.255.254.0,4637
43764,31.43.224.0,255.255.224.0,8359
208951,31.44.0.0,255.255.255.0,4637
200350,31.44.8.0,255.255.248.0,8966
197506,31.44.16.0,255.255.240.0,6939
5398,31.44.32.0,255.255.240.0,6939
35047,31.44.64.0,255.255.240.0,6939
29226,31.44.80.0,255.255.240.0,41095
21211,31.44.96.0,255.255.240.0,6939
42925,31.44.128.0,255.255.240.0,15412
31263,31.44.160.0,255.255.240.0,6939
197868,31.44.184.0,255.255.255.0,8966
3259,31.44.208.0,255.255.240.0,35280
44527,31.44.214.0,255.255.254.0,35280
199433,31.45.241.0,255.255.255.0,6939
38176,31.47.88.0,255.255.248.0,4637
8251,31.47.96.0,255.255.240.0,6939
8427,31.47.112.0,255.255.240.0,15412
34385,31.47.200.0,255.255.248.0,15412
150249,31.56.30.0,255.255.255.0,7713
202662,31.56.31.0,255.255.255.0,9304
207590,31.56.32.0,255.255.255.0,8966
150770,31.56.37.0,255.255.255.0,4637
214138,31.56.45.0,255.255.255.0,4637
395878,31.56.46.0,255.255.255.0,7713
215492,31.56.50.0,255.255.255.0,6939
213795,31.56.60.0,255.255.255.0,8966
142382,31.56.74.0,255.255.255.0,8966
56655,31.56.194.0,255.255.255.0,6939
22427,31.57.14.0,255.255.255.0,8359
153997,31.57.50.0,255.255.255.0,4637
36137,31.57.55.0,255.255.255.0,9304
135542,31.57.65.0,255.255.255.0,55720
133296,31.57.68.0,255.255.255.0,4637
61138,31.57.72.0,255.255.252.0,4637
205733,31.57.134.0,255.255.255.0,8966
29208,31.57.141.0,255.255.255.0,6939
263702,31.57.145.0,255.255.255.0,4637
216145,31.57.167.0,255.255.255.0,703
266400,31.57.174.0,255.255.254.0,8966
133337,31.57.183.0,255.255.255.0,8966
215348,31.57.198.0,255.255.255.0,15412
214159,31.57.204.0,255.255.255.0,15412
26737,31.57.212.0,255.255.254.0,8966
4515,31.57.222.0,255.255.254.0,6939
398465,31.57.226.0,255.255.255.0,9304
56962,31.57.231.0,255.255.255.0,15412
395839,31.57.255.0,255.255.255.0,6939
214481,31.58.51.0,255.255.255.0,4637
20326,31.58.56.0,255.255.255.0,4637
60431,31.58.70.0,255.255.255.0,4637
216129,31.58.85.0,255.255.255.0,8966
216324,31.58.86.0,255.255.255.0,4637
395383,31.58.135.0,255.255.255.0,6939
209768,31.58.161.0,255.255.255.0,6939
213737,31.58.210.0,255.255.255.0,15412
209554,31.58.222.0,255.255.255.0,4637
208972,31.58.234.0,255.255.255.0,8966
204044,31.59.72.0,255.255.252.0,6939
3491,31.59.78.0,255.255.255.0,15412
153100,31.59.96.0,255.255.255.0,7713
213929,31.59.100.0,255.255.255.0,6939
34872,31.59.119.0,255.255.255.0,6939
6698,31.59.128.0,255.255.255.0,6939
5400,31.95.0.0,255.255.248.0,4637
51809,31.98.72.0,255.255.248.0,6939
56515,31.128.0.0,255.255.224.0,15412
215457,31.128.56.0,255.255.252.0,8359
215719,31.128.60.0,255.255.255.0,6939
3326,31.128.68.0,255.255.252.0,6939
51032,31.128.128.0,255.255.224.0,8966
48919,31.128.160.0,255.255.248.0,6939
35614,31.128.170.0,255.255.255.0,8359
44019,31.128.176.0,255.255.252.0,8359
41360,31.128.180.0,255.255.254.0,8359
210541,31.128.242.0,255.255.254.0,4637
41789,31.129.0.0,255.255.255.0,8966
51069,31.129.64.0,255.255.224.0,6939
48347,31.129.122.0,255.255.255.0,41095
51669,31.129.128.0,255.255.252.0,8966
24872,31.129.160.0,255.255.224.0,8359
47286,31.129.192.0,255.255.224.0,8966
50130,31.129.224.0,255.255.252.0,8359
50012,31.129.232.0,255.255.255.0,8359
49583,31.130.32.0,255.255.224.0,8359
15673,31.130.64.0,255.255.224.0,8359
56709,31.130.96.0,255.255.240.0,703
56701,31.130.137.0,255.255.255.0,8359
49107,31.130.156.0,255.255.254.0,8966
39650,31.130.181.0,255.255.255.0,8966
56740,31.130.200.0,255.255.255.0,8359
39507,31.130.216.0,255.255.248.0,703
12700,31.131.32.0,255.255.248.0,4637
41871,31.131.96.0,255.255.255.0,4637
48595,31.131.128.0,255.255.248.0,8359
20670,31.131.168.0,255.255.248.0,6939
15576,31.132.8.0,255.255.252.0,35280
211609,31.132.32.0,255.255.255.0,8359
204326,31.132.40.0,255.255.252.0,6939
210144,31.132.48.0,255.255.252.0,8966
56945,31.132.64.0,255.255.248.0,6939
47438,31.132.96.0,255.255.224.0,8359
51290,31.133.0.0,255.255.248.0,703
30838,31.133.16.0,255.255.252.0,703
204108,31.133.32.0,255.255.252.0,8966
52091,31.133.40.0,255.255.254.0,41095
202279,31.133.48.0,255.255.248.0,8359
39089,31.133.56.0,255.255.248.0,8359
48882,31.133.64.0,255.255.240.0,8966
48641,31.133.96.0,255.255.254.0,6939
61152,31.133.120.0,255.255.248.0,8359
57181,31.133.200.0,255.255.248.0,8966
50245,31.133.208.0,255.255.240.0,8966
47211,31.133.224.0,255.255.224.0,8359
56592,31.134.16.0,255.255.255.0,8966
50467,31.134.48.0,255.255.240.0,15412
56656,31.134.96.0,255.255.248.0,4637
48323,31.134.105.0,255.255.255.0,8359
49561,31.134.112.0,255.255.248.0,8359
56668,31.134.120.0,255.255.248.0,4637
42668,31.134.128.0,255.255.192.0,8359
35539,31.134.192.0,255.255.248.0,8359
56983,31.135.16.0,255.255.240.0,6939
48327,31.135.32.0,255.255.254.0,8359
43865,31.135.64.0,255.255.248.0,41095
57456,31.135.92.0,255.255.254.0,8359
42239,31.135.96.0,255.255.224.0,8359
20539,31.135.128.0,255.255.224.0,8359
57718,31.135.160.0,255.255.254.0,6939
59595,31.135.184.0,255.255.252.0,8966
57789,31.135.192.0,255.255.240.0,6939
44056,31.135.224.0,255.255.240.0,8359
21497,31.144.0.0,255.255.0.0,4637
15924,31.145.0.0,255.255.0.0,35280
50875,31.145.82.0,255.255.255.0,35280
2108,31.147.0.0,255.255.0.0,4637
207676,31.148.0.0,255.255.255.0,41095
44975,31.148.1.0,255.255.255.0,8359
60075,31.148.2.0,255.255.254.0,8966
49551,31.148.8.0,255.255.252.0,8966
204889,31.148.20.0,255.255.255.0,8359
49038,31.148.23.0,255.255.255.0,6939
60165,31.148.120.0,255.255.248.0,15412
61031,31.148.148.0,255.255.255.0,8359
212463,31.148.149.0,255.255.255.0,6939
202353,31.148.168.0,255.255.255.0,8359
62331,31.148.205.0,255.255.255.0,8359
1136,31.149.0.0,255.255.0.0,6939
9145,31.150.0.0,255.255.0.0,6939
6866,31.153.0.0,255.255.0.0,6939
197492,31.169.40.0,255.255.248.0,35280
50304,31.169.48.0,255.255.248.0,6939
15447,31.169.56.0,255.255.254.0,35280
56582,31.169.64.0,255.255.255.0,8966
62095,31.169.73.0,255.255.255.0,8966
62059,31.169.96.0,255.255.248.0,6939
199283,31.169.112.0,255.255.254.0,6939
44212,31.170.0.0,255.255.248.0,6939
197696,31.170.8.0,255.255.248.0,6939
8968,31.170.42.0,255.255.254.0,4637
55154,31.170.55.0,255.255.255.0,4637
201942,31.170.100.0,255.255.252.0,8966
42714,31.170.128.0,255.255.224.0,8359
35236,31.170.176.0,255.255.248.0,6939
206977,31.170.232.0,255.255.255.0,15412
29049,31.171.38.0,255.255.255.0,15412
207456,31.171.132.0,255.255.252.0,6939
197706,31.171.152.0,255.255.255.0,6939
60072,31.171.192.0,255.255.248.0,8359
51469,31.171.216.0,255.255.254.0,8966
41627,31.171.224.0,255.255.240.0,6939
50837,31.171.240.0,255.255.255.0,35280
50629,31.172.0.0,255.255.192.0,6939
44963,31.172.132.0,255.255.255.0,8359
1820,31.172.136.0,255.255.248.0,15412
41540,31.172.143.0,255.255.255.0,15412
8632,31.172.144.0,255.255.248.0,4637
41765,31.172.164.0,255.255.252.0,15412
15967,31.172.168.0,255.255.252.0,4637
31242,31.172.176.0,255.255.240.0,6939
31133,31.173.0.0,255.255.0.0,8966
25159,31.173.0.0,255.255.248.0,8966
29648,31.173.104.0,255.255.255.0,8966
31195,31.173.132.0,255.255.254.0,8966
31163,31.173.192.0,255.255.255.0,8966
50928,31.173.248.0,255.255.248.0,8966
9146,31.176.128.0,255.255.128.0,703
47868,31.177.24.0,255.255.248.0,6939
56910,31.177.56.0,255.255.248.0,6939
48287,31.177.64.0,255.255.252.0,8966
44512,31.177.112.0,255.255.248.0,15412
9141,31.178.0.0,255.255.128.0,15412
201990,31.179.229.0,255.255.255.0,703
16342,31.182.0.0,255.254.0.0,6939
51074,31.184.128.0,255.255.192.0,8966
57292,31.184.130.0,255.255.254.0,8966
48573,31.185.0.0,255.255.248.0,8359
41344,31.185.8.0,255.255.252.0,41095
48544,31.185.16.0,255.255.255.0,6939
211661,31.185.97.0,255.255.255.0,6939
43847,31.185.104.0,255.255.255.0,35280
12764,31.186.48.0,255.255.248.0,8359
57367,31.186.80.0,255.255.248.0,8966
20677,31.186.125.0,255.255.255.0,6939
35467,31.186.160.0,255.255.248.0,6939
29583,31.186.184.0,255.255.255.0,6939
15570,31.186.224.0,255.255.224.0,4637
30282,31.186.224.0,255.255.255.0,4637
393954,31.186.225.0,255.255.255.0,35280
29413,31.187.80.0,255.255.252.0,6939
201602,31.187.104.0,255.255.248.0,8966
51559,31.192.208.0,255.255.255.0,7713
56682,31.192.216.0,255.255.248.0,6939
135330,31.192.233.0,255.255.255.0,6939
61323,31.193.0.0,255.255.240.0,6939
15433,31.193.32.0,255.255.255.0,6939
56675,31.193.40.0,255.255.248.0,6939
47359,31.193.80.0,255.255.248.0,8359
29550,31.193.128.0,255.255.240.0,6939
31708,31.193.168.0,255.255.248.0,35280
48551,31.193.186.0,255.255.255.0,8966
49367,31.193.188.0,255.255.255.0,8966
43811,31.193.192.0,255.255.255.0,6939
197799,31.193.200.0,255.255.248.0,7713
29644,31.193.216.0,255.255.248.0,15412
56711,31.193.248.0,255.255.248.0,7713
12978,31.200.0.0,255.255.128.0,6939
13280,31.200.128.0,255.255.224.0,6939
12418,31.200.192.0,255.255.255.0,8359
196949,31.200.224.0,255.255.240.0,8359
216158,31.200.249.0,255.255.255.0,8966
42961,31.203.0.0,255.255.192.0,8966
50147,31.204.0.0,255.255.255.0,15412
31726,31.204.72.0,255.255.248.0,6939
56665,31.204.88.0,255.255.255.0,4637
51906,31.204.112.0,255.255.240.0,6939
13237,31.204.124.0,255.255.252.0,15412
39578,31.204.160.0,255.255.224.0,8966
8585,31.204.192.0,255.255.192.0,6939
41230,31.205.0.0,255.255.0.0,6939
19127,31.207.56.0,255.255.254.0,6939
44843,31.207.66.0,255.255.254.0,41095
209420,31.207.68.0,255.255.255.0,41095
62082,31.207.78.0,255.255.254.0,8966
45037,31.207.88.0,255.255.255.0,8966
31082,31.207.91.0,255.255.255.0,7713
25394,31.209.112.0,255.255.240.0,6939
43256,31.209.128.0,255.255.255.0,4637
51896,31.209.136.0,255.255.248.0,6939
6663,31.209.160.0,255.255.240.0,15412
56737,31.209.184.0,255.255.248.0,6939
6677,31.209.192.0,255.255.192.0,6939
14178,31.210.20.0,255.255.255.0,6939
60798,31.210.21.0,255.255.255.0,6939
42910,31.210.32.0,255.255.255.0,8966
60446,31.210.37.0,255.255.255.0,8966
51540,31.210.44.0,255.255.255.0,8966
42216,31.210.47.0,255.255.255.0,8966
42926,31.210.64.0,255.255.252.0,4637
39537,31.210.128.0,255.255.248.0,6939
43885,31.210.144.0,255.255.252.0,8966
16205,31.210.160.0,255.255.248.0,7713
25455,31.210.169.0,255.255.255.0,703
39318,31.210.174.0,255.255.254.0,41095
35706,31.210.248.0,255.255.248.0,6939
56707,31.211.44.0,255.255.252.0,8359
56745,31.211.160.0,255.255.248.0,4637
33885,31.211.192.0,255.255.192.0,7713
41421,31.214.137.0,255.255.255.0,6939
58329,31.214.157.0,255.255.255.0,703
57910,31.214.176.0,255.255.240.0,4637
34309,31.214.212.0,255.255.252.0,6939
57356,31.216.0.0,255.255.240.0,6939
48461,31.216.40.0,255.255.248.0,15412
213241,31.216.58.0,255.255.255.0,35280
210879,31.216.61.0,255.255.255.0,8966
15805,31.216.64.0,255.255.192.0,6939
28769,31.216.161.0,255.255.255.0,15412
21107,31.216.184.0,255.255.248.0,15412
5391,31.216.192.0,255.255.224.0,6939
50904,31.216.224.0,255.255.248.0,6939
16171,31.216.232.0,255.255.248.0,6939
29177,31.216.240.0,255.255.240.0,6939
58003,31.217.192.0,255.255.248.0,6939
31121,31.217.200.0,255.255.248.0,6939
20900,31.217.232.0,255.255.248.0,6939
49567,31.217.240.0,255.255.248.0,6939
7578,31.217.251.0,255.255.255.0,15412
31317,31.220.112.0,255.255.248.0,6939
15817,31.220.120.0,255.255.248.0,6939
31078,31.220.136.0,255.255.248.0,4637
198913,31.220.147.0,255.255.255.0,6939
59675,31.220.150.0,255.255.255.0,6939
29072,31.220.160.0,255.255.224.0,15412
15704,31.221.128.0,255.255.224.0,6939
57665,31.222.16.0,255.255.248.0,6939
12678,31.222.64.0,255.255.252.0,7713
197816,31.222.192.0,255.255.248.0,8966
206446,31.222.204.0,255.255.255.0,8966
48108,31.222.227.0,255.255.255.0,41095
12735,31.223.0.0,255.255.255.0,8966
25144,31.223.128.0,255.255.224.0,6939
28878,31.223.160.0,255.255.240.0,15412
49685,31.223.175.0,255.255.255.0,15412
212330,31.223.185.0,255.255.255.0,703
208365,31.223.186.0,255.255.255.0,15412
59877,31.223.190.0,255.255.255.0,6939
47116,31.223.232.0,255.255.248.0,6939
47902,31.223.240.0,255.255.240.0,703
2688,32.31.0.0,255.255.0.0,8966
134536,32.39.68.0,255.255.255.0,4637
14904,32.97.136.0,255.255.255.0,703
19527,34.0.0.0,255.254.0.0,4637
139070,34.64.0.0,255.255.0.0,8966
139190,34.101.0.0,255.255.0.0,8966
36375,35.0.0.0,255.255.0.0,8966
231,35.8.0.0,255.248.0.0,8966
237,35.16.0.0,255.255.0.0,8966
19009,35.128.4.0,255.255.255.0,6939
11096,35.128.192.0,255.255.255.0,8966
22677,35.130.32.0,255.255.255.0,8966
33588,35.131.32.0,255.255.224.0,8966
396299,35.131.124.0,255.255.255.0,4637
45170,36.0.4.0,255.255.252.0,4637
2527,36.2.0.0,255.255.224.0,4637
58461,36.20.119.0,255.255.255.0,8966
140726,36.32.0.0,255.255.240.0,4637
4800,36.37.64.0,255.255.255.0,7713
38623,36.37.128.0,255.255.128.0,9304
142539,36.50.6.0,255.255.255.0,4637
137967,36.50.11.0,255.255.255.0,8966
38203,36.50.18.0,255.255.255.0,8966
150895,36.50.26.0,255.255.255.0,4637
134564,36.50.30.0,255.255.255.0,4637
152013,36.50.43.0,255.255.255.0,7713
138077,36.50.46.0,255.255.255.0,9304
55888,36.50.48.0,255.255.255.0,9304
152029,36.50.56.0,255.255.254.0,41095
152107,36.50.58.0,255.255.255.0,9304
131471,36.50.72.0,255.255.255.0,8966
138115,36.50.77.0,255.255.255.0,41095
151734,36.50.82.0,255.255.255.0,4637
3258,36.50.84.0,255.255.254.0,6939
58495,36.50.86.0,255.255.254.0,7713
141642,36.50.92.0,255.255.255.0,7713
152356,36.50.96.0,255.255.255.0,4637
56264,36.50.102.0,255.255.255.0,8966
152172,36.50.110.0,255.255.254.0,17639
63859,36.50.112.0,255.255.255.0,7713
149240,36.50.118.0,255.255.255.0,35280
137453,36.50.146.0,255.255.255.0,8966
152183,36.50.147.0,255.255.255.0,4637
152078,36.50.154.0,255.255.254.0,7713
151157,36.50.166.0,255.255.255.0,4637
141746,36.50.196.0,255.255.255.0,15412
149584,36.50.197.0,255.255.255.0,35280
58689,36.50.199.0,255.255.255.0,15412
147159,36.50.205.0,255.255.255.0,7713
152080,36.50.224.0,255.255.254.0,7713
150766,36.50.228.0,255.255.255.0,8359
136749,36.50.230.0,255.255.254.0,6939
140934,36.50.240.0,255.255.255.0,8966
205329,36.50.249.64,255.255.255.255,8966
138829,36.50.253.0,255.255.255.0,7713
55355,36.51.255.0,255.255.255.0,9304
140061,36.100.0.0,255.255.128.0,8966
134761,36.103.128.0,255.255.224.0,8966
17638,36.106.0.0,255.255.128.0,8966
141679,36.110.213.0,255.255.255.0,8966
4812,36.111.0.0,255.255.240.0,9304
38283,36.111.64.0,255.255.255.0,8966
134756,36.111.72.0,255.255.255.0,8966
9808,36.128.0.0,255.192.0.0,8966
56044,36.128.0.0,255.255.0.0,8966
132525,36.132.128.0,255.255.128.0,8966
56047,36.133.12.0,255.255.252.0,8966
56041,36.134.0.0,255.255.248.0,8966
38019,36.134.64.0,255.255.255.0,8966
134810,36.134.66.0,255.255.254.0,8966
24547,36.134.82.0,255.255.254.0,8966
56046,36.134.96.0,255.255.252.0,8966
56040,36.138.120.0,255.255.255.0,8966
141425,36.139.219.0,255.255.255.0,8966
139080,36.140.13.0,255.255.255.0,8966
24444,36.140.254.0,255.255.255.0,8966
24138,36.192.0.0,255.255.248.0,8966
38565,36.252.0.0,255.254.0.0,15412
18229,36.255.3.0,255.255.255.0,35280
134067,36.255.48.0,255.255.252.0,4637
135607,36.255.60.0,255.255.255.0,4637
137654,36.255.66.0,255.255.255.0,35280
58923,36.255.68.0,255.255.252.0,35280
24432,36.255.80.0,255.255.252.0,8966
132559,36.255.84.0,255.255.255.0,35280
58895,36.255.100.0,255.255.255.0,8966
24554,36.255.108.0,255.255.252.0,35280
38566,36.255.144.0,255.255.252.0,4637
135718,36.255.157.0,255.255.255.0,4637
55352,36.255.180.0,255.255.252.0,35280
62651,36.255.204.0,255.255.255.0,8966
24295,36.255.216.0,255.255.252.0,4637
134053,36.255.232.0,255.255.252.0,15412
208348,36.255.240.0,255.255.254.0,703
134293,36.255.242.0,255.255.255.0,4637
134672,36.255.244.0,255.255.255.0,24482
135133,36.255.252.0,255.255.255.0,4637
206804,37.0.12.0,255.255.255.0,24482
50794,37.0.24.0,255.255.248.0,8359
28685,37.0.80.0,255.255.240.0,6939
34456,37.1.0.0,255.255.192.0,6939
50763,37.1.88.0,255.255.248.0,4637
35826,37.1.96.0,255.255.248.0,15412
49250,37.1.104.0,255.255.248.0,6939
50941,37.1.145.0,255.255.255.0,4637
48072,37.1.240.0,255.255.240.0,6939
25472,37.6.0.0,255.255.0.0,6939
31477,37.9.160.0,255.255.248.0,6939
51013,37.9.168.0,255.255.248.0,6939
25424,37.9.192.0,255.255.248.0,6939
57626,37.9.216.0,255.255.248.0,6939
12843,37.16.64.0,255.255.248.0,6939
201119,37.16.90.0,255.255.255.0,41095
51691,37.16.96.0,255.255.240.0,6939
42772,37.17.0.0,255.255.128.0,8359
61998,37.17.170.0,255.255.255.0,6939
58272,37.18.0.0,255.255.255.0,49544
60598,37.18.1.0,255.255.255.0,8359
198011,37.18.4.0,255.255.252.0,6939
204720,37.18.14.0,255.255.255.0,8359
48188,37.18.40.0,255.255.255.0,8359
48585,37.18.56.0,255.255.254.0,6939
203622,37.18.58.0,255.255.255.0,703
204496,37.18.59.0,255.255.255.0,8359
206260,37.18.64.0,255.255.248.0,6939
200976,37.18.127.0,255.255.255.0,8359
203712,37.18.132.0,255.255.255.0,8966
48176,37.18.152.0,255.255.248.0,8359
5603,37.18.224.0,255.255.240.0,6939
198354,37.19.0.0,255.255.248.0,8359
34267,37.19.32.0,255.255.240.0,15412
44143,37.19.104.0,255.255.248.0,8966
8309,37.19.128.0,255.255.192.0,8966
60068,37.19.194.0,255.255.255.0,8966
211612,37.19.204.0,255.255.255.0,8966
48101,37.25.44.0,255.255.255.0,6939
57642,37.25.56.0,255.255.248.0,15412
6821,37.25.80.0,255.255.248.0,8966
13122,37.25.88.0,255.255.248.0,15412
201917,37.25.148.0,255.255.255.0,15412
198279,37.26.80.0,255.255.248.0,703
206666,37.26.96.0,255.255.255.0,8966
209613,37.26.102.0,255.255.255.0,8966
34337,37.26.192.0,255.255.254.0,6939
28748,37.26.200.0,255.255.248.0,6939
57660,37.26.208.0,255.255.240.0,6939
31208,37.28.184.0,255.255.255.0,8966
12912,37.30.0.0,255.254.0.0,6939
202468,37.32.0.0,255.255.255.0,8359
208006,37.32.3.0,255.255.255.0,8966
47376,37.32.44.0,255.255.255.0,8966
35132,37.32.48.0,255.255.248.0,6939
57675,37.32.64.0,255.255.255.0,15412
13099,37.32.75.0,255.255.255.0,703
200154,37.32.77.0,255.255.255.0,15412
202636,37.32.96.0,255.255.254.0,8966
8749,37.32.101.0,255.255.255.0,8966
5408,37.32.128.0,255.255.128.0,4637
16086,37.33.0.0,255.255.0.0,7713
198399,37.34.72.0,255.255.254.0,8966
43925,37.34.96.0,255.255.252.0,6939
29104,37.35.0.0,255.255.248.0,6939
39194,37.35.16.0,255.255.240.0,15412
33983,37.35.64.0,255.255.248.0,703
49974,37.35.96.0,255.255.252.0,15412
25291,37.44.0.0,255.255.248.0,15412
6697,37.44.64.0,255.255.192.0,8359
13189,37.44.204.0,255.255.252.0,6939
42306,37.44.208.0,255.255.252.0,6939
49434,37.44.236.0,255.255.255.0,703
209749,37.46.12.0,255.255.255.0,6939
48956,37.46.13.0,255.255.255.0,6939
43370,37.46.48.0,255.255.252.0,41095
24739,37.46.52.0,255.255.252.0,15412
15699,37.46.72.0,255.255.248.0,35280
29134,37.46.80.0,255.255.248.0,6939
56568,37.46.96.0,255.255.252.0,41095
6206,37.46.192.0,255.255.252.0,8966
39326,37.46.200.0,255.255.248.0,6939
13188,37.46.224.0,255.255.255.0,8359
206347,37.48.225.0,255.255.255.0,15412
35549,37.48.232.0,255.255.248.0,6939
21127,37.49.192.0,255.255.224.0,15412
3920,37.49.224.0,255.255.255.0,6939
57734,37.49.234.0,255.255.255.0,6939
50572,37.49.240.0,255.255.240.0,6939
6849,37.52.0.0,255.255.248.0,8359
48737,37.58.17.0,255.255.255.0,8966
198570,37.60.0.0,255.255.248.0,6939
198594,37.60.24.0,255.255.248.0,6939
49158,37.60.64.0,255.255.192.0,6939
29608,37.60.152.0,255.255.248.0,6939
201080,37.60.155.0,255.255.255.0,35280
29513,37.60.184.0,255.255.248.0,6939
1126,37.60.192.0,255.255.248.0,8966
28787,37.61.0.0,255.255.128.0,15412
51813,37.61.182.0,255.255.255.0,15412
57913,37.61.228.0,255.255.255.0,6939
41000,37.61.232.0,255.255.248.0,15412
210123,37.61.248.0,255.255.248.0,6939
15557,37.64.0.0,255.248.0.0,15412
198434,37.72.32.0,255.255.248.0,4637
24945,37.72.40.0,255.255.248.0,8359
61029,37.72.96.0,255.255.255.0,6939
38987,37.72.120.0,255.255.248.0,6939
56485,37.72.129.0,255.255.255.0,8359
60098,37.72.176.0,255.255.255.0,8359
34058,37.73.0.0,255.255.0.0,6939
34139,37.75.0.0,255.255.248.0,8966
201178,37.75.8.0,255.255.255.0,8966
33874,37.75.32.0,255.255.224.0,6939
13056,37.76.160.0,255.255.224.0,15412
39582,37.77.1.0,255.255.255.0,8966
44530,37.77.32.0,255.255.240.0,703
31122,37.77.58.0,255.255.254.0,6939
47586,37.77.108.0,255.255.252.0,8359
212417,37.77.136.0,255.255.248.0,703
48199,37.77.148.0,255.255.255.0,41095
43281,37.77.168.0,255.255.255.0,8966
28929,37.77.208.0,255.255.240.0,6939
8399,37.97.64.0,255.255.224.0,4637
8851,37.98.144.0,255.255.248.0,6939
24722,37.98.152.0,255.255.248.0,8359
47241,37.98.160.0,255.255.224.0,15412
57794,37.98.192.0,255.255.248.0,6939
50597,37.98.224.0,255.255.248.0,15412
16839,37.98.233.0,255.255.255.0,4637
47794,37.99.128.0,255.255.192.0,8966
48695,37.99.150.0,255.255.255.0,8966
198477,37.99.192.0,255.255.248.0,6939
48500,37.99.224.0,255.255.240.0,6939
45015,37.99.248.0,255.255.248.0,39120
41872,37.110.200.0,255.255.248.0,35280
48475,37.110.224.0,255.255.240.0,8966
50538,37.110.240.0,255.255.248.0,8359
198781,37.110.248.0,255.255.248.0,6939
133385,37.111.0.0,255.255.248.0,4637
24499,37.111.128.0,255.255.255.0,8966
24389,37.111.192.0,255.255.255.0,8966
21176,37.114.8.0,255.255.248.0,15412
200482,37.114.35.0,255.255.255.0,703
20521,37.114.72.0,255.255.248.0,7713
60662,37.122.144.0,255.255.252.0,6939
47962,37.122.152.0,255.255.252.0,8966
25540,37.122.200.0,255.255.248.0,6939
35579,37.122.220.0,255.255.252.0,6939
51945,37.122.248.0,255.255.248.0,15412
48832,37.123.85.0,255.255.255.0,8966
35378,37.123.200.0,255.255.248.0,6939
215300,37.123.211.0,255.255.255.0,6939
50289,37.123.216.0,255.255.248.0,8359
8865,37.128.152.0,255.255.248.0,4637
198479,37.128.168.0,255.255.255.0,35280
15874,37.130.0.0,255.255.192.0,6939
50411,37.130.8.0,255.255.252.0,703
34296,37.130.64.0,255.255.255.0,4637
199478,37.130.144.0,255.255.255.0,8966
34545,37.130.192.0,255.255.255.0,8359
205330,37.130.216.0,255.255.248.0,6939
202020,37.130.232.0,255.255.248.0,15412
47474,37.130.248.0,255.255.248.0,6939
51375,37.131.0.0,255.255.128.0,8966
35745,37.131.160.0,255.255.240.0,4637
60522,37.131.179.0,255.255.255.0,15412
25375,37.131.184.0,255.255.248.0,6939
44327,37.131.224.0,255.255.248.0,35280
61157,37.131.232.0,255.255.248.0,6939
15743,37.131.240.0,255.255.248.0,6939
200000,37.139.64.0,255.255.248.0,8359
50153,37.139.72.0,255.255.255.0,703
35026,37.139.80.0,255.255.254.0,41095
198675,37.139.87.0,255.255.255.0,41095
12850,37.139.88.0,255.255.248.0,8966
57961,37.139.112.0,255.255.252.0,4637
8739,37.139.131.0,255.255.255.0,9304
41095,37.139.133.0,255.255.255.0,41095
57866,37.139.136.0,255.255.248.0,15412
42739,37.139.144.0,255.255.255.0,4637
25133,37.139.160.0,255.255.224.0,4637
3169,37.140.217.0,255.255.255.0,6939
44407,37.140.224.0,255.255.248.0,6939
202958,37.140.243.0,255.255.255.0,8966
34373,37.143.36.0,255.255.254.0,6939
20546,37.143.40.0,255.255.255.0,6939
29492,37.143.48.0,255.255.252.0,6939
198507,37.143.52.0,255.255.252.0,15412
199235,37.143.72.0,255.255.252.0,6939
196777,37.143.132.0,255.255.252.0,8359
51793,37.143.160.0,255.255.254.0,15412
34714,37.143.168.0,255.255.255.0,703
29056,37.143.176.0,255.255.240.0,703
43205,37.143.192.0,255.255.192.0,6939
31549,37.148.0.0,255.255.192.0,8966
205647,37.148.0.0,255.255.248.0,8966
20910,37.148.168.0,255.255.248.0,6939
58269,37.148.174.0,255.255.255.0,8359
61044,37.148.192.0,255.255.248.0,6939
34619,37.148.208.0,255.255.255.0,8966
39180,37.148.240.0,255.255.248.0,8966
57907,37.152.48.0,255.255.248.0,6939
211589,37.152.71.0,255.255.255.0,6939
196750,37.153.0.0,255.255.192.0,41095
41655,37.153.80.0,255.255.248.0,6939
26464,37.153.110.0,255.255.255.0,4637
39737,37.153.136.0,255.255.255.0,6939
39409,37.153.156.0,255.255.255.0,49544
216262,37.156.5.0,255.255.255.0,41095
203346,37.156.64.0,255.255.255.0,4637
200651,37.156.68.0,255.255.255.0,6939
8751,37.156.71.0,255.255.255.0,703
206206,37.156.104.0,255.255.255.0,8966
1653,37.156.192.0,255.255.240.0,8966
62282,37.156.216.0,255.255.248.0,8966
8953,37.156.224.0,255.255.255.0,6939
41496,37.156.227.0,255.255.255.0,703
198622,37.157.0.0,255.255.248.0,6939
6863,37.157.16.0,255.255.248.0,15412
31472,37.157.48.0,255.255.248.0,6939
3249,37.157.64.0,255.255.192.0,15412
57943,37.157.128.0,255.255.248.0,15412
8866,37.157.136.0,255.255.248.0,703
6661,37.157.152.0,255.255.248.0,6939
43561,37.157.191.0,255.255.255.0,703
42845,37.157.224.0,255.255.248.0,6939
29447,37.160.0.0,255.252.0.0,15412
39912,37.186.0.0,255.255.252.0,15412
8540,37.186.5.0,255.255.255.0,6939
48728,37.186.32.0,255.255.255.0,8966
50889,37.186.111.0,255.255.255.0,49544
20811,37.186.128.0,255.255.192.0,6939
25513,37.190.0.0,255.255.128.0,8359
57681,37.190.60.0,255.255.255.0,8359
48309,37.191.64.0,255.255.252.0,8966
42973,37.191.96.0,255.255.248.0,4637
202193,37.200.80.0,255.255.252.0,6939
24958,37.200.112.0,255.255.248.0,15412
24663,37.200.120.0,255.255.248.0,8359
6672,37.202.8.0,255.255.248.0,41095
47531,37.202.8.0,255.255.252.0,8966
62167,37.202.25.0,255.255.255.0,15412
6823,37.202.48.0,255.255.248.0,8966
8376,37.202.64.0,255.255.192.0,8966
214693,37.202.197.0,255.255.255.0,4637
213791,37.202.205.0,255.255.255.0,8966
272605,37.202.208.0,255.255.255.0,8966
267507,37.202.218.0,255.255.255.0,4637
12993,37.203.32.0,255.255.248.0,8966
44332,37.203.40.0,255.255.248.0,15412
206663,37.203.54.0,255.255.255.0,6939
39637,37.203.56.0,255.255.248.0,6939
50295,37.203.216.0,255.255.248.0,6939
44964,37.203.240.0,255.255.248.0,41095
21040,37.203.248.0,255.255.248.0,15412
41811,37.205.56.0,255.255.248.0,6939
201749,37.205.112.0,255.255.255.0,703
58002,37.208.64.0,255.255.240.0,41095
41822,37.208.100.0,255.255.254.0,8359
58010,37.208.104.0,255.255.248.0,6939
29084,37.209.168.0,255.255.248.0,703
12008,37.209.192.0,255.255.255.0,4637
31463,37.209.208.0,255.255.240.0,15412
16285,37.209.224.0,255.255.255.0,15412
9051,37.209.248.0,255.255.248.0,4637
42298,37.211.16.0,255.255.240.0,4637
43356,37.218.196.0,255.255.255.0,6939
47172,37.218.240.0,255.255.255.0,6939
47264,37.220.104.0,255.255.248.0,15412
50261,37.220.128.0,255.255.240.0,6939
13127,37.220.148.0,255.255.255.0,6939
196742,37.220.152.0,255.255.248.0,15412
34879,37.220.160.0,255.255.255.0,8359
201730,37.221.88.0,255.255.252.0,6939
200873,37.221.99.0,255.255.255.0,6939
198537,37.221.100.0,255.255.252.0,6939
12129,37.221.109.0,255.255.255.0,8966
33185,37.221.110.0,255.255.255.0,6939
51514,37.221.216.0,255.255.248.0,6939
198965,37.221.224.0,255.255.248.0,7713
39386,37.224.192.0,255.255.255.0,15412
35104,37.228.64.0,255.255.255.0,41095
34352,37.228.80.0,255.255.255.0,8359
39832,37.228.104.0,255.255.248.0,7713
50873,37.228.130.0,255.255.255.0,15412
204035,37.228.132.0,255.255.255.0,8359
209400,37.228.140.0,255.255.252.0,6939
270052,37.230.56.0,255.255.252.0,8966
203600,37.230.86.0,255.255.255.0,8966
201205,37.230.120.0,255.255.248.0,35280
210226,37.230.128.0,255.255.254.0,6939
200197,37.230.131.0,255.255.255.0,6939
197309,37.230.137.0,255.255.255.0,8359
212027,37.230.138.0,255.255.255.0,4637
48614,37.230.141.0,255.255.255.0,8359
48219,37.230.143.0,255.255.255.0,8359
197535,37.230.146.0,255.255.255.0,8966
60062,37.230.160.0,255.255.255.0,41095
42521,37.230.201.0,255.255.255.0,8359
48558,37.230.206.0,255.255.254.0,8966
201825,37.230.237.0,255.255.255.0,15412
56627,37.230.249.0,255.255.255.0,41095
47589,37.231.0.0,255.255.128.0,4637
31252,37.233.0.0,255.255.192.0,15412
35810,37.233.116.0,255.255.255.0,8966
20771,37.233.128.0,255.255.128.0,15412
50613,37.235.49.0,255.255.255.0,6939
28099,37.235.52.0,255.255.255.0,8966
58075,37.235.80.0,255.255.248.0,6939
35625,37.235.88.0,255.255.248.0,6939
39392,37.235.96.0,255.255.240.0,6939
35332,37.235.112.0,255.255.248.0,15412
41268,37.235.128.0,255.255.128.0,8359
203214,37.236.0.0,255.255.0.0,15412
25459,37.247.32.0,255.255.240.0,6939
34971,37.247.48.0,255.255.248.0,6939
34358,37.251.128.0,255.255.224.0,8966
29205,37.251.192.0,255.255.248.0,35280
59627,37.252.2.0,255.255.255.0,8966
34702,37.252.4.0,255.255.254.0,8359
58095,37.252.16.0,255.255.255.0,8359
196752,37.252.120.0,255.255.248.0,6939
48885,37.252.128.0,255.255.224.0,41095
29990,37.252.160.0,255.255.254.0,4637
44133,37.252.184.0,255.255.248.0,6939
44654,37.252.210.0,255.255.255.0,15412
393442,38.2.32.0,255.255.240.0,8966
7250,38.2.112.0,255.255.240.0,15412
32473,38.2.156.0,255.255.252.0,703
21559,38.2.160.0,255.255.224.0,6939
26831,38.2.224.0,255.255.255.0,6939
16604,38.2.232.0,255.255.255.0,8966
20135,38.3.16.0,255.255.240.0,8966
398721,38.3.64.0,255.255.240.0,6939
274614,38.3.132.0,255.255.254.0,8966
52419,38.3.152.0,255.255.248.0,4637
138064,38.3.160.0,255.255.255.0,7713
273595,38.3.164.0,255.255.252.0,6939
61734,38.3.178.0,255.255.255.0,8966
265302,38.3.179.0,255.255.255.0,8966
140121,38.3.185.0,255.255.255.0,35280
264255,38.3.208.0,255.255.252.0,8966
270984,38.3.212.0,255.255.252.0,8966
203217,38.3.232.0,255.255.254.0,8966
398993,38.6.0.0,255.255.192.0,8966
398823,38.6.64.0,255.255.192.0,8966
271899,38.7.0.0,255.255.248.0,6939
28398,38.7.16.0,255.255.248.0,4637
263725,38.7.24.0,255.255.255.0,6939
265867,38.7.102.0,255.255.254.0,15412
272962,38.7.106.0,255.255.255.0,703
272112,38.7.137.0,255.255.255.0,6939
205423,38.7.148.0,255.255.252.0,15412
399898,38.7.152.0,255.255.252.0,8966
207136,38.7.158.0,255.255.254.0,4637
268205,38.7.224.0,255.255.224.0,8966
56087,38.9.0.0,255.255.254.0,4637
264397,38.9.4.0,255.255.252.0,4637
265721,38.9.16.0,255.255.255.0,6939
267749,38.9.38.0,255.255.255.0,15412
17426,38.9.60.0,255.255.255.0,35280
266475,38.9.112.0,255.255.255.0,4637
210838,38.9.120.0,255.255.255.0,15412
23679,38.9.128.0,255.255.254.0,7713
272836,38.9.192.0,255.255.240.0,8966
271188,38.9.215.0,255.255.255.0,4637
271957,38.9.216.0,255.255.248.0,4637
135814,38.10.1.0,255.255.255.0,35280
267034,38.10.83.0,255.255.255.0,8966
136244,38.10.88.0,255.255.254.0,17639
267521,38.10.96.0,255.255.252.0,4637
270375,38.10.100.0,255.255.254.0,4637
264962,38.10.103.0,255.255.255.0,4637
263189,38.10.104.0,255.255.252.0,4637
263684,38.10.112.0,255.255.252.0,4637
263689,38.10.132.0,255.255.252.0,703
272447,38.10.152.0,255.255.254.0,8966
269931,38.10.247.0,255.255.255.0,6939
269730,38.10.248.0,255.255.254.0,8966
139923,38.12.34.0,255.255.255.0,8966
151630,38.12.248.0,255.255.255.0,9304
27611,38.13.40.0,255.255.248.0,6939
25668,38.13.64.0,255.255.224.0,6939
17223,38.15.184.0,255.255.255.0,15412
29863,38.15.188.0,255.255.255.0,15412
272122,38.17.128.0,255.255.128.0,6939
27924,38.18.32.0,255.255.224.0,703
32277,38.18.96.0,255.255.224.0,15412
40281,38.18.136.0,255.255.248.0,15412
141167,38.18.224.0,255.255.252.0,9304
28458,38.19.39.0,255.255.255.0,6939
270075,38.19.40.0,255.255.252.0,8966
272273,38.19.52.0,255.255.255.0,8966
22724,38.19.64.0,255.255.240.0,8966
263693,38.19.90.0,255.255.255.0,6939
269898,38.19.100.0,255.255.255.0,24482
31942,38.19.189.0,255.255.255.0,8359
9186,38.19.200.0,255.255.252.0,15412
265688,38.19.212.0,255.255.254.0,4637
52800,38.19.218.0,255.255.254.0,4637
273133,38.19.228.0,255.255.252.0,24482
264509,38.19.232.0,255.255.254.0,8966
150555,38.19.236.0,255.255.255.0,7713
28546,38.19.240.0,255.255.255.0,4637
265561,38.19.252.0,255.255.255.0,4637
52875,38.20.8.0,255.255.252.0,4637
26110,38.20.134.0,255.255.255.0,6939
138296,38.20.140.0,255.255.252.0,35280
63131,38.20.160.0,255.255.240.0,6939
134497,38.20.178.0,255.255.255.0,9304
397545,38.20.192.0,255.255.248.0,6939
399337,38.20.224.0,255.255.252.0,6939
40545,38.21.40.0,255.255.248.0,6939
13692,38.21.56.0,255.255.248.0,8966
136336,38.21.68.0,255.255.255.0,15412
262231,38.21.80.0,255.255.240.0,4637
55140,38.21.144.0,255.255.240.0,8966
11550,38.22.128.0,255.255.240.0,6939
28439,38.22.164.0,255.255.252.0,703
265605,38.22.169.0,255.255.255.0,7713
21554,38.23.32.0,255.255.224.0,8966
265691,38.25.0.0,255.255.128.0,4637
61461,38.25.128.0,255.255.128.0,6939
53338,38.26.16.0,255.255.240.0,6939
29571,38.26.128.0,255.255.128.0,15412
23114,38.27.96.0,255.255.248.0,6939
14277,38.27.112.0,255.255.252.0,6939
11686,38.29.170.0,255.255.255.0,8359
2637,38.29.188.0,255.255.255.0,15412
400194,38.30.160.0,255.255.224.0,6939
216138,38.30.192.0,255.255.240.0,41095
23532,38.30.253.0,255.255.255.0,9304
46957,38.34.192.0,255.255.224.0,15412
30444,38.34.224.0,255.255.224.0,15412
33164,38.35.32.0,255.255.224.0,4637
265509,38.35.128.0,255.255.248.0,703
394432,38.38.192.0,255.255.192.0,55720
139659,38.38.250.0,255.255.254.0,35280
203223,38.39.128.0,255.255.248.0,6939
40029,38.39.160.0,255.255.240.0,8966
269832,38.41.0.0,255.255.224.0,6939
26223,38.41.64.0,255.255.255.0,8966
53256,38.41.96.0,255.255.240.0,6939
6405,38.41.112.0,255.255.252.0,15412
13415,38.41.124.0,255.255.252.0,6939
3132,38.41.186.0,255.255.255.0,24482
271907,38.41.188.0,255.255.255.0,8966
266044,38.41.196.0,255.255.252.0,8966
203667,38.41.200.0,255.255.248.0,6939
264764,38.41.224.0,255.255.224.0,6939
133360,38.43.64.0,255.255.254.0,7713
327786,38.43.72.0,255.255.252.0,8966
268952,38.43.76.0,255.255.255.0,4637
269656,38.43.90.0,255.255.254.0,4637
399804,38.43.93.0,255.255.255.0,35280
269501,38.43.100.0,255.255.252.0,4637
61884,38.43.104.0,255.255.252.0,4637
33139,38.43.112.0,255.255.248.0,703
272935,38.43.122.0,255.255.255.0,6939
46632,38.44.0.0,255.255.248.0,6939
272083,38.44.16.0,255.255.255.0,703
267845,38.44.32.0,255.255.255.0,6939
37517,38.44.64.0,255.255.240.0,8966
64134,38.44.240.0,255.255.255.0,703
142393,38.44.248.0,255.255.255.0,7713
393632,38.45.19.0,255.255.255.0,6939
13319,38.45.20.0,255.255.252.0,6939
35592,38.45.80.0,255.255.252.0,6939
19969,38.45.98.0,255.255.255.0,6939
137182,38.45.112.0,255.255.252.0,4637
46414,38.46.32.0,255.255.254.0,4637
393670,38.46.52.0,255.255.254.0,6939
398704,38.46.72.0,255.255.248.0,9304
14103,38.46.88.0,255.255.248.0,6939
394140,38.46.136.0,255.255.252.0,15412
398991,38.46.142.0,255.255.254.0,8966
138456,38.46.158.0,255.255.254.0,6939
142307,38.46.232.0,255.255.255.0,7713
38235,38.47.32.0,255.255.248.0,9304
133524,38.47.40.0,255.255.248.0,4637
136491,38.47.51.0,255.255.255.0,9304
149042,38.47.52.0,255.255.254.0,8966
9381,38.47.61.0,255.255.255.0,24482
140570,38.47.62.0,255.255.255.0,9304
932,38.47.96.0,255.255.224.0,4637
147019,38.47.128.0,255.255.255.0,7713
140443,38.47.176.0,255.255.255.0,4637
140227,38.47.192.0,255.255.255.0,9304
26133,38.49.224.0,255.255.224.0,8966
13576,38.50.52.0,255.255.252.0,8359
263262,38.50.56.0,255.255.252.0,8966
264758,38.50.60.0,255.255.255.0,4637
14979,38.50.64.0,255.255.248.0,6939
263834,38.50.96.0,255.255.224.0,4637
266539,38.50.128.0,255.255.224.0,6939
264685,38.51.22.0,255.255.255.0,6939
52322,38.51.26.0,255.255.255.0,4637
271942,38.51.52.0,255.255.255.0,6939
27813,38.51.64.0,255.255.240.0,703
272102,38.51.120.0,255.255.255.0,8966
58952,38.51.128.0,255.255.252.0,9304
272111,38.51.132.0,255.255.255.0,4637
264111,38.51.152.0,255.255.255.0,8966
263686,38.51.228.0,255.255.252.0,6939
267708,38.51.232.0,255.255.252.0,4637
28032,38.51.248.0,255.255.252.0,8966
33152,38.52.0.0,255.255.192.0,8966
12150,38.52.64.0,255.255.224.0,4637
11172,38.52.116.0,255.255.254.0,15412
135300,38.52.120.0,255.255.248.0,8966
61512,38.52.132.0,255.255.252.0,8966
61622,38.52.149.0,255.255.255.0,8966
272851,38.52.152.0,255.255.248.0,4637
12684,38.52.172.0,255.255.252.0,8966
273026,38.52.182.0,255.255.254.0,703
11432,38.52.204.0,255.255.255.0,4637
61598,38.52.206.0,255.255.255.0,8966
52468,38.52.211.0,255.255.255.0,8966
63139,38.54.46.0,255.255.255.0,8966
14430,38.55.80.0,255.255.255.0,6939
1054,38.55.108.0,255.255.255.0,4637
61817,38.56.0.0,255.255.240.0,4637
52945,38.56.16.0,255.255.252.0,8966
272276,38.56.22.0,255.255.255.0,4637
210129,38.56.32.0,255.255.224.0,8966
266734,38.56.76.0,255.255.252.0,703
272873,38.56.83.0,255.255.255.0,4637
64116,38.56.96.0,255.255.255.0,6939
272848,38.56.97.0,255.255.255.0,8966
273950,38.56.98.0,255.255.255.0,703
271803,38.56.103.0,255.255.255.0,4637
272806,38.56.108.0,255.255.255.0,4637
64146,38.56.120.0,255.255.255.0,6939
61765,38.56.196.0,255.255.255.0,4637
61770,38.56.240.0,255.255.252.0,4637
28451,38.56.248.0,255.255.255.0,15412
13631,38.57.54.0,255.255.255.0,8966
53764,38.57.96.0,255.255.255.0,6939
34756,38.57.106.0,255.255.255.0,6939
1031,38.57.115.0,255.255.255.0,6939
14016,38.57.187.0,255.255.255.0,6939
46783,38.57.234.0,255.255.255.0,15412
263167,38.58.32.0,255.255.255.0,703
212087,38.58.40.0,255.255.255.0,8966
132139,38.58.109.0,255.255.255.0,8966
270126,38.58.144.0,255.255.254.0,15412
33037,38.58.196.0,255.255.255.0,6939
4226,38.59.192.0,255.255.254.0,6939
397162,38.59.222.0,255.255.255.0,8966
396420,38.62.64.0,255.255.255.0,6939
393437,38.64.76.0,255.255.255.0,9304
36062,38.64.81.0,255.255.255.0,4637
47027,38.64.204.0,255.255.252.0,703
394284,38.64.222.0,255.255.255.0,703
26523,38.64.244.0,255.255.255.0,703
14812,38.64.246.0,255.255.255.0,6939
270158,38.65.174.0,255.255.255.0,4637
54240,38.65.204.0,255.255.254.0,15412
33097,38.65.223.0,255.255.255.0,6939
16524,38.66.48.0,255.255.254.0,8966
138998,38.66.108.0,255.255.252.0,8966
19754,38.67.10.0,255.255.255.0,8966
36054,38.67.21.0,255.255.255.0,703
18859,38.67.32.0,255.255.224.0,6939
150150,38.67.211.0,255.255.255.0,8359
20205,38.67.212.0,255.255.254.0,6939
54650,38.68.2.0,255.255.255.0,15412
269946,38.68.176.0,255.255.255.0,8966
40220,38.68.251.0,255.255.255.0,8966
36225,38.69.129.0,255.255.255.0,24482
11077,38.69.130.0,255.255.255.0,8966
10099,38.69.152.0,255.255.255.0,4637
33604,38.69.196.0,255.255.252.0,6939
394684,38.69.222.0,255.255.254.0,6939
21788,38.70.24.0,255.255.254.0,6939
63897,38.70.74.0,255.255.255.0,9304
45250,38.70.77.0,255.255.255.0,9304
36445,38.70.160.0,255.255.240.0,6939
399647,38.70.188.0,255.255.252.0,8966
32212,38.70.200.0,255.255.248.0,6939
63981,38.71.22.0,255.255.255.0,9304
137816,38.71.47.0,255.255.255.0,8966
54620,38.72.76.0,255.255.255.0,6939
150447,38.72.88.0,255.255.255.0,17639
151704,38.72.138.0,255.255.254.0,4637
59538,38.75.44.0,255.255.255.0,4637
55285,38.75.194.0,255.255.255.0,6939
16724,38.75.229.0,255.255.255.0,8966
57624,38.76.16.0,255.255.255.0,15412
27257,38.76.71.0,255.255.255.0,6939
263767,38.76.136.0,255.255.252.0,4637
137897,38.76.140.0,255.255.255.0,8966
152565,38.76.192.0,255.255.240.0,8966
268314,38.76.224.0,255.255.240.0,8966
18530,38.76.240.0,255.255.254.0,8966
136510,38.76.247.0,255.255.255.0,15412
55066,38.76.248.0,255.255.255.0,6939
274105,38.76.250.0,255.255.255.0,6939
7828,38.77.37.0,255.255.255.0,8966
28394,38.77.68.0,255.255.252.0,4637
32098,38.77.72.0,255.255.255.0,6939
400043,38.77.227.0,255.255.255.0,15412
399077,38.77.232.0,255.255.255.0,4637
393294,38.77.248.0,255.255.255.0,9304
267700,38.78.150.0,255.255.255.0,6939
32890,38.78.194.0,255.255.254.0,6939
63397,38.79.7.0,255.255.255.0,15412
137526,38.79.142.0,255.255.255.0,8966
43376,38.79.154.0,255.255.255.0,6939
135188,38.80.32.0,255.255.255.0,35280
26413,38.80.82.0,255.255.254.0,6939
395748,38.81.101.0,255.255.255.0,703
22742,38.81.108.0,255.255.252.0,8966
29838,38.81.194.0,255.255.255.0,9304
212616,38.82.22.0,255.255.255.0,8966
394034,38.83.38.0,255.255.254.0,6939
149485,38.83.62.0,255.255.255.0,8966
17216,38.83.128.0,255.255.252.0,6939
56504,38.83.202.0,255.255.255.0,6939
21826,38.84.58.0,255.255.255.0,8966
138571,38.84.168.0,255.255.248.0,8966
394356,38.86.64.0,255.255.252.0,6939
63351,38.86.161.0,255.255.255.0,703
32646,38.86.170.0,255.255.255.0,703
14877,38.87.49.0,255.255.255.0,8966
16698,38.87.72.0,255.255.248.0,703
399728,38.87.123.0,255.255.255.0,6939
36640,38.87.240.0,255.255.252.0,6939
26479,38.88.24.0,255.255.248.0,6939
26968,38.88.80.0,255.255.255.0,8966
25837,38.89.164.0,255.255.255.0,6939
62523,38.89.244.0,255.255.252.0,6939
3653,38.91.54.0,255.255.255.0,4637
30247,38.92.4.0,255.255.254.0,6939
136744,38.92.36.0,255.255.254.0,8966
27759,38.92.116.0,255.255.252.0,703
47096,38.92.128.0,255.255.252.0,6939
15011,38.92.152.0,255.255.252.0,15412
395466,38.92.160.0,255.255.248.0,8966
26725,38.93.184.0,255.255.248.0,8966
27578,38.94.112.0,255.255.252.0,6939
27335,38.94.165.0,255.255.255.0,15412
22687,38.95.98.0,255.255.255.0,6939
212628,38.95.160.0,255.255.255.0,41095
40128,38.95.220.0,255.255.252.0,6939
11888,38.96.244.0,255.255.255.0,703
40511,38.98.1.0,255.255.255.0,6939
54270,38.98.62.0,255.255.255.0,15412
266694,38.98.65.0,255.255.255.0,8966
64010,38.98.98.0,255.255.255.0,703
26068,38.98.180.0,255.255.255.0,6939
19214,38.99.49.0,255.255.255.0,8966
30103,38.99.124.0,255.255.255.0,8966
20075,38.100.22.0,255.255.255.0,15412
208621,38.101.112.0,255.255.255.0,4637
64208,38.101.150.0,255.255.255.0,6939
7219,38.101.217.0,255.255.255.0,6939
40470,38.102.69.0,255.255.255.0,6939
132641,38.102.78.0,255.255.255.0,7713
21886,38.103.42.0,255.255.255.0,6939
15301,38.103.166.0,255.255.255.0,4637
14380,38.103.172.0,255.255.252.0,8966
19955,38.103.189.0,255.255.255.0,15412
23486,38.103.228.0,255.255.252.0,6939
44431,38.105.15.0,255.255.255.0,8966
14969,38.105.200.0,255.255.255.0,4637
30666,38.105.204.0,255.255.252.0,15412
30593,38.105.239.0,255.255.255.0,15412
396850,38.106.128.0,255.255.248.0,15412
141983,38.106.187.0,255.255.255.0,6939
53865,38.107.82.0,255.255.255.0,4637
7341,38.107.152.0,255.255.252.0,6939
393398,38.107.221.0,255.255.255.0,4637
399521,38.108.9.0,255.255.255.0,6939
42228,38.108.97.0,255.255.255.0,8966
25788,38.108.229.0,255.255.255.0,6939
40841,38.108.243.0,255.255.255.0,35280
60800,38.109.11.0,255.255.255.0,15412
54087,38.109.67.0,255.255.255.0,15412
14163,38.109.104.0,255.255.255.0,15412
46484,38.109.230.0,255.255.254.0,15412
26747,38.109.236.0,255.255.252.0,15412
63010,38.110.48.0,255.255.255.0,15412
394111,38.110.132.0,255.255.252.0,15412
135069,38.110.164.0,255.255.252.0,4637
22006,38.110.240.0,255.255.248.0,6939
32489,38.111.104.0,255.255.255.0,24482
10111,38.111.220.0,255.255.255.0,4637
22926,38.114.64.0,255.255.248.0,6939
34,38.115.62.0,255.255.255.0,24482
208962,38.117.87.0,255.255.255.0,15412
19116,38.119.167.0,255.255.255.0,8966
9246,38.121.24.0,255.255.248.0,4637
13845,38.121.74.0,255.255.255.0,15412
394065,38.121.181.0,255.255.255.0,8966
266841,38.121.208.0,255.255.240.0,8966
11597,38.123.84.0,255.255.255.0,8966
36443,38.123.90.0,255.255.254.0,6939
152644,38.123.103.0,255.255.255.0,9304
401322,38.123.174.0,255.255.255.0,6939
399790,38.124.141.0,255.255.255.0,6939
2711,38.124.248.0,255.255.255.0,15412
10886,38.124.249.0,255.255.255.0,8966
14350,38.125.29.0,255.255.255.0,15412
4058,38.125.165.0,255.255.255.0,9304
204731,38.126.80.0,255.255.240.0,6939
46131,38.126.176.0,255.255.248.0,4637
25829,38.127.143.0,255.255.255.0,8966
36703,38.128.98.0,255.255.255.0,15412
36666,38.128.236.0,255.255.254.0,8966
141140,38.129.9.0,255.255.255.0,7713
400687,38.129.10.0,255.255.255.0,6939
200904,38.130.75.0,255.255.255.0,8966
33623,38.130.158.0,255.255.254.0,703
139056,38.130.248.0,255.255.252.0,9304
263237,38.131.8.0,255.255.255.0,4637
63242,38.131.224.0,255.255.252.0,15412
19122,38.132.48.0,255.255.240.0,6939
30298,38.133.68.0,255.255.254.0,6939
11191,38.133.96.0,255.255.252.0,6939
40123,38.133.160.0,255.255.255.0,35280
20200,38.135.184.0,255.255.252.0,8966
133661,38.137.0.0,255.255.192.0,15412
262474,38.137.184.0,255.255.248.0,8966
64130,38.137.193.0,255.255.255.0,4637
272978,38.137.198.0,255.255.255.0,8966
273934,38.137.200.0,255.255.254.0,703
18519,38.137.224.0,255.255.248.0,8966
50115,38.137.248.0,255.255.252.0,4637
395478,38.141.44.0,255.255.252.0,6939
263807,38.143.152.0,255.255.255.0,4637
398448,38.146.80.0,255.255.255.0,6939
13977,38.147.211.0,255.255.255.0,15412
153098,38.150.18.0,255.255.254.0,7713
17893,38.150.36.0,255.255.254.0,140627
18013,38.150.93.0,255.255.255.0,4637
272118,38.150.94.0,255.255.255.0,8966
24534,38.150.100.0,255.255.255.0,8966
52762,38.156.0.0,255.255.252.0,4637
272156,38.156.13.0,255.255.255.0,4637
265622,38.156.15.0,255.255.255.0,4637
265435,38.156.24.0,255.255.254.0,8966
267242,38.156.64.0,255.255.252.0,8966
272739,38.156.71.0,255.255.255.0,8966
202561,38.156.72.0,255.255.255.0,15412
273678,38.156.90.0,255.255.255.0,4637
151006,38.156.95.0,255.255.255.0,7713
263793,38.156.96.0,255.255.224.0,4637
152475,38.156.240.0,255.255.254.0,9304
27951,38.156.255.0,255.255.255.0,4637
33647,38.158.32.0,255.255.224.0,15412
6208,38.158.208.0,255.255.240.0,6939
27976,38.159.40.0,255.255.248.0,703
265634,38.159.160.0,255.255.252.0,6939
263532,38.159.168.0,255.255.252.0,8966
263462,38.159.188.0,255.255.252.0,8966
4618,38.159.240.0,255.255.240.0,4637
266853,38.172.40.0,255.255.255.0,703
135834,38.172.43.0,255.255.255.0,35280
60847,38.172.48.0,255.255.255.0,8966
266072,38.172.141.0,255.255.255.0,8966
140026,38.172.142.0,255.255.255.0,7713
53162,38.172.192.0,255.255.255.0,4637
266732,38.172.194.0,255.255.255.0,4637
214331,38.172.195.0,255.255.255.0,4637
199221,38.172.201.0,255.255.255.0,703
150161,38.175.0.0,255.255.252.0,4637
20318,38.175.64.0,255.255.224.0,6939
917,38.175.96.0,255.255.255.0,8966
35487,38.175.112.0,255.255.255.0,8966
15081,38.179.0.0,255.255.192.0,8966
24516,38.179.96.0,255.255.224.0,4637
10929,38.180.12.0,255.255.254.0,703
135357,38.181.128.0,255.255.128.0,8966
213753,38.182.0.0,255.255.252.0,6939
140224,38.182.136.0,255.255.255.0,4637
269641,38.183.94.0,255.255.255.0,8966
147185,38.183.96.0,255.255.255.0,4637
268085,38.183.124.0,255.255.252.0,8966
140457,38.183.144.0,255.255.252.0,7713
273084,38.183.182.0,255.255.254.0,6939
273380,38.183.204.0,255.255.252.0,9304
152372,38.183.218.0,255.255.255.0,7713
19112,38.187.128.0,255.255.240.0,6939
984,38.187.210.0,255.255.255.0,41095
266757,38.188.60.0,255.255.255.0,4637
138754,38.188.65.0,255.255.255.0,4637
273656,38.188.104.0,255.255.252.0,8966
213305,38.188.112.0,255.255.240.0,6939
147279,38.188.203.0,255.255.255.0,35280
266809,38.188.240.0,255.255.255.0,8966
27887,38.189.128.0,255.255.224.0,6939
269690,38.190.12.0,255.255.252.0,4637
272942,38.190.26.0,255.255.254.0,6939
273765,38.190.28.0,255.255.252.0,8966
266020,38.190.73.0,255.255.255.0,6939
273624,38.190.76.0,255.255.254.0,8966
214206,38.190.133.0,255.255.255.0,15412
133199,38.190.192.0,255.255.192.0,8966
61615,38.191.36.0,255.255.252.0,4637
273067,38.191.84.0,255.255.252.0,703
139989,38.191.91.0,255.255.255.0,7713
149718,38.191.122.0,255.255.255.0,7713
264023,38.191.124.0,255.255.252.0,4637
273103,38.191.192.0,255.255.255.0,8966
267335,38.191.232.0,255.255.252.0,6939
273456,38.196.148.0,255.255.255.0,6939
142362,38.196.156.0,255.255.254.0,7713
137551,38.196.182.0,255.255.254.0,9304
151690,38.196.186.0,255.255.255.0,35280
273312,38.196.224.0,255.255.254.0,6939
273335,38.196.250.0,255.255.255.0,8966
272711,38.199.0.0,255.255.255.0,4637
269804,38.199.71.0,255.255.255.0,8966
267705,38.199.112.0,255.255.248.0,6939
135097,38.207.122.0,255.255.255.0,8966
52507,38.210.60.0,255.255.255.0,6939
265590,38.210.68.0,255.255.255.0,703
267833,38.210.101.0,255.255.255.0,4637
263656,38.210.180.0,255.255.252.0,4637
210099,38.210.193.0,255.255.255.0,8966
64123,38.210.207.0,255.255.255.0,6939
265484,38.210.228.0,255.255.252.0,8966
273408,38.210.255.0,255.255.255.0,4637
45410,38.211.6.0,255.255.255.0,6939
213685,38.211.7.0,255.255.255.0,8966
263016,38.211.12.0,255.255.252.0,8966
152032,38.211.24.0,255.255.255.0,7713
265798,38.211.32.0,255.255.255.0,15412
17557,38.211.45.0,255.255.255.0,8966
135847,38.211.52.0,255.255.255.0,35280
269010,38.211.96.0,255.255.254.0,4637
272721,38.211.101.0,255.255.255.0,6939
268335,38.211.113.0,255.255.255.0,4637
274042,38.211.120.0,255.255.252.0,4637
64139,38.211.147.0,255.255.255.0,4637
274607,38.211.155.0,255.255.255.0,8966
37381,38.211.208.0,255.255.255.0,4637
328442,38.211.216.0,255.255.255.0,6939
263152,38.211.234.0,255.255.255.0,8966
137853,38.211.246.0,255.255.254.0,9304
272713,38.211.248.0,255.255.255.0,8966
263966,38.211.252.0,255.255.255.0,8966
4581,38.212.0.0,255.255.192.0,6939
262282,38.224.16.0,255.255.255.0,8966
272030,38.224.20.0,255.255.255.0,4637
273339,38.224.30.0,255.255.254.0,4637
270949,38.224.100.0,255.255.255.0,8966
202675,38.224.108.0,255.255.255.0,8966
141312,38.224.112.0,255.255.255.0,15412
268471,38.224.128.0,255.255.254.0,8966
38001,38.224.132.0,255.255.254.0,35280
266444,38.224.134.0,255.255.255.0,4637
272190,38.224.137.0,255.255.255.0,8966
268207,38.224.144.0,255.255.252.0,8966
272195,38.224.182.0,255.255.254.0,4637
329429,38.224.184.0,255.255.255.0,4637
61642,38.224.192.0,255.255.240.0,8966
270457,38.224.215.0,255.255.255.0,4637
272626,38.224.240.0,255.255.252.0,8966
273573,38.224.248.0,255.255.254.0,8966
27729,38.225.80.0,255.255.252.0,6939
263098,38.225.208.0,255.255.255.0,8966
269070,38.225.219.0,255.255.255.0,4637
27884,38.225.232.0,255.255.252.0,6939
271341,38.225.244.0,255.255.255.0,8966
274726,38.225.246.0,255.255.254.0,8966
262342,38.226.2.0,255.255.255.0,8966
268707,38.226.3.0,255.255.255.0,8966
52465,38.226.15.0,255.255.255.0,4637
263035,38.226.18.0,255.255.255.0,4637
272464,38.226.19.0,255.255.255.0,4637
327987,38.226.22.0,255.255.255.0,8966
264628,38.226.100.0,255.255.252.0,4637
266080,38.226.106.0,255.255.254.0,4637
28585,38.226.110.0,255.255.255.0,8966
268248,38.226.112.0,255.255.254.0,8966
274757,38.226.114.0,255.255.254.0,8966
38826,38.226.122.0,255.255.254.0,15412
267797,38.226.160.0,255.255.240.0,6939
271023,38.226.184.0,255.255.248.0,8966
61768,38.226.196.0,255.255.255.0,4637
264244,38.226.200.0,255.255.255.0,8966
265620,38.226.201.0,255.255.255.0,703
329437,38.226.202.0,255.255.255.0,8966
267427,38.226.204.0,255.255.254.0,8966
267578,38.226.206.0,255.255.254.0,8966
56106,38.226.247.0,255.255.255.0,8359
272925,38.226.251.0,255.255.255.0,6939
23028,38.229.33.0,255.255.255.0,4637
398113,38.229.96.0,255.255.224.0,8359
213122,38.240.49.0,255.255.255.0,8966
48945,38.242.160.0,255.255.248.0,15412
62682,38.246.48.0,255.255.248.0,6939
263242,38.246.58.0,255.255.255.0,8966
274748,38.246.78.0,255.255.254.0,8966
27323,38.246.149.0,255.255.255.0,8966
131274,38.247.67.0,255.255.255.0,9304
26225,38.247.123.0,255.255.255.0,4637
1421,38.247.184.0,255.255.248.0,703
272022,38.250.4.0,255.255.255.0,8966
61866,38.250.88.0,255.255.252.0,4637
263516,38.250.92.0,255.255.254.0,8966
264838,38.250.99.0,255.255.255.0,4637
269843,38.250.115.0,255.255.255.0,4637
61503,38.250.124.0,255.255.252.0,4637
262354,38.250.200.0,255.255.254.0,8966
264524,38.250.202.0,255.255.254.0,8966
52613,38.250.204.0,255.255.254.0,8966
273461,38.250.224.0,255.255.252.0,8966
268696,38.250.240.0,255.255.252.0,4637
28213,38.250.252.0,255.255.254.0,6939
328539,38.252.32.0,255.255.255.0,703
266366,38.252.64.0,255.255.252.0,6939
40880,38.252.76.0,255.255.252.0,6939
267120,38.252.80.0,255.255.255.0,4637
272610,38.252.148.0,255.255.254.0,8966
398947,38.252.192.0,255.255.252.0,15412
273000,38.252.208.0,255.255.255.0,4637
273976,38.252.217.0,255.255.255.0,4637
273044,38.253.64.0,255.255.254.0,6939
45650,38.253.67.0,255.255.255.0,15412
134177,38.253.70.0,255.255.254.0,35280
400699,38.253.72.0,255.255.255.0,8966
13876,38.253.112.0,255.255.254.0,15412
141146,38.253.239.0,255.255.255.0,18106
142386,38.253.240.0,255.255.255.0,7713
22874,38.254.20.0,255.255.255.0,6939
264605,38.254.96.0,255.255.252.0,703
139628,38.254.120.0,255.255.252.0,9304
35699,38.254.126.0,255.255.255.0,6939
133982,38.254.160.0,255.255.255.0,4637
9922,39.1.0.0,255.255.240.0,15412
18419,39.1.96.0,255.255.240.0,15412
141031,39.34.168.0,255.255.255.0,8966
142403,39.109.104.0,255.255.255.0,9304
24400,39.134.86.0,255.255.254.0,8966
56048,39.134.133.0,255.255.255.0,8966
7896,40.135.25.0,255.255.255.0,8966
36994,41.0.0.0,255.255.0.0,15412
8452,41.32.0.0,255.240.0.0,15412
37168,41.48.0.0,255.248.0.0,15412
37105,41.56.0.0,255.255.0.0,8966
36866,41.57.96.0,255.255.240.0,8966
37442,41.57.124.0,255.255.252.0,703
36923,41.58.0.0,255.255.0.0,6939
33765,41.59.0.0,255.255.0.0,6939
327795,41.59.251.0,255.255.255.0,15412
37332,41.60.32.0,255.255.248.0,6939
36943,41.61.0.0,255.255.0.0,6939
37705,41.62.0.0,255.255.0.0,6939
37037,41.63.128.0,255.255.240.0,9304
36907,41.63.160.0,255.255.240.0,8966
37009,41.63.192.0,255.255.192.0,4637
36992,41.64.0.0,255.255.0.0,15412
51265,41.66.64.0,255.255.192.0,35280
37179,41.66.128.0,255.255.192.0,4637
29614,41.66.192.0,255.255.192.0,8966
36974,41.67.64.0,255.255.240.0,8966
30998,41.67.128.0,255.255.192.0,4637
24835,41.68.0.0,255.254.0.0,15412
37053,41.71.0.0,255.255.128.0,8966
20598,41.71.128.0,255.255.255.0,8966
37154,41.72.96.0,255.255.224.0,6939
37153,41.72.128.0,255.255.224.0,8966
30985,41.73.96.0,255.255.224.0,703
30988,41.73.128.0,255.255.248.0,6939
37350,41.73.158.0,255.255.255.0,4637
36965,41.73.160.0,255.255.224.0,9304
37035,41.73.192.0,255.255.224.0,9304
36930,41.73.192.0,255.255.255.0,9304
16284,41.73.224.0,255.255.255.0,4637
37292,41.74.0.0,255.255.248.0,4637
36963,41.74.48.0,255.255.240.0,8966
37228,41.74.160.0,255.255.240.0,9304
37235,41.74.192.0,255.255.252.0,6939
11259,41.74.240.0,255.255.240.0,8966
36924,41.75.64.0,255.255.240.0,35280
37282,41.75.80.0,255.255.240.0,6939
37276,41.75.96.0,255.255.240.0,6939
37187,41.75.112.0,255.255.240.0,15412
36968,41.75.128.0,255.255.240.0,8966
37113,41.75.160.0,255.255.240.0,15412
37133,41.75.208.0,255.255.240.0,15412
42235,41.76.0.0,255.255.248.0,15412
37057,41.76.16.0,255.255.248.0,15412
37333,41.76.32.0,255.255.255.0,4637
30999,41.76.40.0,255.255.248.0,8966
37525,41.76.56.0,255.255.248.0,6939
37209,41.76.80.0,255.255.255.0,4637
327979,41.76.104.0,255.255.248.0,8966
37172,41.76.112.0,255.255.248.0,6939
37199,41.76.128.0,255.255.248.0,8966
37223,41.76.144.0,255.255.248.0,15412
37230,41.76.152.0,255.255.255.0,8966
37219,41.76.168.0,255.255.248.0,8966
37225,41.76.176.0,255.255.248.0,4637
37280,41.76.192.0,255.255.255.0,4637
37239,41.76.200.0,255.255.248.0,8966
37611,41.76.208.0,255.255.248.0,8966
37254,41.76.216.0,255.255.248.0,8966
327693,41.76.224.0,255.255.248.0,8966
37678,41.76.240.0,255.255.248.0,8966
37287,41.77.0.0,255.255.248.0,6939
37098,41.77.8.0,255.255.255.0,8966
37673,41.77.24.0,255.255.252.0,8966
37670,41.77.48.0,255.255.248.0,8966
36985,41.77.56.0,255.255.248.0,6939
37063,41.77.72.0,255.255.248.0,8966
37515,41.77.96.0,255.255.248.0,8966
32653,41.77.152.0,255.255.248.0,4637
37398,41.77.168.0,255.255.252.0,6939
37447,41.77.220.0,255.255.255.0,9304
37353,41.78.4.0,255.255.252.0,6939
37661,41.78.8.0,255.255.252.0,4637
37119,41.78.16.0,255.255.255.0,15412
37159,41.78.28.0,255.255.252.0,6939
37157,41.78.36.0,255.255.252.0,6939
37440,41.78.57.0,255.255.255.0,15412
37371,41.78.72.0,255.255.255.0,9304
37184,41.78.76.0,255.255.252.0,9304
37018,41.78.80.0,255.255.252.0,4637
37192,41.78.88.0,255.255.252.0,4637
14988,41.78.92.0,255.255.252.0,8966
37211,41.78.108.0,255.255.252.0,15412
37229,41.78.136.0,255.255.252.0,8966
36909,41.78.168.0,255.255.252.0,9304
36920,41.78.172.0,255.255.255.0,4637
37675,41.78.184.0,255.255.255.0,8966
37271,41.78.188.0,255.255.252.0,6939
37453,41.78.192.0,255.255.255.0,9304
22351,41.78.196.0,255.255.255.0,4637
37308,41.78.208.0,255.255.255.0,4637
327698,41.78.212.0,255.255.252.0,6939
37317,41.78.220.0,255.255.252.0,6939
37491,41.78.228.0,255.255.252.0,4637
37302,41.78.232.0,255.255.252.0,4637
37294,41.78.248.0,255.255.252.0,8966
37305,41.79.8.0,255.255.252.0,6939
37314,41.79.20.0,255.255.252.0,8966
37406,41.79.24.0,255.255.252.0,9304
37336,41.79.44.0,255.255.252.0,9304
37337,41.79.48.0,255.255.255.0,4637
37343,41.79.60.0,255.255.254.0,15412
37347,41.79.64.0,255.255.255.0,4637
37349,41.79.68.0,255.255.252.0,9304
37352,41.79.76.0,255.255.252.0,8966
37358,41.79.80.0,255.255.252.0,8966
37363,41.79.92.0,255.255.252.0,15412
37368,41.79.104.0,255.255.252.0,4637
37315,41.79.108.0,255.255.252.0,15412
37575,41.79.124.0,255.255.252.0,6939
37395,41.79.136.0,255.255.252.0,8966
37403,41.79.148.0,255.255.252.0,8966
132692,41.79.175.0,255.255.255.0,4637
37412,41.79.180.0,255.255.255.0,8966
328471,41.79.192.0,255.255.252.0,6939
37425,41.79.196.0,255.255.252.0,9304
328366,41.79.212.0,255.255.252.0,4637
327794,41.79.220.0,255.255.255.0,4637
37545,41.79.224.0,255.255.252.0,9304
37677,41.79.233.0,255.255.255.0,4637
37236,41.79.240.0,255.255.252.0,15412
33771,41.80.0.0,255.254.0.0,8966
37061,41.80.32.0,255.255.248.0,8966
8346,41.82.0.0,255.254.0.0,15412
37273,41.84.192.0,255.255.224.0,9304
19711,41.84.224.0,255.255.224.0,8966
22355,41.85.0.0,255.255.128.0,8966
28683,41.85.160.0,255.255.224.0,8966
37183,41.85.192.0,255.255.255.0,8966
36958,41.86.32.0,255.255.224.0,6939
10474,41.86.109.0,255.255.255.0,15412
37480,41.86.128.0,255.255.224.0,4637
37090,41.86.224.0,255.255.224.0,15412
37248,41.87.64.0,255.255.224.0,8966
206283,41.87.88.0,255.255.252.0,4637
37100,41.87.96.0,255.255.224.0,6939
36925,41.87.128.0,255.255.224.0,15412
33763,41.87.176.0,255.255.248.0,8966
36914,41.89.0.0,255.255.0.0,8966
36955,41.92.201.0,255.255.255.0,4637
37182,41.93.0.0,255.255.128.0,4637
36947,41.96.0.0,255.240.0.0,4637
16637,41.112.0.0,255.240.0.0,8966
24863,41.128.0.0,255.255.0.0,15412
20011,41.132.0.0,255.255.192.0,6939
23889,41.136.0.0,255.255.0.0,4637
36884,41.137.0.0,255.255.0.0,15412
198949,41.137.107.0,255.255.255.0,4637
37385,41.138.32.0,255.255.240.0,4637
37124,41.138.80.0,255.255.248.0,15412
37136,41.138.88.0,255.255.252.0,8966
36916,41.138.92.0,255.255.252.0,8966
25543,41.138.96.0,255.255.224.0,15412
30619,41.138.225.0,255.255.255.0,15412
328306,41.138.245.0,255.255.255.0,4637
6713,41.140.0.0,255.252.0.0,15412
5713,41.144.0.0,255.248.0.0,8966
16058,41.158.0.0,255.254.0.0,35280
36937,41.160.0.0,255.240.0.0,6939
36874,41.177.0.0,255.255.0.0,4637
37028,41.183.0.0,255.255.0.0,15412
29091,41.184.0.0,255.255.0.0,4637
36890,41.186.0.0,255.255.0.0,8966
20928,41.187.0.0,255.255.0.0,703
37054,41.188.0.0,255.255.192.0,9304
37084,41.188.128.0,255.255.192.0,9304
30986,41.189.160.0,255.255.224.0,8966
30990,41.189.224.0,255.255.255.0,9304
37076,41.190.1.0,255.255.255.0,4637
37030,41.190.88.0,255.255.252.0,4637
37638,41.190.232.0,255.255.254.0,4637
37190,41.191.68.0,255.255.252.0,6939
37087,41.191.96.0,255.255.252.0,8966
37094,41.191.104.0,255.255.255.0,703
11845,41.193.0.0,255.255.0.0,8966
37619,41.197.0.0,255.255.0.0,9304
329523,41.198.188.0,255.255.255.0,4637
33779,41.200.64.0,255.255.192.0,4637
25818,41.202.32.0,255.255.224.0,8966
36912,41.202.192.0,255.255.224.0,4637
328198,41.202.224.0,255.255.224.0,8966
37148,41.203.64.0,255.255.224.0,4637
36970,41.203.117.0,255.255.255.0,4637
37269,41.203.118.0,255.255.255.0,4637
29918,41.203.160.0,255.255.240.0,6939
33567,41.203.176.0,255.255.240.0,6939
36864,41.203.192.0,255.255.240.0,15412
36902,41.203.240.0,255.255.240.0,8966
32398,41.204.0.0,255.255.224.0,8966
15964,41.204.64.0,255.255.224.0,4637
328411,41.204.96.0,255.255.248.0,4637
30992,41.205.0.0,255.255.224.0,8966
36905,41.205.64.0,255.255.224.0,4637
29465,41.206.0.0,255.255.224.0,4637
15808,41.206.32.0,255.255.224.0,8966
36915,41.207.64.0,255.255.224.0,9304
36868,41.207.128.0,255.255.255.0,4637
24691,41.207.160.0,255.255.224.0,9304
37540,41.207.248.0,255.255.252.0,4637
21003,41.208.64.0,255.255.192.0,703
9129,41.209.3.0,255.255.255.0,8966
15706,41.209.64.0,255.255.192.0,15412
20294,41.210.128.0,255.255.192.0,8966
15399,41.212.0.0,255.255.128.0,9304
37002,41.213.128.0,255.255.248.0,15412
36962,41.216.64.0,255.255.224.0,8966
37088,41.216.160.0,255.255.240.0,4637
213035,41.216.181.0,255.255.255.0,703
37672,41.216.232.0,255.255.255.0,8966
37340,41.217.0.0,255.255.254.0,4637
36908,41.217.200.0,255.255.252.0,9304
37125,41.217.204.0,255.255.255.0,4637
37109,41.217.220.0,255.255.252.0,6939
37482,41.217.240.0,255.255.255.0,6939
37196,41.219.0.0,255.255.224.0,4637
29032,41.220.0.0,255.255.254.0,15412
37204,41.220.16.0,255.255.240.0,15412
25139,41.220.32.0,255.255.240.0,8966
36945,41.220.192.0,255.255.248.0,15412
36865,41.221.64.0,255.255.240.0,15412
37075,41.221.80.0,255.255.240.0,15412
17400,41.221.240.0,255.255.255.0,8966
37143,41.222.56.0,255.255.252.0,9304
36938,41.222.78.0,255.255.255.0,4637
37622,41.222.96.0,255.255.252.0,4637
328446,41.222.120.0,255.255.255.0,8966
37049,41.222.136.0,255.255.252.0,6939
25163,41.222.150.0,255.255.255.0,4637
36913,41.222.184.0,255.255.252.0,8966
37020,41.222.196.0,255.255.255.0,8966
37415,41.222.216.0,255.255.252.0,4637
37055,41.222.228.0,255.255.252.0,8966
37011,41.222.236.0,255.255.252.0,8966
36917,41.223.40.0,255.255.255.0,8966
37665,41.223.48.0,255.255.252.0,4637
36926,41.223.57.0,255.255.255.0,15412
37014,41.223.72.0,255.255.252.0,8966
37414,41.223.104.0,255.255.255.0,9304
328250,41.223.108.0,255.255.255.0,9304
37013,41.223.228.0,255.255.252.0,9304
37008,41.223.232.0,255.255.252.0,15412
32437,41.223.244.0,255.255.252.0,8966
2609,41.224.0.0,255.248.0.0,15412
37492,41.224.0.0,255.255.224.0,6939
327934,41.224.41.0,255.255.255.0,15412
37693,41.227.64.0,255.255.224.0,6939
37504,41.231.6.0,255.255.255.0,6939
37684,41.242.0.0,255.255.252.0,9304
37685,41.242.4.0,255.255.252.0,6939
37688,41.242.48.0,255.255.255.0,4637
37605,41.242.64.0,255.255.255.0,6939
328036,41.242.80.0,255.255.252.0,6939
37613,41.242.112.0,255.255.252.0,4637
22690,41.242.140.0,255.255.252.0,4637
328594,41.242.152.0,255.255.248.0,4637
327708,41.243.63.0,255.255.255.0,15412
56140,42.0.28.0,255.255.255.0,4637
46015,42.1.60.0,255.255.252.0,703
131429,42.1.64.0,255.255.254.0,9304
55690,42.62.176.0,255.255.255.0,7713
58542,42.81.0.0,255.255.0.0,8966
18135,42.83.0.0,255.255.192.0,4637
24151,42.83.128.0,255.255.255.0,8966
135918,42.96.0.0,255.255.252.0,4637
131423,42.96.16.0,255.255.252.0,4637
45903,42.96.32.0,255.255.224.0,9304
38732,42.96.32.0,255.255.255.0,9304
38733,42.96.33.0,255.255.255.0,9304
23661,42.123.32.0,255.255.252.0,4637
17682,42.187.124.0,255.255.252.0,8966
38365,42.199.0.0,255.255.128.0,9304
19551,42.200.61.0,255.255.255.0,7713
17799,42.248.152.0,255.255.248.0,8966
139341,43.131.10.0,255.255.255.0,9304
18004,43.152.164.0,255.255.255.0,8966
131161,43.222.0.0,255.255.0.0,4637
38631,43.223.0.0,255.255.0.0,8966
131646,43.224.23.0,255.255.255.0,9304
9873,43.224.36.0,255.255.252.0,9304
45558,43.224.43.0,255.255.255.0,4637
138950,43.224.56.0,255.255.252.0,8966
17559,43.224.60.0,255.255.252.0,35280
132167,43.224.84.0,255.255.255.0,8966
133847,43.224.88.0,255.255.252.0,4637
58682,43.224.115.0,255.255.255.0,6939
9441,43.224.116.0,255.255.255.0,6939
132347,43.224.120.0,255.255.255.0,4637
132124,43.224.124.0,255.255.252.0,4637
56268,43.224.128.0,255.255.252.0,15412
17439,43.224.136.0,255.255.255.0,35280
139021,43.224.152.0,255.255.254.0,4637
45701,43.224.168.0,255.255.255.0,7713
133159,43.224.180.0,255.255.252.0,4637
18200,43.224.192.0,255.255.252.0,4637
133234,43.224.220.0,255.255.255.0,35280
4808,43.224.240.0,255.255.255.0,4637
63855,43.224.244.0,255.255.254.0,15412
131291,43.224.251.0,255.255.255.0,4637
64006,43.225.12.0,255.255.252.0,4637
55862,43.225.16.0,255.255.255.0,35280
133685,43.225.20.0,255.255.255.0,15412
58511,43.225.32.0,255.255.252.0,4637
133929,43.225.59.0,255.255.255.0,9304
59162,43.225.68.0,255.255.255.0,4637
142488,43.225.72.0,255.255.254.0,35280
133676,43.225.74.0,255.255.255.0,35280
133865,43.225.84.0,255.255.254.0,9304
136030,43.225.98.0,255.255.255.0,8966
4594,43.225.100.0,255.255.252.0,9304
38478,43.225.105.0,255.255.255.0,4637
132198,43.225.108.0,255.255.255.0,4637
45269,43.225.144.0,255.255.252.0,4637
133115,43.225.156.0,255.255.255.0,9304
133001,43.225.160.0,255.255.254.0,4637
134884,43.225.168.0,255.255.254.0,4637
58921,43.225.176.0,255.255.255.0,4637
58965,43.225.192.0,255.255.252.0,4637
963,43.225.196.0,255.255.255.0,6939
45753,43.225.197.0,255.255.255.0,4637
133878,43.225.200.0,255.255.252.0,4637
137691,43.225.208.0,255.255.252.0,8966
135244,43.226.2.0,255.255.254.0,35280
137236,43.226.12.0,255.255.252.0,9304
38851,43.226.232.0,255.255.252.0,4637
136480,43.227.12.0,255.255.252.0,8966
132770,43.227.20.0,255.255.255.0,15412
38532,43.227.231.0,255.255.255.0,35280
63928,43.227.237.0,255.255.255.0,6939
45235,43.227.244.0,255.255.252.0,35280
56309,43.228.84.0,255.255.252.0,4637
18001,43.228.108.0,255.255.252.0,8966
17882,43.228.128.0,255.255.255.0,8966
64096,43.228.180.0,255.255.252.0,9304
24550,43.228.192.0,255.255.252.0,35280
134809,43.228.200.0,255.255.252.0,18106
6364,43.228.212.0,255.255.252.0,24482
133073,43.228.227.0,255.255.255.0,9304
132923,43.228.228.0,255.255.254.0,15412
142520,43.228.230.0,255.255.255.0,35280
63932,43.229.12.0,255.255.252.0,8966
23949,43.229.20.0,255.255.255.0,7713
63888,43.229.28.0,255.255.255.0,9304
132280,43.229.44.0,255.255.252.0,4637
6507,43.229.64.0,255.255.252.0,9304
45433,43.229.72.0,255.255.255.0,35280
136039,43.229.124.0,255.255.252.0,15412
153706,43.229.153.0,255.255.255.0,8966
59165,43.229.224.0,255.255.252.0,15412
58558,43.230.5.0,255.255.255.0,7713
132825,43.230.10.0,255.255.255.0,55720
38769,43.230.28.0,255.255.255.0,7713
43519,43.230.48.0,255.255.255.0,15412
134375,43.230.64.0,255.255.252.0,35280
140900,43.230.92.0,255.255.255.0,8966
18106,43.230.96.0,255.255.254.0,18106
132754,43.230.104.0,255.255.252.0,15412
58907,43.230.108.0,255.255.252.0,9304
133954,43.230.120.0,255.255.252.0,8966
45725,43.230.152.0,255.255.252.0,41095
133647,43.230.156.0,255.255.255.0,35280
56082,43.230.188.0,255.255.254.0,9304
23673,43.230.192.0,255.255.252.0,23673
132335,43.230.200.0,255.255.255.0,4637
135386,43.230.204.0,255.255.252.0,8966
133380,43.231.0.0,255.255.255.0,8966
55944,43.231.28.0,255.255.255.0,4637
58765,43.231.48.0,255.255.255.0,35280
133648,43.231.56.0,255.255.252.0,15412
56229,43.231.72.0,255.255.255.0,55720
4816,43.231.96.0,255.255.252.0,8966
150706,43.231.184.0,255.255.255.0,8966
137443,43.231.185.0,255.255.255.0,8966
149014,43.231.187.0,255.255.255.0,8966
132255,43.231.192.0,255.255.252.0,4637
132245,43.231.203.0,255.255.255.0,4637
136902,43.231.205.0,255.255.255.0,15412
134069,43.231.224.0,255.255.252.0,4637
131303,43.231.228.0,255.255.255.0,4637
133712,43.231.248.0,255.255.255.0,35280
17506,43.232.0.0,255.252.0.0,4637
58640,43.239.68.0,255.255.255.0,35280
24459,43.239.96.0,255.255.254.0,4637
132829,43.239.100.0,255.255.255.0,4637
138598,43.239.101.0,255.255.255.0,7713
10143,43.239.102.0,255.255.255.0,4637
38726,43.239.188.0,255.255.252.0,9304
138663,43.239.204.0,255.255.255.0,703
136780,43.239.206.0,255.255.254.0,4637
56201,43.239.212.0,255.255.254.0,4637
45538,43.239.224.0,255.255.252.0,9304
56109,43.239.233.0,255.255.255.0,4637
58906,43.240.5.0,255.255.255.0,15412
56030,43.240.32.0,255.255.252.0,4637
133389,43.240.40.0,255.255.252.0,4637
17709,43.240.104.0,255.255.252.0,4637
38794,43.240.112.0,255.255.252.0,9304
58713,43.240.120.0,255.255.254.0,35280
138421,43.240.125.0,255.255.255.0,4637
150210,43.240.226.0,255.255.255.0,7713
142360,43.240.227.0,255.255.255.0,7713
58389,43.240.228.0,255.255.255.0,8966
58552,43.240.229.0,255.255.255.0,35280
136308,43.240.232.0,255.255.255.0,15412
58678,43.241.28.0,255.255.255.0,35280
45638,43.241.52.0,255.255.255.0,4637
134033,43.241.64.0,255.255.255.0,35280
140174,43.241.66.0,255.255.255.0,35280
58910,43.241.96.0,255.255.252.0,4637
18033,43.241.106.0,255.255.255.0,9304
133720,43.241.124.0,255.255.255.0,4637
146994,43.241.245.0,255.255.255.0,6939
152087,43.241.246.0,255.255.254.0,6939
55359,43.242.41.0,255.255.255.0,4637
134366,43.242.52.0,255.255.255.0,4637
55649,43.242.140.0,255.255.252.0,15412
58627,43.242.236.0,255.255.255.0,4637
132787,43.242.244.0,255.255.255.0,35280
56294,43.243.0.0,255.255.255.0,35280
132857,43.243.56.0,255.255.254.0,4637
132268,43.243.58.0,255.255.254.0,4637
150027,43.243.80.0,255.255.255.0,4637
138546,43.243.96.0,255.255.252.0,15412
133606,43.243.120.0,255.255.252.0,4637
59257,43.243.132.0,255.255.252.0,8966
24122,43.243.204.0,255.255.255.0,8966
132996,43.243.212.0,255.255.255.0,8966
58779,43.243.224.0,255.255.254.0,9304
38583,43.243.236.0,255.255.255.0,35280
55766,43.243.238.0,255.255.255.0,4637
55555,43.245.28.0,255.255.252.0,4637
139898,43.245.56.0,255.255.252.0,8966
132405,43.245.72.0,255.255.248.0,4637
58666,43.245.80.0,255.255.252.0,4637
55427,43.245.92.0,255.255.252.0,35280
133130,43.245.112.0,255.255.252.0,35280
133944,43.245.116.0,255.255.254.0,8966
58717,43.245.140.0,255.255.252.0,8966
131476,43.245.169.0,255.255.255.0,4637
133043,43.245.172.0,255.255.252.0,4637
58505,43.245.176.0,255.255.255.0,4637
55666,43.245.184.0,255.255.252.0,7713
58376,43.245.188.0,255.255.252.0,7713
24323,43.245.192.0,255.255.255.0,8966
59318,43.245.200.0,255.255.254.0,9304
131207,43.245.202.0,255.255.255.0,9304
9260,43.245.205.0,255.255.255.0,8966
58752,43.245.232.0,255.255.254.0,8966
56186,43.245.240.0,255.255.252.0,6939
135076,43.245.244.0,255.255.252.0,8966
142502,43.246.104.0,255.255.255.0,4637
142501,43.246.105.0,255.255.255.0,4637
134326,43.246.136.0,255.255.252.0,15412
134294,43.246.140.0,255.255.255.0,35280
136639,43.246.160.0,255.255.255.0,35280
17666,43.246.164.0,255.255.255.0,24482
139076,43.246.199.0,255.255.255.0,15412
137449,43.246.202.0,255.255.255.0,8966
132883,43.246.208.0,255.255.255.0,9304
141742,43.246.216.0,255.255.252.0,8966
141711,43.246.224.0,255.255.255.0,8966
56132,43.246.232.0,255.255.252.0,35280
132751,43.246.240.0,255.255.255.0,35280
38320,43.247.12.0,255.255.252.0,7713
59322,43.247.16.0,255.255.252.0,9304
24523,43.247.20.0,255.255.254.0,41095
133613,43.247.24.0,255.255.252.0,9304
45312,43.247.32.0,255.255.252.0,7713
17887,43.247.56.0,255.255.252.0,4637
9268,43.247.64.0,255.255.252.0,4637
134555,43.247.80.0,255.255.252.0,4637
55947,43.247.156.0,255.255.255.0,15412
132761,43.247.160.0,255.255.252.0,35280
45267,43.247.172.0,255.255.252.0,4637
18103,43.248.24.0,255.255.255.0,7713
9297,43.248.44.0,255.255.252.0,6939
132529,43.248.52.0,255.255.252.0,4637
151712,43.248.58.0,255.255.254.0,35280
132296,43.248.68.0,255.255.252.0,15412
55341,43.248.72.0,255.255.252.0,4637
53587,43.248.168.0,255.255.255.0,9304
58474,43.248.212.0,255.255.255.0,8966
15412,43.248.216.0,255.255.252.0,15412
133275,43.248.237.0,255.255.255.0,35280
59217,43.248.248.0,255.255.252.0,6939
58927,43.249.116.0,255.255.252.0,35280
58405,43.249.184.0,255.255.255.0,15412
132449,43.249.196.0,255.255.255.0,9304
45298,43.249.208.0,255.255.252.0,18106
9266,43.250.24.0,255.255.252.0,4637
131459,43.250.40.0,255.255.252.0,15412
141177,43.250.48.0,255.255.254.0,15412
50049,43.250.52.0,255.255.252.0,8359
133352,43.250.76.0,255.255.255.0,24482
23888,43.250.84.0,255.255.255.0,8966
132110,43.250.104.0,255.255.255.0,9304
141718,43.250.124.0,255.255.255.0,4637
133315,43.250.132.0,255.255.252.0,35280
151999,43.250.182.0,255.255.254.0,7713
132615,43.250.224.0,255.255.252.0,4637
10084,43.250.232.0,255.255.255.0,6939
45356,43.250.240.0,255.255.252.0,4637
7483,43.251.56.0,255.255.254.0,8359
136462,43.251.64.0,255.255.255.0,24482
45766,43.251.84.0,255.255.252.0,8966
17766,43.251.108.0,255.255.252.0,35280
24028,43.251.136.0,255.255.255.0,4637
45780,43.251.152.0,255.255.254.0,4637
57433,43.251.162.0,255.255.255.0,8966
45804,43.251.168.0,255.255.255.0,35280
46023,43.252.8.0,255.255.252.0,7713
131178,43.252.16.0,255.255.252.0,9304
45144,43.252.36.0,255.255.255.0,4637
38277,43.252.40.0,255.255.255.0,9304
137872,43.252.52.0,255.255.255.0,8359
55785,43.252.68.0,255.255.252.0,4637
38758,43.252.72.0,255.255.252.0,7713
132420,43.252.88.0,255.255.255.0,35280
17465,43.252.92.0,255.255.252.0,15412
142327,43.252.104.0,255.255.255.0,7713
45305,43.252.105.0,255.255.255.0,7713
135126,43.252.112.0,255.255.252.0,15412
35908,43.252.120.0,255.255.252.0,6939
10032,43.252.132.0,255.255.255.0,9304
58404,43.252.136.0,255.255.255.0,7713
56233,43.252.144.0,255.255.254.0,8966
149746,43.252.158.0,255.255.255.0,7713
45884,43.252.204.0,255.255.252.0,35280
142132,43.252.211.0,255.255.255.0,9304
133469,43.252.220.0,255.255.254.0,15412
58481,43.252.222.0,255.255.255.0,8966
55701,43.252.236.0,255.255.254.0,41095
10226,43.252.244.0,255.255.252.0,8966
23860,43.252.248.0,255.255.252.0,35280
17686,43.253.0.0,255.255.192.0,7713
131149,43.254.16.0,255.255.252.0,6939
134331,43.254.32.0,255.255.252.0,35280
18059,43.254.80.0,255.255.255.0,7713
134542,43.254.100.0,255.255.255.0,4637
56272,43.254.108.0,255.255.255.0,35280
58482,43.254.124.0,255.255.252.0,41095
131447,43.254.132.0,255.255.252.0,9304
136523,43.254.133.0,255.255.255.0,9304
135063,43.254.134.0,255.255.255.0,4637
58659,43.254.204.0,255.255.254.0,35280
131584,43.255.12.0,255.255.252.0,4637
18119,43.255.24.0,255.255.252.0,35280
23620,43.255.40.0,255.255.252.0,4637
23884,43.255.60.0,255.255.255.0,9304
58424,43.255.112.0,255.255.254.0,9304
58436,43.255.124.0,255.255.252.0,7713
23838,43.255.160.0,255.255.252.0,4637
135817,43.255.164.0,255.255.252.0,35280
7377,44.0.0.0,255.128.0.0,4637
6140,44.2.52.0,255.255.254.0,6939
30640,44.4.128.0,255.255.252.0,6939
46577,44.6.128.0,255.255.255.0,6939
195,44.8.5.0,255.255.255.0,4637
198785,44.9.0.0,255.255.240.0,15412
49268,44.11.0.0,255.255.0.0,6939
63479,44.12.6.0,255.255.255.0,8966
226,44.16.15.0,255.255.255.0,35280
25905,44.26.164.0,255.255.255.0,8966
202340,44.30.22.0,255.255.255.0,4637
44354,44.30.31.0,255.255.255.0,4637
215296,44.30.34.0,255.255.255.0,8966
139299,44.30.35.0,255.255.255.0,4637
53988,44.30.48.0,255.255.255.0,4637
212415,44.30.50.0,255.255.255.0,8966
137399,44.30.65.0,255.255.255.0,4637
48777,44.31.0.0,255.255.252.0,15412
211638,44.31.6.0,255.255.255.0,4637
206477,44.31.16.0,255.255.255.0,4637
38074,44.31.25.0,255.255.255.0,41095
57483,44.31.27.0,255.255.255.0,4637
135421,44.31.30.0,255.255.255.0,4637
215563,44.31.32.0,255.255.255.0,8359
211244,44.31.38.0,255.255.255.0,4637
4764,44.31.39.0,255.255.255.0,4637
262985,44.31.41.0,255.255.255.0,4637
6556,44.31.46.0,255.255.255.0,4637
200334,44.31.49.0,255.255.255.0,8966
208907,44.31.52.0,255.255.255.0,8966
16942,44.31.57.0,255.255.255.0,6939
4540,44.31.63.0,255.255.255.0,15412
210821,44.31.68.0,255.255.255.0,35280
38254,44.31.69.0,255.255.255.0,41095
34019,44.31.71.0,255.255.255.0,35280
210667,44.31.80.0,255.255.255.0,8966
39401,44.31.90.0,255.255.255.0,15412
39702,44.31.99.0,255.255.255.0,35280
51574,44.31.121.0,255.255.255.0,35280
396503,44.31.125.0,255.255.255.0,8966
203478,44.31.126.0,255.255.255.0,6939
11994,44.31.128.0,255.255.252.0,6939
197922,44.31.138.0,255.255.254.0,35280
199518,44.31.140.0,255.255.255.0,4637
13132,44.31.143.0,255.255.255.0,6939
398419,44.31.168.0,255.255.255.0,6939
202224,44.31.176.0,255.255.255.0,4637
43406,44.31.191.0,255.255.255.0,15412
18451,44.31.194.0,255.255.255.0,6939
57883,44.31.204.0,255.255.252.0,4637
212245,44.31.218.0,255.255.255.0,8966
32681,44.31.228.0,255.255.255.0,6939
150325,44.31.252.0,255.255.255.0,4637
17705,44.31.255.0,255.255.255.0,4637
208563,44.32.70.0,255.255.255.0,4637
149766,44.32.80.0,255.255.248.0,9304
214930,44.32.90.0,255.255.255.0,4637
37989,44.32.99.0,255.255.255.0,18106
399888,44.32.102.0,255.255.255.0,7713
214380,44.32.106.0,255.255.254.0,35280
203649,44.32.142.0,255.255.255.0,4637
210890,44.32.151.0,255.255.255.0,4637
209650,44.32.157.0,255.255.255.0,4637
203888,44.32.161.0,255.255.255.0,6939
51087,44.32.175.0,255.255.255.0,6939
214575,44.32.192.0,255.255.255.0,8966
6181,44.32.193.0,255.255.255.0,6939
204003,44.32.197.0,255.255.255.0,4637
6315,44.40.48.0,255.255.255.0,8966
54489,44.110.0.0,255.255.255.0,703
25999,44.135.160.0,255.255.248.0,8966
23181,44.135.168.0,255.255.254.0,24482
26288,44.135.197.0,255.255.255.0,703
22113,44.135.199.0,255.255.255.0,15412
9449,44.136.124.0,255.255.255.0,140627
38220,44.136.139.0,255.255.255.0,35280
38887,44.136.158.0,255.255.254.0,4637
56199,44.136.161.0,255.255.255.0,35280
1101,44.137.0.0,255.255.0.0,8966
1213,44.155.0.0,255.255.0.0,4637
200373,45.3.32.0,255.255.255.0,6939
25255,45.3.56.0,255.255.255.0,15412
1312,45.3.64.0,255.255.192.0,8966
265662,45.4.0.0,255.255.252.0,4637
262643,45.4.4.0,255.255.252.0,8966
262459,45.4.20.0,255.255.252.0,703
266036,45.4.28.0,255.255.252.0,8966
273683,45.4.40.0,255.255.252.0,4637
266037,45.4.48.0,255.255.252.0,8966
266040,45.4.52.0,255.255.252.0,8966
266038,45.4.56.0,255.255.252.0,8966
266039,45.4.60.0,255.255.252.0,6939
28220,45.4.64.0,255.255.252.0,8966
266069,45.4.68.0,255.255.252.0,4637
265933,45.4.80.0,255.255.252.0,6939
262234,45.4.84.0,255.255.255.0,8966
266071,45.4.120.0,255.255.252.0,4637
22869,45.4.128.0,255.255.252.0,6939
266062,45.4.132.0,255.255.252.0,4637
266049,45.4.144.0,255.255.252.0,8966
55293,45.4.172.0,255.255.252.0,4637
266097,45.4.176.0,255.255.254.0,8966
266429,45.4.178.0,255.255.255.0,8966
266089,45.4.188.0,255.255.252.0,8966
266087,45.4.192.0,255.255.255.0,4637
263238,45.4.200.0,255.255.252.0,4637
266060,45.4.224.0,255.255.255.0,4637
266059,45.4.232.0,255.255.252.0,15412
11835,45.4.236.0,255.255.252.0,4637
265661,45.4.252.0,255.255.254.0,8966
265695,45.5.8.0,255.255.252.0,703
16906,45.5.12.0,255.255.255.0,15412
266068,45.5.14.0,255.255.255.0,8966
266083,45.5.16.0,255.255.252.0,15412
266931,45.5.32.0,255.255.252.0,4637
266107,45.5.44.0,255.255.252.0,8966
266081,45.5.48.0,255.255.252.0,8966
266082,45.5.72.0,255.255.252.0,4637
265680,45.5.76.0,255.255.255.0,15412
52974,45.5.80.0,255.255.252.0,703
266084,45.5.88.0,255.255.252.0,8966
28419,45.5.92.0,255.255.252.0,703
266096,45.5.104.0,255.255.252.0,8966
266092,45.5.108.0,255.255.255.0,8966
266094,45.5.112.0,255.255.252.0,6939
265684,45.5.116.0,255.255.255.0,8966
266098,45.5.136.0,255.255.252.0,8966
269633,45.5.140.0,255.255.252.0,4637
266103,45.5.144.0,255.255.252.0,8966
266114,45.5.156.0,255.255.252.0,4637
266194,45.5.177.0,255.255.255.0,8966
266105,45.5.196.0,255.255.252.0,6939
266106,45.5.200.0,255.255.252.0,8966
266100,45.5.208.0,255.255.254.0,8966
266101,45.5.212.0,255.255.252.0,8966
263569,45.5.220.0,255.255.252.0,6939
265686,45.6.4.0,255.255.255.0,15412
265819,45.6.8.0,255.255.252.0,4637
266117,45.6.12.0,255.255.252.0,8966
266119,45.6.16.0,255.255.252.0,6939
266118,45.6.24.0,255.255.252.0,8966
266121,45.6.28.0,255.255.252.0,8966
270814,45.6.32.0,255.255.252.0,4637
266152,45.6.36.0,255.255.252.0,8966
16371,45.6.48.0,255.255.252.0,703
266129,45.6.92.0,255.255.252.0,8966
266185,45.6.96.0,255.255.252.0,8966
266181,45.6.100.0,255.255.252.0,4637
266130,45.6.108.0,255.255.252.0,8966
266131,45.6.112.0,255.255.252.0,6939
266157,45.6.116.0,255.255.254.0,8966
266136,45.6.136.0,255.255.252.0,8966
28649,45.6.148.0,255.255.252.0,8966
266231,45.6.156.0,255.255.252.0,6939
266196,45.6.160.0,255.255.255.0,8966
266140,45.6.164.0,255.255.252.0,8966
266138,45.6.168.0,255.255.252.0,8966
266139,45.6.172.0,255.255.252.0,8966
266232,45.6.180.0,255.255.252.0,8966
266164,45.6.184.0,255.255.252.0,4637
266169,45.6.188.0,255.255.254.0,8966
266545,45.6.192.0,255.255.252.0,8966
266246,45.6.204.0,255.255.252.0,4637
266250,45.6.208.0,255.255.252.0,8966
266247,45.6.216.0,255.255.252.0,8966
266248,45.6.220.0,255.255.252.0,8966
265724,45.6.224.0,255.255.252.0,8966
61649,45.6.232.0,255.255.252.0,8966
264386,45.6.240.0,255.255.255.0,4637
266606,45.7.12.0,255.255.252.0,4637
266560,45.7.16.0,255.255.252.0,4637
52892,45.7.20.0,255.255.252.0,4637
266568,45.7.24.0,255.255.255.0,8966
266565,45.7.40.0,255.255.255.0,8966
265534,45.7.44.0,255.255.255.0,15412
28146,45.7.48.0,255.255.255.0,4637
266561,45.7.60.0,255.255.255.0,8966
20207,45.7.96.0,255.255.252.0,4637
266583,45.7.100.0,255.255.255.0,8966
28598,45.7.104.0,255.255.252.0,8966
266571,45.7.108.0,255.255.252.0,8966
266573,45.7.112.0,255.255.252.0,8966
266584,45.7.116.0,255.255.252.0,8966
53062,45.7.128.0,255.255.255.0,8966
265535,45.7.137.0,255.255.255.0,703
266605,45.7.144.0,255.255.252.0,4637
266593,45.7.152.0,255.255.252.0,8966
262729,45.7.156.0,255.255.252.0,4637
266592,45.7.164.0,255.255.252.0,703
266591,45.7.172.0,255.255.252.0,8966
266626,45.7.176.0,255.255.252.0,8966
266599,45.7.180.0,255.255.255.0,8966
266607,45.7.192.0,255.255.252.0,8966
266608,45.7.196.0,255.255.252.0,8966
266614,45.7.200.0,255.255.252.0,8966
28580,45.7.204.0,255.255.252.0,8966
28201,45.7.212.0,255.255.252.0,4637
266598,45.7.220.0,255.255.252.0,4637
52368,45.7.228.0,255.255.255.0,8966
266602,45.7.232.0,255.255.252.0,8966
52444,45.7.240.0,255.255.252.0,6939
206276,45.8.12.0,255.255.252.0,6939
49468,45.8.45.0,255.255.255.0,15412
49478,45.8.91.0,255.255.255.0,8359
62010,45.8.110.0,255.255.255.0,8359
4785,45.8.115.0,255.255.255.0,15412
44205,45.8.120.0,255.255.252.0,6939
199508,45.8.128.0,255.255.252.0,6939
200370,45.8.160.0,255.255.255.0,8966
57025,45.8.204.0,255.255.255.0,8966
210732,45.8.205.0,255.255.255.0,6939
203473,45.8.231.0,255.255.255.0,41095
49033,45.8.236.0,255.255.252.0,6939
31736,45.8.240.0,255.255.252.0,15412
4842,45.9.11.0,255.255.255.0,4637
211393,45.9.23.0,255.255.255.0,15412
62206,45.9.29.0,255.255.255.0,4637
209046,45.9.44.0,255.255.252.0,8966
51964,45.9.52.0,255.255.255.0,4637
35421,45.9.56.0,255.255.255.0,6939
202942,45.9.64.0,255.255.255.0,6939
33986,45.9.96.0,255.255.252.0,6939
12709,45.9.100.0,255.255.252.0,15412
212327,45.9.136.0,255.255.252.0,6939
204161,45.9.140.0,255.255.255.0,8359
211619,45.9.156.0,255.255.255.0,4637
133495,45.9.157.0,255.255.255.0,8966
42864,45.9.169.0,255.255.255.0,6939
42490,45.9.180.0,255.255.252.0,6939
62142,45.9.192.0,255.255.255.0,15412
211366,45.9.193.0,255.255.255.0,15412
208975,45.9.195.0,255.255.255.0,8359
51920,45.9.200.0,255.255.252.0,6939
35793,45.9.208.0,255.255.252.0,8966
59909,45.9.220.0,255.255.252.0,6939
51616,45.9.224.0,255.255.252.0,6939
57608,45.9.233.0,255.255.255.0,6939
5588,45.9.235.0,255.255.255.0,15412
209859,45.10.0.0,255.255.255.0,6939
207054,45.10.12.0,255.255.252.0,6939
39521,45.10.16.0,255.255.255.0,8966
23422,45.10.21.0,255.255.255.0,9304
203050,45.10.37.0,255.255.255.0,6939
57521,45.10.39.0,255.255.255.0,4637
198034,45.10.44.0,255.255.255.0,6939
57752,45.10.45.0,255.255.255.0,15412
25431,45.10.48.0,255.255.255.0,8966
59514,45.10.88.0,255.255.255.0,6939
210874,45.10.100.0,255.255.252.0,35280
213220,45.10.111.0,255.255.255.0,8359
61154,45.10.136.0,255.255.255.0,6939
2821,45.10.139.0,255.255.255.0,6939
47954,45.10.140.0,255.255.252.0,41095
214941,45.10.151.0,255.255.255.0,8966
207137,45.10.157.0,255.255.255.0,8966
16262,45.10.174.0,255.255.255.0,8966
198330,45.10.180.0,255.255.252.0,15412
208837,45.10.190.0,255.255.255.0,6939
29075,45.10.224.0,255.255.254.0,6939
57724,45.10.240.0,255.255.255.0,8966
30823,45.11.16.0,255.255.252.0,4637
62103,45.11.23.0,255.255.255.0,8966
40401,45.11.36.0,255.255.255.0,703
202004,45.11.60.0,255.255.252.0,703
134823,45.11.78.0,255.255.255.0,8966
57695,45.11.104.0,255.255.254.0,8966
23961,45.11.104.0,255.255.255.0,8966
201333,45.11.116.0,255.255.252.0,6939
39761,45.11.132.0,255.255.252.0,6939
200851,45.11.160.0,255.255.252.0,8966
216323,45.11.199.0,255.255.255.0,6939
39090,45.11.204.0,255.255.252.0,6939
49824,45.12.24.0,255.255.255.0,4637
208959,45.12.61.0,255.255.255.0,8966
131642,45.12.62.0,255.255.254.0,8966
216300,45.12.68.0,255.255.255.0,6939
8412,45.12.96.0,255.255.255.0,6939
60150,45.12.100.0,255.255.252.0,4637
59780,45.12.116.0,255.255.252.0,15412
61397,45.12.156.0,255.255.252.0,6939
553,45.12.171.0,255.255.255.0,6939
201838,45.12.172.0,255.255.252.0,15412
202914,45.12.178.0,255.255.255.0,15412
680,45.12.192.0,255.255.252.0,6939
202596,45.12.240.0,255.255.252.0,15412
60377,45.13.4.0,255.255.252.0,6939
60757,45.13.16.0,255.255.254.0,41095
49910,45.13.24.0,255.255.255.0,15412
33922,45.13.52.0,255.255.252.0,6939
208956,45.13.65.0,255.255.255.0,8966
51548,45.13.96.0,255.255.252.0,6939
2027,45.13.104.0,255.255.252.0,35280
34854,45.13.118.0,255.255.255.0,6939
212815,45.13.119.0,255.255.255.0,4637
200781,45.13.124.0,255.255.252.0,15412
212700,45.13.146.0,255.255.254.0,6939
199275,45.13.156.0,255.255.252.0,6939
206014,45.13.156.0,255.255.255.0,15412
48213,45.13.172.0,255.255.252.0,35280
204995,45.13.220.0,255.255.255.0,6939
1759,45.14.40.0,255.255.252.0,15412
42032,45.14.60.0,255.255.252.0,4637
206499,45.14.68.0,255.255.255.0,6939
35758,45.14.73.0,255.255.255.0,15412
215424,45.14.76.0,255.255.252.0,6939
57389,45.14.92.0,255.255.252.0,6939
8888,45.14.105.0,255.255.255.0,8966
6768,45.14.108.0,255.255.252.0,8359
215955,45.14.167.0,255.255.255.0,6939
208924,45.14.172.0,255.255.255.0,8359
200187,45.14.173.0,255.255.255.0,6939
31742,45.14.228.0,255.255.252.0,15412
206236,45.14.232.0,255.255.254.0,6939
13009,45.14.252.0,255.255.255.0,15412
3342,45.15.7.0,255.255.255.0,15412
49775,45.15.40.0,255.255.255.0,15412
12357,45.15.48.0,255.255.252.0,8966
28875,45.15.80.0,255.255.255.0,35280
34568,45.15.100.0,255.255.255.0,15412
33984,45.15.101.0,255.255.255.0,15412
60042,45.15.157.0,255.255.255.0,15412
57986,45.15.200.0,255.255.255.0,8966
33930,45.15.212.0,255.255.252.0,35280
197915,45.15.216.0,255.255.252.0,6939
57468,45.15.220.0,255.255.252.0,6939
48399,45.15.254.0,255.255.255.0,8359
19787,45.33.202.0,255.255.254.0,703
15305,45.33.222.0,255.255.254.0,6939
998,45.38.26.0,255.255.255.0,6939
40950,45.38.51.0,255.255.255.0,8359
62160,45.38.85.0,255.255.255.0,8966
64445,45.38.99.0,255.255.255.0,6939
268624,45.39.210.0,255.255.255.0,8966
5009,45.41.16.0,255.255.252.0,6939
399924,45.41.32.0,255.255.255.0,8966
62874,45.41.128.0,255.255.252.0,15412
22653,45.41.186.0,255.255.254.0,6939
33154,45.41.203.0,255.255.255.0,6939
54841,45.41.236.0,255.255.252.0,6939
397301,45.41.253.0,255.255.255.0,8966
33339,45.42.28.0,255.255.252.0,15412
51791,45.42.42.0,255.255.255.0,8966
33132,45.42.56.0,255.255.248.0,15412
21743,45.42.141.0,255.255.255.0,6939
398335,45.42.156.0,255.255.252.0,6939
396509,45.42.160.0,255.255.252.0,4637
395768,45.42.192.0,255.255.252.0,6939
399135,45.42.244.0,255.255.255.0,4637
204928,45.42.247.0,255.255.255.0,15412
398395,45.43.12.0,255.255.254.0,35280
201106,45.43.29.0,255.255.255.0,8359
5089,45.43.168.0,255.255.252.0,15412
53828,45.43.240.0,255.255.240.0,8966
54198,45.44.103.0,255.255.255.0,6939
30221,45.45.139.0,255.255.255.0,15412
399760,45.45.148.0,255.255.255.0,6939
32030,45.45.168.0,255.255.255.0,8966
32298,45.45.171.0,255.255.255.0,15412
22534,45.45.180.0,255.255.252.0,8966
395567,45.45.213.0,255.255.255.0,6939
1011,45.45.248.0,255.255.255.0,9304
63911,45.54.11.0,255.255.255.0,24482
29997,45.54.64.0,255.255.255.0,41095
64200,45.56.203.0,255.255.255.0,8966
11979,45.56.208.0,255.255.248.0,6939
40092,45.56.216.0,255.255.248.0,4637
203101,45.56.224.0,255.255.248.0,4637
18447,45.58.62.0,255.255.255.0,15412
19679,45.58.64.0,255.255.240.0,4637
13347,45.58.251.0,255.255.255.0,15412
54182,45.59.72.0,255.255.248.0,8966
11796,45.59.108.0,255.255.252.0,8359
906,45.59.184.0,255.255.255.0,9304
52041,45.61.173.0,255.255.255.0,4637
29848,45.62.0.0,255.255.224.0,6939
31882,45.62.128.0,255.255.224.0,15412
13150,45.62.176.0,255.255.255.0,4637
31798,45.62.192.0,255.255.255.0,8966
38778,45.64.4.0,255.255.254.0,7713
45773,45.64.24.0,255.255.255.0,8966
38841,45.64.28.0,255.255.252.0,4637
9650,45.64.68.0,255.255.252.0,15412
134739,45.64.72.0,255.255.255.0,4637
135360,45.64.97.0,255.255.255.0,6939
45786,45.64.100.0,255.255.252.0,8966
133399,45.64.116.0,255.255.252.0,6939
9927,45.64.120.0,255.255.255.0,9304
45634,45.64.128.0,255.255.252.0,8966
134844,45.64.148.0,255.255.252.0,15412
38200,45.64.164.0,255.255.255.0,8966
132933,45.64.188.0,255.255.252.0,35280
18015,45.64.203.0,255.255.255.0,4637
132563,45.64.216.0,255.255.255.0,35280
131627,45.64.228.0,255.255.252.0,15412
17924,45.64.240.0,255.255.252.0,9304
17660,45.64.248.0,255.255.252.0,6939
18024,45.64.251.0,255.255.255.0,6939
45294,45.64.252.0,255.255.255.0,7713
134134,45.65.58.0,255.255.255.0,8359
265715,45.65.148.0,255.255.252.0,4637
7063,45.65.156.0,255.255.252.0,703
266266,45.65.180.0,255.255.255.0,6939
28343,45.65.196.0,255.255.252.0,4637
266268,45.65.208.0,255.255.252.0,8966
266525,45.65.212.0,255.255.252.0,8966
266725,45.65.224.0,255.255.252.0,4637
262617,45.65.228.0,255.255.252.0,8966
269822,45.65.232.0,255.255.252.0,8966
35360,45.66.4.0,255.255.252.0,35280
207668,45.66.20.0,255.255.254.0,6939
50107,45.66.24.0,255.255.252.0,41095
200736,45.66.40.0,255.255.252.0,35280
31287,45.66.44.0,255.255.255.0,703
35224,45.66.76.0,255.255.252.0,6939
13135,45.66.88.0,255.255.252.0,6939
50017,45.66.88.0,255.255.255.0,15412
31617,45.66.100.0,255.255.252.0,6939
43619,45.66.108.0,255.255.252.0,6939
24929,45.66.140.0,255.255.252.0,8359
212751,45.66.144.0,255.255.255.0,8966
141968,45.66.153.0,255.255.255.0,7713
35482,45.66.180.0,255.255.255.0,6939
201746,45.66.212.0,255.255.254.0,8966
209408,45.66.224.0,255.255.252.0,6939
203434,45.66.232.0,255.255.254.0,35280
39257,45.67.28.0,255.255.252.0,15412
209805,45.67.32.0,255.255.255.0,8966
202838,45.67.33.0,255.255.255.0,41095
139648,45.67.53.0,255.255.255.0,4637
211858,45.67.82.0,255.255.255.0,15412
207910,45.67.83.0,255.255.255.0,35280
209970,45.67.112.0,255.255.252.0,6939
62013,45.67.118.0,255.255.254.0,15412
39679,45.67.156.0,255.255.255.0,6939
215366,45.67.157.0,255.255.255.0,6939
39878,45.67.168.0,255.255.252.0,6939
39328,45.67.180.0,255.255.252.0,8966
273189,45.67.246.0,255.255.254.0,6939
64150,45.68.33.0,255.255.255.0,8966
64112,45.68.47.0,255.255.255.0,4637
273165,45.68.52.0,255.255.255.0,8966
274106,45.68.96.0,255.255.255.0,4637
265817,45.70.8.0,255.255.255.0,4637
267544,45.70.32.0,255.255.252.0,4637
264162,45.70.52.0,255.255.252.0,8966
267566,45.70.64.0,255.255.252.0,8966
265447,45.70.72.0,255.255.255.0,8966
267616,45.70.92.0,255.255.252.0,4637
267567,45.70.100.0,255.255.252.0,4637
61937,45.70.104.0,255.255.252.0,8966
267563,45.70.128.0,255.255.252.0,8966
263537,45.70.140.0,255.255.252.0,8966
267654,45.70.156.0,255.255.252.0,4637
267575,45.70.160.0,255.255.252.0,8966
267576,45.70.176.0,255.255.252.0,8966
267594,45.70.188.0,255.255.252.0,8966
267587,45.70.212.0,255.255.252.0,8966
267588,45.70.216.0,255.255.255.0,8966
265826,45.70.228.0,255.255.252.0,8966
267610,45.70.248.0,255.255.252.0,8966
267595,45.71.12.0,255.255.252.0,6939
262689,45.71.24.0,255.255.252.0,8966
268738,45.71.28.0,255.255.252.0,4637
267634,45.71.40.0,255.255.255.0,4637
273316,45.71.42.0,255.255.254.0,8966
265830,45.71.44.0,255.255.252.0,4637
27983,45.71.56.0,255.255.252.0,4637
264525,45.71.80.0,255.255.252.0,8966
267618,45.71.88.0,255.255.255.0,4637
267614,45.71.108.0,255.255.252.0,6939
267620,45.71.124.0,255.255.252.0,8966
267664,45.71.132.0,255.255.252.0,8966
266917,45.71.140.0,255.255.252.0,8966
267638,45.71.160.0,255.255.252.0,4637
267621,45.71.164.0,255.255.252.0,4637
3816,45.71.180.0,255.255.255.0,6939
262186,45.71.181.0,255.255.255.0,4637
267642,45.71.192.0,255.255.252.0,8966
265828,45.71.196.0,255.255.252.0,4637
28100,45.71.204.0,255.255.255.0,6939
269597,45.71.208.0,255.255.252.0,6939
267623,45.71.212.0,255.255.254.0,8966
267629,45.71.216.0,255.255.252.0,4637
26292,45.73.128.0,255.255.240.0,6939
34450,45.74.3.0,255.255.255.0,6939
38628,45.75.0.0,255.255.128.0,8966
49425,45.75.128.0,255.255.128.0,6939
23252,45.78.96.0,255.255.224.0,6939
150436,45.78.192.0,255.255.248.0,7713
41652,45.80.0.0,255.255.252.0,6939
47454,45.80.40.0,255.255.252.0,6939
208954,45.80.44.0,255.255.252.0,8966
39640,45.80.82.0,255.255.255.0,8966
208905,45.80.88.0,255.255.252.0,8966
208898,45.80.132.0,255.255.254.0,15412
25581,45.81.12.0,255.255.252.0,8966
211056,45.81.16.0,255.255.255.0,8966
328543,45.81.34.0,255.255.255.0,9304
43197,45.81.37.0,255.255.255.0,8359
208882,45.81.40.0,255.255.255.0,6939
41644,45.81.64.0,255.255.252.0,6939
208859,45.81.144.0,255.255.255.0,8966
64236,45.81.150.0,255.255.255.0,8966
216392,45.81.152.0,255.255.254.0,4637
42487,45.81.172.0,255.255.252.0,6939
52075,45.81.196.0,255.255.252.0,15412
60456,45.81.204.0,255.255.252.0,6939
20565,45.81.208.0,255.255.252.0,8966
60439,45.82.92.0,255.255.255.0,8966
42184,45.82.124.0,255.255.252.0,6939
208844,45.82.128.0,255.255.255.0,6939
60587,45.82.168.0,255.255.252.0,6939
200023,45.82.184.0,255.255.252.0,6939
50316,45.82.202.0,255.255.255.0,6939
59842,45.82.208.0,255.255.255.0,35280
212372,45.83.0.0,255.255.254.0,8359
212396,45.83.30.0,255.255.255.0,6939
208821,45.83.32.0,255.255.255.0,8966
204548,45.83.41.0,255.255.255.0,15412
29014,45.83.108.0,255.255.252.0,6939
21476,45.83.156.0,255.255.252.0,6939
57793,45.83.168.0,255.255.252.0,4637
42156,45.83.172.0,255.255.252.0,49544
211588,45.83.205.0,255.255.255.0,6939
39351,45.83.220.0,255.255.255.0,6939
203391,45.83.248.0,255.255.255.0,8359
8342,45.84.3.0,255.255.255.0,8359
39591,45.84.4.0,255.255.252.0,6939
32338,45.84.28.0,255.255.254.0,8359
35710,45.84.32.0,255.255.255.0,9304
213746,45.84.76.0,255.255.254.0,6939
21056,45.84.140.0,255.255.252.0,6939
206805,45.84.152.0,255.255.254.0,8359
59466,45.84.172.0,255.255.252.0,703
211659,45.84.178.0,255.255.255.0,8359
199364,45.84.192.0,255.255.255.0,703
208802,45.84.200.0,255.255.252.0,4637
208591,45.84.208.0,255.255.252.0,6939
60667,45.84.211.0,255.255.255.0,15412
135392,45.84.242.0,255.255.255.0,8966
208791,45.85.36.0,255.255.252.0,6939
200245,45.85.44.0,255.255.252.0,15412
208016,45.85.48.0,255.255.252.0,35280
58317,45.85.72.0,255.255.255.0,15412
48448,45.85.73.0,255.255.255.0,6939
198545,45.85.80.0,255.255.252.0,6939
9100,45.85.96.0,255.255.255.0,6939
35394,45.85.136.0,255.255.252.0,6939
44489,45.85.172.0,255.255.252.0,6939
50247,45.85.184.0,255.255.254.0,703
199980,45.85.208.0,255.255.252.0,6939
206703,45.85.252.0,255.255.252.0,6939
199439,45.86.32.0,255.255.255.0,15412
49088,45.86.108.0,255.255.252.0,6939
213392,45.86.126.0,255.255.255.0,4637
34924,45.86.127.0,255.255.255.0,6939
9044,45.86.132.0,255.255.254.0,15412
209433,45.86.136.0,255.255.255.0,6939
21368,45.86.137.0,255.255.255.0,6939
199348,45.86.148.0,255.255.252.0,6939
212794,45.86.152.0,255.255.255.0,6939
200950,45.86.153.0,255.255.255.0,4637
15969,45.86.212.0,255.255.252.0,703
48294,45.86.222.0,255.255.254.0,8966
208732,45.87.32.0,255.255.252.0,6939
206476,45.87.64.0,255.255.252.0,6939
208725,45.87.76.0,255.255.252.0,35280
53808,45.87.102.0,255.255.254.0,41095
51247,45.87.107.0,255.255.255.0,6939
42280,45.87.122.0,255.255.255.0,15412
208398,45.87.132.0,255.255.252.0,15412
47447,45.87.136.0,255.255.255.0,6939
208879,45.87.140.0,255.255.252.0,8359
48596,45.87.158.0,255.255.254.0,4637
208949,45.88.0.0,255.255.255.0,4637
57255,45.88.4.0,255.255.255.0,703
203976,45.88.36.0,255.255.255.0,8966
786,45.88.80.0,255.255.254.0,15412
209693,45.88.88.0,255.255.255.0,41095
47159,45.88.94.0,255.255.254.0,6939
48025,45.88.96.0,255.255.255.0,6939
30081,45.88.132.0,255.255.252.0,8966
216384,45.88.159.0,255.255.255.0,41095
200232,45.88.226.0,255.255.255.0,35280
36231,45.88.228.0,255.255.255.0,8966
49415,45.88.232.0,255.255.255.0,15412
62321,45.89.8.0,255.255.255.0,15412
212280,45.89.20.0,255.255.255.0,4637
204582,45.89.22.0,255.255.255.0,8359
265919,45.89.30.0,255.255.255.0,4637
207044,45.89.44.0,255.255.252.0,15412
29611,45.89.56.0,255.255.252.0,15412
49418,45.89.62.0,255.255.255.0,41095
211358,45.89.149.0,255.255.255.0,4637
205614,45.89.160.0,255.255.252.0,6939
48112,45.89.164.0,255.255.252.0,6939
204989,45.89.168.0,255.255.252.0,6939
28716,45.89.180.0,255.255.252.0,6939
34947,45.89.200.0,255.255.255.0,8966
202087,45.89.212.0,255.255.252.0,15412
203140,45.90.2.0,255.255.254.0,6939
201228,45.90.10.0,255.255.255.0,4637
34927,45.90.18.0,255.255.255.0,4637
8896,45.90.36.0,255.255.255.0,6939
201933,45.90.42.0,255.255.255.0,6939
20911,45.90.90.0,255.255.254.0,703
34819,45.90.100.0,255.255.252.0,6939
39421,45.90.160.0,255.255.255.0,4637
47755,45.90.164.0,255.255.252.0,6939
208449,45.90.168.0,255.255.255.0,6939
209993,45.90.192.0,255.255.252.0,15412
9312,45.90.208.0,255.255.255.0,7713
26141,45.90.237.0,255.255.255.0,6939
212190,45.90.239.0,255.255.255.0,8966
35278,45.91.8.0,255.255.255.0,8966
59645,45.91.12.0,255.255.252.0,4637
215250,45.91.12.0,255.255.255.0,4637
48886,45.91.68.0,255.255.252.0,6939
203059,45.91.120.0,255.255.255.0,6939
208627,45.91.126.0,255.255.255.0,35280
9335,45.91.132.0,255.255.255.0,4637
208608,45.91.204.0,255.255.252.0,7713
31276,45.91.212.0,255.255.252.0,35280
25082,45.91.216.0,255.255.252.0,8359
214743,45.91.224.0,255.255.255.0,8966
212655,45.92.44.0,255.255.252.0,6939
213027,45.92.48.0,255.255.252.0,6939
200424,45.92.56.0,255.255.255.0,8966
204818,45.92.108.0,255.255.252.0,35280
13002,45.92.131.0,255.255.255.0,41095
58096,45.93.4.0,255.255.252.0,41095
142578,45.93.18.0,255.255.254.0,15412
207176,45.93.48.0,255.255.252.0,6939
57393,45.93.62.0,255.255.254.0,8966
62241,45.93.132.0,255.255.252.0,8359
209687,45.93.156.0,255.255.252.0,8359
47377,45.93.164.0,255.255.254.0,6939
35444,45.93.220.0,255.255.252.0,6939
204457,45.94.5.0,255.255.255.0,8966
8895,45.94.15.0,255.255.255.0,8966
20766,45.94.17.0,255.255.255.0,35280
201211,45.94.21.0,255.255.255.0,8359
199775,45.94.32.0,255.255.252.0,15412
62386,45.94.94.0,255.255.255.0,703
42148,45.94.116.0,255.255.252.0,41095
52193,45.94.140.0,255.255.252.0,8966
208594,45.94.148.0,255.255.255.0,8966
214922,45.94.213.0,255.255.255.0,8966
208592,45.94.216.0,255.255.255.0,8359
57814,45.95.20.0,255.255.255.0,8966
210805,45.95.22.0,255.255.255.0,6939
206892,45.95.44.0,255.255.252.0,6939
200303,45.95.52.0,255.255.252.0,4637
50124,45.95.113.0,255.255.255.0,15412
212983,45.95.188.0,255.255.255.0,8359
213494,45.95.189.0,255.255.255.0,6939
132137,45.112.0.0,255.255.255.0,15412
45230,45.112.60.0,255.255.255.0,4637
133605,45.112.72.0,255.255.255.0,8966
134078,45.112.76.0,255.255.252.0,24482
45455,45.112.140.0,255.255.252.0,4637
45769,45.112.144.0,255.255.255.0,35280
715,45.112.180.0,255.255.252.0,4637
134088,45.112.196.0,255.255.252.0,15412
133660,45.112.200.0,255.255.255.0,35280
4638,45.112.224.0,255.255.252.0,4637
63956,45.112.244.0,255.255.252.0,4637
55577,45.112.252.0,255.255.252.0,15412
45179,45.113.8.0,255.255.252.0,4637
63959,45.113.32.0,255.255.255.0,8966
38084,45.113.36.0,255.255.252.0,4637
140627,45.113.82.0,255.255.255.0,140627
58715,45.113.132.0,255.255.252.0,8966
133012,45.113.164.0,255.255.255.0,8966
55967,45.113.192.0,255.255.255.0,6939
199752,45.113.236.0,255.255.255.0,6939
215512,45.113.237.0,255.255.255.0,4637
38278,45.114.28.0,255.255.252.0,9304
133695,45.114.48.0,255.255.255.0,35280
63969,45.114.85.0,255.255.255.0,8966
134116,45.114.88.0,255.255.252.0,8966
134451,45.114.118.0,255.255.255.0,7713
45194,45.114.156.0,255.255.255.0,15412
50292,45.114.220.0,255.255.252.0,15412
132168,45.114.236.0,255.255.252.0,9304
134138,45.115.20.0,255.255.252.0,15412
142647,45.115.42.0,255.255.255.0,8966
137166,45.115.52.0,255.255.255.0,35280
58731,45.115.72.0,255.255.255.0,7713
133593,45.115.76.0,255.255.252.0,35280
23674,45.115.84.0,255.255.255.0,8966
134026,45.115.104.0,255.255.252.0,35280
55828,45.115.112.0,255.255.252.0,8966
63873,45.115.136.0,255.255.254.0,8966
132960,45.115.172.0,255.255.255.0,35280
134022,45.115.184.0,255.255.255.0,35280
9253,45.115.196.0,255.255.252.0,9304
18222,45.115.216.0,255.255.255.0,35280
31972,45.115.228.0,255.255.252.0,4637
134160,45.115.232.0,255.255.252.0,35280
23752,45.116.20.0,255.255.252.0,8966
58898,45.116.112.0,255.255.252.0,15412
139468,45.116.134.0,255.255.254.0,4637
133823,45.116.156.0,255.255.254.0,7713
133301,45.116.228.0,255.255.252.0,15412
135724,45.117.28.0,255.255.255.0,35280
9484,45.117.32.0,255.255.252.0,6939
150774,45.117.61.0,255.255.255.0,8966
135341,45.117.62.0,255.255.255.0,8966
134190,45.117.123.0,255.255.255.0,35280
58762,45.117.180.0,255.255.255.0,35280
4628,45.117.188.0,255.255.252.0,24482
215385,45.117.232.0,255.255.252.0,6939
133421,45.117.236.0,255.255.252.0,18106
45355,45.117.240.0,255.255.252.0,4637
7629,45.118.36.0,255.255.252.0,4637
133957,45.118.68.0,255.255.255.0,8966
131717,45.118.112.0,255.255.255.0,24482
45557,45.118.136.0,255.255.252.0,4637
133652,45.118.164.0,255.255.254.0,15412
134220,45.118.188.0,255.255.252.0,4637
45905,45.118.244.0,255.255.255.0,8966
13444,45.119.6.0,255.255.255.0,8966
134674,45.119.28.0,255.255.255.0,15412
9732,45.119.92.0,255.255.252.0,9304
59185,45.119.112.0,255.255.252.0,15412
56300,45.119.152.0,255.255.255.0,24482
133136,45.119.156.0,255.255.255.0,24482
131435,45.119.216.0,255.255.252.0,4637
131418,45.119.240.0,255.255.252.0,4637
59191,45.120.56.0,255.255.254.0,15412
63996,45.120.112.0,255.255.252.0,8966
132934,45.120.124.0,255.255.252.0,15412
56147,45.120.228.0,255.255.252.0,9304
132300,45.121.60.0,255.255.255.0,9304
132447,45.121.88.0,255.255.255.0,4637
56149,45.121.160.0,255.255.252.0,4637
32590,45.121.184.0,255.255.255.0,4637
137991,45.121.188.0,255.255.255.0,8966
131702,45.121.217.0,255.255.255.0,8966
133797,45.122.56.0,255.255.252.0,35280
133403,45.122.228.0,255.255.255.0,35280
133287,45.123.4.0,255.255.252.0,4637
17483,45.123.24.0,255.255.255.0,35280
133398,45.123.88.0,255.255.255.0,9304
134094,45.123.116.0,255.255.255.0,4637
152049,45.123.140.0,255.255.254.0,7713
152026,45.123.142.0,255.255.255.0,7713
141490,45.123.216.0,255.255.254.0,15412
134196,45.124.24.0,255.255.252.0,9304
55705,45.124.108.0,255.255.255.0,4637
135846,45.124.140.0,255.255.255.0,4637
133255,45.124.144.0,255.255.252.0,15412
10122,45.124.252.0,255.255.255.0,8359
56308,45.125.20.0,255.255.252.0,7713
64047,45.125.112.0,255.255.255.0,9304
10105,45.125.124.0,255.255.255.0,4637
9287,45.125.128.0,255.255.252.0,4637
149535,45.125.152.0,255.255.255.0,35280
132220,45.125.153.0,255.255.255.0,35280
45469,45.125.156.0,255.255.255.0,35280
24183,45.125.168.0,255.255.252.0,15412
45896,45.125.200.0,255.255.252.0,4637
138995,45.125.216.0,255.255.255.0,4637
63526,45.125.220.0,255.255.255.0,8966
133880,45.125.228.0,255.255.255.0,9304
134544,45.126.0.0,255.255.255.0,24482
4646,45.126.4.0,255.255.255.0,4637
132540,45.126.20.0,255.255.255.0,15412
64300,45.126.40.0,255.255.254.0,7713
132647,45.126.56.0,255.255.255.0,41095
56241,45.126.152.0,255.255.255.0,7713
134014,45.126.168.0,255.255.255.0,15412
17451,45.126.184.0,255.255.252.0,7713
132986,45.126.188.0,255.255.252.0,35280
11179,45.126.244.0,255.255.255.0,4637
133000,45.126.252.0,255.255.255.0,15412
134937,45.127.104.0,255.255.255.0,35280
45284,45.127.108.0,255.255.255.0,15412
17726,45.127.152.0,255.255.252.0,9304
23944,45.127.164.0,255.255.252.0,17639
134687,45.127.187.0,255.255.255.0,17639
17771,45.127.190.0,255.255.255.0,15412
38244,45.127.252.0,255.255.252.0,9304
201290,45.128.0.0,255.255.252.0,6939
208569,45.128.8.0,255.255.252.0,6939
208126,45.128.68.0,255.255.255.0,15412
39201,45.128.69.0,255.255.255.0,6939
12571,45.128.100.0,255.255.252.0,6939
43073,45.128.108.0,255.255.252.0,703
208570,45.128.120.0,255.255.255.0,703
50979,45.128.151.0,255.255.255.0,6939
208566,45.128.216.0,255.255.255.0,6939
6681,45.128.218.0,255.255.255.0,6939
51659,45.129.2.0,255.255.254.0,8966
34080,45.129.24.0,255.255.252.0,6939
44076,45.129.40.0,255.255.248.0,15412
198769,45.129.76.0,255.255.255.0,8359
204049,45.129.77.0,255.255.255.0,8359
51531,45.129.80.0,255.255.252.0,6939
212123,45.129.94.0,255.255.255.0,4637
207960,45.129.95.0,255.255.255.0,4637
201094,45.129.97.0,255.255.255.0,8359
208522,45.129.100.0,255.255.252.0,6939
209810,45.129.106.0,255.255.255.0,15412
48518,45.129.108.0,255.255.252.0,15412
203172,45.129.144.0,255.255.252.0,49544
60501,45.129.160.0,255.255.252.0,6939
205185,45.129.172.0,255.255.252.0,6939
58280,45.129.224.0,255.255.252.0,35280
24482,45.129.229.0,255.255.255.0,24482
208540,45.129.252.0,255.255.254.0,6939
56958,45.130.16.0,255.255.252.0,8966
202548,45.130.45.0,255.255.255.0,6939
208976,45.130.46.0,255.255.255.0,6939
42201,45.130.84.0,255.255.255.0,6939
208920,45.130.108.0,255.255.252.0,6939
44558,45.130.156.0,255.255.255.0,6939
58314,45.130.172.0,255.255.255.0,8966
12731,45.130.192.0,255.255.254.0,6939
34661,45.130.244.0,255.255.252.0,8359
207187,45.130.248.0,255.255.252.0,6939
200254,45.131.8.0,255.255.252.0,6939
57578,45.131.68.0,255.255.254.0,8359
41529,45.131.84.0,255.255.252.0,6939
39389,45.131.88.0,255.255.254.0,15412
204745,45.131.150.0,255.255.255.0,6939
213802,45.131.152.0,255.255.255.0,9304
35004,45.131.164.0,255.255.255.0,8359
42066,45.131.165.0,255.255.255.0,8359
203222,45.131.204.0,255.255.252.0,6939
43648,45.131.236.0,255.255.255.0,6939
208501,45.131.240.0,255.255.252.0,35280
51154,45.131.244.0,255.255.252.0,4637
209311,45.132.2.0,255.255.255.0,15412
51198,45.132.8.0,255.255.255.0,49544
8447,45.132.35.0,255.255.255.0,15412
49079,45.132.44.0,255.255.252.0,6939
206775,45.132.68.0,255.255.252.0,4637
39862,45.132.92.0,255.255.255.0,6939
207992,45.132.96.0,255.255.255.0,4637
61272,45.132.194.0,255.255.255.0,4637
57530,45.132.204.0,255.255.255.0,41095
51569,45.132.208.0,255.255.252.0,6939
51519,45.132.232.0,255.255.252.0,6939
199961,45.132.254.0,255.255.255.0,8359
198763,45.133.48.0,255.255.252.0,6939
35489,45.133.100.0,255.255.255.0,6939
60022,45.133.160.0,255.255.252.0,6939
42638,45.133.164.0,255.255.252.0,6939
213281,45.133.188.0,255.255.255.0,15412
205063,45.133.218.0,255.255.255.0,15412
58172,45.133.232.0,255.255.254.0,41095
59829,45.133.242.0,255.255.255.0,6939
199939,45.133.248.0,255.255.254.0,6939
198953,45.134.26.0,255.255.255.0,41095
203714,45.134.60.0,255.255.254.0,8359
140723,45.134.98.0,255.255.255.0,4637
205199,45.134.120.0,255.255.252.0,7713
216230,45.134.164.0,255.255.252.0,6939
43861,45.134.176.0,255.255.254.0,35280
31169,45.134.208.0,255.255.252.0,6939
34985,45.135.48.0,255.255.255.0,6939
23865,45.135.49.0,255.255.255.0,6939
209528,45.135.64.0,255.255.252.0,6939
12555,45.135.92.0,255.255.252.0,8359
8495,45.135.106.0,255.255.255.0,6939
133219,45.135.149.0,255.255.255.0,9304
57304,45.135.167.0,255.255.255.0,6939
208457,45.135.172.0,255.255.252.0,6939
51396,45.135.193.0,255.255.255.0,4637
197968,45.135.215.0,255.255.255.0,41095
51310,45.135.216.0,255.255.252.0,6939
59692,45.135.239.0,255.255.255.0,6939
212980,45.135.250.0,255.255.255.0,6939
61205,45.136.92.0,255.255.252.0,35280
61241,45.136.132.0,255.255.254.0,6939
58057,45.136.136.0,255.255.252.0,4637
215680,45.136.141.0,255.255.255.0,4637
214209,45.137.99.0,255.255.255.0,8359
205638,45.137.112.0,255.255.254.0,8359
60350,45.137.176.0,255.255.252.0,6939
44901,45.137.220.0,255.255.255.0,703
205879,45.137.227.0,255.255.255.0,6939
208867,45.137.236.0,255.255.252.0,6939
44377,45.137.248.0,255.255.252.0,703
60144,45.138.36.0,255.255.252.0,6939
20810,45.138.56.0,255.255.252.0,6939
208414,45.138.104.0,255.255.255.0,8966
25428,45.138.171.0,255.255.255.0,4637
215761,45.138.183.0,255.255.255.0,8966
39522,45.138.222.0,255.255.255.0,6939
60542,45.139.8.0,255.255.254.0,8966
62366,45.139.17.0,255.255.255.0,8359
34959,45.139.24.0,255.255.252.0,8966
44061,45.139.92.0,255.255.255.0,6939
209902,45.139.96.0,255.255.254.0,6939
59504,45.139.184.0,255.255.252.0,8966
214466,45.139.199.0,255.255.255.0,8966
202984,45.139.237.0,255.255.255.0,8966
199947,45.140.84.0,255.255.252.0,6939
48813,45.140.108.0,255.255.252.0,15412
205530,45.140.112.0,255.255.252.0,6939
200081,45.140.124.0,255.255.255.0,6939
198895,45.140.133.0,255.255.255.0,15412
47720,45.140.144.0,255.255.255.0,35280
49612,45.140.145.0,255.255.255.0,8966
268581,45.140.192.0,255.255.254.0,8966
202425,45.140.222.0,255.255.255.0,6939
49151,45.141.1.0,255.255.255.0,6939
212508,45.141.57.0,255.255.255.0,8966
207190,45.141.68.0,255.255.255.0,8966
3399,45.141.108.0,255.255.252.0,6939
33387,45.141.131.0,255.255.255.0,8966
16247,45.141.155.0,255.255.255.0,15412
8823,45.141.188.0,255.255.252.0,6939
198150,45.141.217.0,255.255.255.0,6939
208376,45.141.228.0,255.255.252.0,6939
203759,45.142.7.0,255.255.255.0,15412
203847,45.142.15.0,255.255.255.0,15412
48873,45.142.32.0,255.255.252.0,8359
206366,45.142.68.0,255.255.252.0,8966
34605,45.142.88.0,255.255.255.0,4637
208367,45.142.100.0,255.255.255.0,4637
39287,45.142.140.0,255.255.252.0,6939
205051,45.142.168.0,255.255.252.0,15412
204916,45.142.210.0,255.255.255.0,8966
140543,45.142.237.0,255.255.255.0,4637
58313,45.142.244.0,255.255.255.0,8966
397735,45.142.248.0,255.255.255.0,4637
208324,45.143.31.0,255.255.255.0,703
61013,45.143.40.0,255.255.252.0,6939
21339,45.143.120.0,255.255.254.0,6939
47196,45.143.136.0,255.255.252.0,8966
50474,45.143.168.0,255.255.255.0,8966
208337,45.143.180.0,255.255.255.0,703
208339,45.143.204.0,255.255.252.0,8966
51579,45.143.236.0,255.255.254.0,8359
208992,45.144.42.0,255.255.255.0,41095
210447,45.144.43.0,255.255.255.0,8359
203201,45.144.60.0,255.255.252.0,35280
50628,45.144.92.0,255.255.252.0,35280
197293,45.144.140.0,255.255.255.0,6939
9028,45.144.155.0,255.255.255.0,8966
205243,45.144.200.0,255.255.252.0,6939
8151,45.144.224.0,255.255.255.0,6939
29457,45.144.236.0,255.255.254.0,8966
208258,45.144.244.0,255.255.255.0,9304
203936,45.144.248.0,255.255.252.0,8966
205235,45.145.93.0,255.255.255.0,6939
26210,45.145.132.0,255.255.255.0,6939
16158,45.145.173.0,255.255.255.0,703
15391,45.145.208.0,255.255.252.0,6939
200918,45.145.220.0,255.255.252.0,6939
13101,45.145.236.0,255.255.252.0,15412
39801,45.146.35.0,255.255.255.0,6939
50374,45.146.64.0,255.255.252.0,41095
208628,45.146.114.0,255.255.255.0,8966
35122,45.146.140.0,255.255.252.0,15412
6769,45.146.192.0,255.255.254.0,6939
57965,45.146.194.0,255.255.254.0,4637
41405,45.146.212.0,255.255.252.0,6939
201691,45.146.240.0,255.255.255.0,6939
201868,45.147.20.0,255.255.255.0,6939
41290,45.147.40.0,255.255.255.0,15412
62000,45.147.96.0,255.255.254.0,4637
42151,45.147.148.0,255.255.255.0,8359
267121,45.147.226.0,255.255.255.0,8966
48305,45.148.0.0,255.255.252.0,4637
42692,45.148.20.0,255.255.255.0,4637
52106,45.148.40.0,255.255.252.0,6939
212066,45.148.65.0,255.255.255.0,8966
199496,45.148.88.0,255.255.252.0,8966
50903,45.148.156.0,255.255.252.0,6939
205668,45.148.168.0,255.255.252.0,6939
203089,45.148.214.0,255.255.255.0,8966
21473,45.148.216.0,255.255.254.0,6939
30766,45.148.218.0,255.255.254.0,7713
401922,45.149.4.0,255.255.255.0,8966
20141,45.149.103.0,255.255.255.0,4637
46616,45.149.120.0,255.255.255.0,4637
29405,45.149.176.0,255.255.255.0,6939
208486,45.149.180.0,255.255.254.0,8966
198935,45.149.208.0,255.255.255.0,6939
57653,45.149.241.0,255.255.255.0,15412
44547,45.149.242.0,255.255.255.0,8966
6789,45.149.244.0,255.255.252.0,8359
56595,45.149.252.0,255.255.252.0,6939
15466,45.150.28.0,255.255.252.0,4637
45009,45.150.40.0,255.255.252.0,35280
210412,45.150.57.0,255.255.255.0,6939
215402,45.150.66.0,255.255.255.0,6939
33843,45.150.68.0,255.255.255.0,6939
60893,45.150.104.0,255.255.252.0,15412
5631,45.150.140.0,255.255.252.0,6939
51944,45.150.151.0,255.255.255.0,6939
208236,45.150.152.0,255.255.255.0,4637
329272,45.150.188.0,255.255.252.0,8966
209326,45.150.228.0,255.255.255.0,15412
215147,45.151.56.0,255.255.255.0,8966
200759,45.151.84.0,255.255.255.0,35280
59745,45.151.92.0,255.255.255.0,35280
215432,45.151.124.0,255.255.255.0,6939
30813,45.151.216.0,255.255.252.0,6939
201675,45.151.220.0,255.255.252.0,4637
44125,45.152.24.0,255.255.252.0,8359
50917,45.152.39.0,255.255.255.0,4637
48362,45.152.52.0,255.255.252.0,6939
912,45.152.56.0,255.255.252.0,15412
11342,45.152.56.0,255.255.254.0,703
211615,45.152.70.0,255.255.255.0,4637
3255,45.152.72.0,255.255.252.0,8359
45040,45.152.76.0,255.255.255.0,6939
206841,45.152.80.0,255.255.255.0,4637
34820,45.152.96.0,255.255.255.0,15412
39699,45.152.104.0,255.255.252.0,6939
43667,45.152.123.0,255.255.255.0,8359
205500,45.152.168.0,255.255.252.0,8966
49703,45.152.190.0,255.255.254.0,4637
939,45.152.192.0,255.255.252.0,15412
262199,45.152.216.0,255.255.252.0,6939
56679,45.152.220.0,255.255.252.0,8966
34968,45.152.236.0,255.255.252.0,15412
207942,45.152.248.0,255.255.255.0,6939
12859,45.152.251.0,255.255.255.0,6939
216463,45.153.24.0,255.255.255.0,15412
205495,45.153.44.0,255.255.252.0,8359
39405,45.153.92.0,255.255.252.0,6939
49788,45.153.104.0,255.255.252.0,6939
201709,45.153.112.0,255.255.252.0,6939
59588,45.153.116.0,255.255.254.0,8966
43289,45.153.124.0,255.255.255.0,6939
25467,45.153.126.0,255.255.255.0,8966
61337,45.153.132.0,255.255.254.0,6939
60255,45.153.135.0,255.255.255.0,6939
207203,45.153.140.0,255.255.252.0,6939
39923,45.153.152.0,255.255.252.0,35280
201986,45.153.212.0,255.255.254.0,8966
202365,45.153.248.0,255.255.255.0,8966
8873,45.154.28.0,255.255.252.0,8966
39384,45.154.64.0,255.255.255.0,6939
30798,45.154.68.0,255.255.252.0,6939
42072,45.154.74.0,255.255.255.0,41095
208702,45.154.92.0,255.255.255.0,4637
206313,45.154.108.0,255.255.255.0,6939
209894,45.154.111.0,255.255.255.0,15412
61251,45.154.144.0,255.255.252.0,8966
202591,45.154.164.0,255.255.252.0,6939
202543,45.154.176.0,255.255.255.0,8966
47522,45.154.184.0,255.255.252.0,41095
207108,45.154.197.0,255.255.255.0,15412
215467,45.154.199.0,255.255.255.0,6939
25506,45.154.222.0,255.255.255.0,6939
41281,45.154.252.0,255.255.255.0,24482
41634,45.154.253.0,255.255.255.0,6939
213205,45.155.89.0,255.255.255.0,6939
208177,45.155.92.0,255.255.252.0,15412
197564,45.155.96.0,255.255.252.0,7713
60670,45.155.108.0,255.255.255.0,15412
213640,45.155.126.0,255.255.255.0,703
212795,45.155.130.0,255.255.255.0,6939
198984,45.155.148.0,255.255.252.0,6939
51458,45.155.176.0,255.255.252.0,8966
48359,45.155.192.0,255.255.255.0,8966
201791,45.155.212.0,255.255.252.0,6939
8218,45.156.4.0,255.255.252.0,15412
28701,45.156.108.0,255.255.252.0,6939
13045,45.156.124.0,255.255.255.0,6939
214122,45.157.3.0,255.255.255.0,35280
60435,45.157.4.0,255.255.255.0,8966
64475,45.157.8.0,255.255.254.0,6939
199723,45.157.12.0,255.255.252.0,6939
142354,45.157.16.0,255.255.255.0,7713
215044,45.157.48.0,255.255.255.0,35280
3303,45.157.49.0,255.255.255.0,15412
51269,45.157.60.0,255.255.252.0,4637
51185,45.157.64.0,255.255.255.0,6939
131090,45.157.88.0,255.255.252.0,4637
35661,45.157.116.0,255.255.252.0,4637
215691,45.157.211.0,255.255.255.0,8359
204188,45.157.220.0,255.255.252.0,6939
16097,45.157.224.0,255.255.255.0,6939
201847,45.157.228.0,255.255.252.0,6939
205112,45.157.240.0,255.255.252.0,6939
60917,45.158.0.0,255.255.255.0,6939
43372,45.158.4.0,255.255.254.0,15412
41897,45.158.16.0,255.255.252.0,8966
34835,45.158.72.0,255.255.252.0,6939
199585,45.158.108.0,255.255.252.0,6939
41710,45.158.128.0,255.255.252.0,15412
39093,45.158.144.0,255.255.252.0,6939
15510,45.158.164.0,255.255.254.0,6939
40913,45.158.166.0,255.255.255.0,4637
50326,45.158.176.0,255.255.252.0,4637
328867,45.158.254.0,255.255.255.0,4637
200702,45.159.16.0,255.255.252.0,8359
48821,45.159.32.0,255.255.252.0,6939
57264,45.159.36.0,255.255.252.0,6939
42316,45.159.129.0,255.255.255.0,15412
212635,45.159.140.0,255.255.252.0,4637
200031,45.159.164.0,255.255.252.0,703
208070,45.159.168.0,255.255.252.0,6939
200036,45.159.195.0,255.255.255.0,6939
61955,45.159.212.0,255.255.252.0,6939
262444,45.160.0.0,255.255.252.0,8966
266866,45.160.4.0,255.255.252.0,4637
268402,45.160.16.0,255.255.252.0,8966
268398,45.160.24.0,255.255.252.0,4637
268396,45.160.64.0,255.255.252.0,4637
268403,45.160.68.0,255.255.252.0,6939
266878,45.160.72.0,255.255.255.0,8966
268404,45.160.84.0,255.255.252.0,8966
262481,45.160.88.0,255.255.252.0,4637
268397,45.160.104.0,255.255.252.0,8966
268400,45.160.112.0,255.255.252.0,8966
264293,45.160.124.0,255.255.252.0,8966
262865,45.160.128.0,255.255.252.0,703
264161,45.160.144.0,255.255.252.0,8966
268431,45.160.152.0,255.255.252.0,8966
268432,45.160.160.0,255.255.252.0,8966
268417,45.160.176.0,255.255.252.0,8966
266887,45.160.188.0,255.255.255.0,4637
267056,45.160.215.0,255.255.255.0,8966
270724,45.160.228.0,255.255.252.0,8966
268434,45.160.236.0,255.255.252.0,4637
268436,45.160.248.0,255.255.254.0,8966
268445,45.160.252.0,255.255.255.0,8966
268424,45.161.4.0,255.255.252.0,8966
266893,45.161.24.0,255.255.252.0,8966
2,45.161.25.0,255.255.255.0,4637
268490,45.161.28.0,255.255.252.0,4637
268502,45.161.80.0,255.255.252.0,8966
52617,45.161.92.0,255.255.252.0,8966
268463,45.161.96.0,255.255.252.0,8966
266901,45.161.108.0,255.255.252.0,8966
266885,45.161.116.0,255.255.252.0,4637
268465,45.161.124.0,255.255.252.0,8966
268459,45.161.128.0,255.255.252.0,4637
268510,45.161.144.0,255.255.254.0,4637
267484,45.161.148.0,255.255.252.0,4637
268467,45.161.164.0,255.255.252.0,8966
270021,45.161.168.0,255.255.255.0,4637
268512,45.161.184.0,255.255.255.0,8966
265905,45.161.196.0,255.255.252.0,4637
263579,45.161.216.0,255.255.252.0,15412
268477,45.161.224.0,255.255.252.0,8966
268483,45.161.228.0,255.255.252.0,4637
268487,45.161.248.0,255.255.252.0,8966
262285,45.161.252.0,255.255.252.0,8966
268492,45.162.4.0,255.255.252.0,8966
268485,45.162.8.0,255.255.252.0,8966
263155,45.162.16.0,255.255.252.0,703
268525,45.162.24.0,255.255.252.0,6939
28158,45.162.40.0,255.255.252.0,8966
268496,45.162.44.0,255.255.252.0,4637
268529,45.162.48.0,255.255.252.0,8966
268509,45.162.52.0,255.255.252.0,8966
262589,45.162.76.0,255.255.252.0,8966
263244,45.162.89.0,255.255.255.0,4637
268517,45.162.92.0,255.255.252.0,4637
268516,45.162.104.0,255.255.252.0,8966
268505,45.162.112.0,255.255.252.0,8966
268518,45.162.128.0,255.255.252.0,8966
268168,45.162.136.0,255.255.252.0,8966
263347,45.162.152.0,255.255.252.0,4637
268527,45.162.172.0,255.255.255.0,4637
262595,45.162.188.0,255.255.252.0,8966
268538,45.162.196.0,255.255.252.0,8966
271617,45.162.202.0,255.255.254.0,8966
268528,45.162.216.0,255.255.254.0,8966
263427,45.162.240.0,255.255.252.0,8966
268600,45.162.252.0,255.255.252.0,8966
262847,45.163.0.0,255.255.252.0,4637
268589,45.163.12.0,255.255.255.0,8966
264565,45.163.24.0,255.255.252.0,8966
268548,45.163.40.0,255.255.252.0,4637
262873,45.163.56.0,255.255.252.0,8966
268554,45.163.64.0,255.255.255.0,4637
268559,45.163.68.0,255.255.252.0,8966
268573,45.163.72.0,255.255.252.0,8966
268551,45.163.76.0,255.255.252.0,6939
266346,45.163.84.0,255.255.252.0,8966
268574,45.163.92.0,255.255.252.0,8966
262494,45.163.108.0,255.255.254.0,4637
268576,45.163.112.0,255.255.252.0,6939
267686,45.163.140.0,255.255.252.0,4637
268568,45.163.144.0,255.255.252.0,8966
268560,45.163.148.0,255.255.252.0,8966
268578,45.163.176.0,255.255.252.0,8966
268565,45.163.196.0,255.255.252.0,8966
61587,45.163.212.0,255.255.252.0,8966
268592,45.164.0.0,255.255.255.0,8966
28423,45.164.20.0,255.255.255.0,8966
268597,45.164.44.0,255.255.252.0,4637
268605,45.164.60.0,255.255.252.0,8966
267699,45.164.64.0,255.255.255.0,4637
268606,45.164.68.0,255.255.252.0,703
268690,45.164.72.0,255.255.252.0,6939
268607,45.164.76.0,255.255.252.0,8966
268608,45.164.80.0,255.255.254.0,8966
268609,45.164.84.0,255.255.252.0,6939
52941,45.164.84.0,255.255.254.0,8966
268685,45.164.92.0,255.255.252.0,8966
263328,45.164.104.0,255.255.252.0,8966
53181,45.164.112.0,255.255.252.0,4637
268623,45.164.120.0,255.255.252.0,4637
268616,45.164.128.0,255.255.252.0,4637
268625,45.164.140.0,255.255.252.0,8966
268631,45.164.144.0,255.255.252.0,8966
271701,45.164.152.0,255.255.254.0,8966
268645,45.164.176.0,255.255.252.0,8966
268628,45.164.188.0,255.255.252.0,4637
272174,45.164.202.0,255.255.254.0,8966
268637,45.164.208.0,255.255.252.0,4637
268668,45.164.220.0,255.255.252.0,8966
262893,45.164.224.0,255.255.255.0,8966
264774,45.164.231.0,255.255.255.0,4637
268643,45.164.232.0,255.255.254.0,8966
268647,45.164.240.0,255.255.252.0,8966
268648,45.164.244.0,255.255.252.0,8966
268649,45.164.252.0,255.255.255.0,8966
268663,45.165.12.0,255.255.252.0,8966
268655,45.165.28.0,255.255.255.0,8966
268657,45.165.48.0,255.255.252.0,4637
268658,45.165.60.0,255.255.252.0,8966
268661,45.165.76.0,255.255.255.0,4637
268671,45.165.84.0,255.255.252.0,8966
264479,45.165.90.0,255.255.254.0,4637
268674,45.165.96.0,255.255.252.0,4637
268699,45.165.120.0,255.255.252.0,4637
268700,45.165.124.0,255.255.254.0,8966
268676,45.165.132.0,255.255.252.0,8966
268678,45.165.148.0,255.255.252.0,4637
52799,45.165.153.0,255.255.255.0,8966
268683,45.165.164.0,255.255.255.0,8966
268684,45.165.172.0,255.255.252.0,4637
263067,45.165.176.0,255.255.252.0,15412
268689,45.165.196.0,255.255.252.0,4637
268976,45.165.204.0,255.255.252.0,8966
268692,45.165.208.0,255.255.252.0,8966
268018,45.165.230.0,255.255.255.0,8966
263102,45.165.236.0,255.255.252.0,8966
268697,45.165.248.0,255.255.254.0,8966
267942,45.166.4.0,255.255.252.0,8966
268698,45.166.8.0,255.255.254.0,4637
267935,45.166.44.0,255.255.252.0,4637
267936,45.166.52.0,255.255.252.0,8966
264173,45.166.56.0,255.255.252.0,8966
267953,45.166.68.0,255.255.254.0,8966
266771,45.166.73.0,255.255.255.0,4637
263292,45.166.84.0,255.255.255.0,4637
267409,45.166.104.0,255.255.252.0,8966
267955,45.166.112.0,255.255.252.0,8966
267956,45.166.116.0,255.255.252.0,8966
267963,45.166.148.0,255.255.255.0,4637
264075,45.166.164.0,255.255.252.0,4637
267986,45.166.180.0,255.255.252.0,4637
267988,45.166.196.0,255.255.252.0,4637
273533,45.166.226.0,255.255.254.0,4637
267972,45.166.228.0,255.255.252.0,4637
268002,45.166.232.0,255.255.252.0,8966
267973,45.166.244.0,255.255.255.0,4637
267974,45.166.248.0,255.255.252.0,8966
267995,45.167.48.0,255.255.252.0,8966
267991,45.167.52.0,255.255.252.0,4637
267994,45.167.56.0,255.255.252.0,8966
262773,45.167.60.0,255.255.252.0,8966
268006,45.167.64.0,255.255.254.0,4637
267992,45.167.68.0,255.255.252.0,4637
268054,45.167.104.0,255.255.252.0,4637
264398,45.167.128.0,255.255.255.0,8966
268011,45.167.140.0,255.255.252.0,8966
52838,45.167.144.0,255.255.252.0,6939
268013,45.167.152.0,255.255.252.0,4637
268041,45.167.160.0,255.255.252.0,4637
268042,45.167.180.0,255.255.252.0,8966
268019,45.167.184.0,255.255.255.0,8966
263785,45.167.196.0,255.255.255.0,703
267993,45.167.204.0,255.255.252.0,4637
268047,45.168.4.0,255.255.252.0,8966
268035,45.168.12.0,255.255.252.0,4637
268028,45.168.40.0,255.255.252.0,4637
268024,45.168.44.0,255.255.252.0,6939
268037,45.168.48.0,255.255.254.0,8966
268138,45.168.64.0,255.255.252.0,8966
61466,45.168.68.0,255.255.252.0,8966
268081,45.168.73.0,255.255.255.0,8966
268043,45.168.84.0,255.255.252.0,4637
268056,45.168.88.0,255.255.252.0,8966
268057,45.168.108.0,255.255.255.0,8966
268055,45.168.112.0,255.255.254.0,8966
268069,45.168.152.0,255.255.252.0,4637
268101,45.168.156.0,255.255.252.0,4637
268068,45.168.180.0,255.255.252.0,4637
268071,45.168.184.0,255.255.255.0,8966
268083,45.168.204.0,255.255.252.0,8966
268092,45.168.220.0,255.255.252.0,8966
268072,45.168.224.0,255.255.252.0,8966
271745,45.168.228.0,255.255.252.0,8966
268076,45.169.8.0,255.255.252.0,6939
268546,45.169.12.0,255.255.255.0,8966
268091,45.169.24.0,255.255.254.0,8966
268113,45.169.32.0,255.255.254.0,8966
268120,45.169.56.0,255.255.254.0,8966
22411,45.169.92.0,255.255.252.0,4637
267790,45.169.98.0,255.255.254.0,8966
268106,45.169.108.0,255.255.252.0,8966
268108,45.169.124.0,255.255.252.0,8966
267745,45.169.163.0,255.255.255.0,4637
48252,45.169.164.0,255.255.252.0,15412
264984,45.169.176.0,255.255.252.0,8966
268131,45.169.188.0,255.255.252.0,703
268125,45.169.216.0,255.255.254.0,8966
268126,45.169.228.0,255.255.252.0,8966
263114,45.169.237.0,255.255.255.0,6939
268134,45.169.240.0,255.255.252.0,4637
13489,45.169.253.0,255.255.255.0,4637
268145,45.170.16.0,255.255.252.0,6939
6147,45.170.48.0,255.255.252.0,4637
262785,45.170.80.0,255.255.252.0,8966
268156,45.170.88.0,255.255.254.0,6939
268157,45.170.96.0,255.255.252.0,8966
263750,45.170.104.0,255.255.252.0,8966
268158,45.170.112.0,255.255.255.0,8966
268160,45.170.144.0,255.255.252.0,4637
268702,45.170.148.0,255.255.252.0,8966
268155,45.170.152.0,255.255.252.0,4637
269506,45.170.179.0,255.255.255.0,8966
18734,45.170.188.0,255.255.252.0,15412
268171,45.170.196.0,255.255.254.0,6939
268174,45.170.220.0,255.255.254.0,8966
268710,45.170.228.0,255.255.252.0,8966
268182,45.170.236.0,255.255.255.0,4637
268177,45.171.12.0,255.255.252.0,8966
268186,45.171.28.0,255.255.252.0,8966
268747,45.171.40.0,255.255.252.0,8966
268708,45.171.52.0,255.255.255.0,4637
263527,45.171.78.0,255.255.255.0,8966
268705,45.171.92.0,255.255.252.0,8966
268712,45.171.96.0,255.255.255.0,8966
268716,45.171.100.0,255.255.252.0,703
268876,45.171.122.0,255.255.254.0,8966
268715,45.171.144.0,255.255.252.0,15412
268721,45.171.152.0,255.255.252.0,8966
52862,45.171.172.0,255.255.252.0,4637
268725,45.171.176.0,255.255.252.0,4637
268726,45.171.184.0,255.255.252.0,8966
268730,45.171.196.0,255.255.252.0,8966
268735,45.171.208.0,255.255.252.0,8966
268732,45.171.216.0,255.255.252.0,8966
268746,45.171.228.0,255.255.254.0,8966
268729,45.171.248.0,255.255.252.0,8966
268737,45.171.252.0,255.255.252.0,8966
264619,45.172.19.0,255.255.255.0,4637
268749,45.172.40.0,255.255.252.0,4637
268762,45.172.56.0,255.255.252.0,4637
265234,45.172.68.0,255.255.252.0,4637
268753,45.172.76.0,255.255.252.0,8966
264552,45.172.80.0,255.255.252.0,8966
271253,45.172.96.0,255.255.254.0,6939
268763,45.172.104.0,255.255.252.0,4637
268764,45.172.116.0,255.255.252.0,8966
264800,45.172.141.0,255.255.255.0,4637
28370,45.172.144.0,255.255.252.0,8966
268778,45.172.164.0,255.255.252.0,6939
268786,45.172.168.0,255.255.255.0,9304
268822,45.172.172.0,255.255.254.0,8966
265475,45.172.180.0,255.255.252.0,8966
268795,45.172.196.0,255.255.252.0,8966
268824,45.172.200.0,255.255.255.0,4637
268787,45.172.204.0,255.255.252.0,4637
264100,45.172.208.0,255.255.252.0,4637
268782,45.172.240.0,255.255.252.0,8966
268788,45.173.24.0,255.255.252.0,4637
268789,45.173.28.0,255.255.252.0,8966
268843,45.173.46.0,255.255.255.0,4637
268793,45.173.48.0,255.255.252.0,4637
266003,45.173.64.0,255.255.252.0,8966
268860,45.173.84.0,255.255.252.0,8966
262881,45.173.96.0,255.255.252.0,8966
268809,45.173.100.0,255.255.252.0,8966
268804,45.173.104.0,255.255.254.0,4637
268805,45.173.108.0,255.255.252.0,8966
268811,45.173.124.0,255.255.255.0,8966
268828,45.173.132.0,255.255.254.0,8966
268832,45.173.148.0,255.255.252.0,4637
268815,45.173.152.0,255.255.252.0,8966
268821,45.173.160.0,255.255.254.0,8966
268818,45.173.176.0,255.255.252.0,8966
265432,45.173.180.0,255.255.255.0,8966
267827,45.173.181.0,255.255.255.0,6939
268886,45.173.188.0,255.255.252.0,4637
267809,45.173.196.0,255.255.252.0,4637
267828,45.173.216.0,255.255.255.0,8966
268829,45.173.220.0,255.255.252.0,8966
268835,45.173.224.0,255.255.252.0,8966
268845,45.173.240.0,255.255.252.0,8966
267816,45.173.244.0,255.255.252.0,6939
268841,45.174.0.0,255.255.252.0,8966
268914,45.174.4.0,255.255.252.0,8966
268878,45.174.16.0,255.255.252.0,4637
266806,45.174.20.0,255.255.255.0,6939
263754,45.174.24.0,255.255.255.0,4637
268842,45.174.40.0,255.255.252.0,8966
28428,45.174.45.0,255.255.255.0,6939
265627,45.174.76.0,255.255.252.0,15412
28431,45.174.76.0,255.255.255.0,15412
28387,45.174.84.0,255.255.255.0,15412
263574,45.174.96.0,255.255.254.0,6939
268862,45.174.116.0,255.255.252.0,6939
61712,45.174.120.0,255.255.252.0,8966
28329,45.174.135.0,255.255.255.0,4637
268865,45.174.136.0,255.255.254.0,8966
263047,45.174.140.0,255.255.252.0,8966
268854,45.174.144.0,255.255.255.0,8966
264275,45.174.152.0,255.255.252.0,4637
262530,45.174.164.0,255.255.252.0,4637
268866,45.174.180.0,255.255.252.0,8966
268870,45.174.184.0,255.255.252.0,4637
264562,45.174.188.0,255.255.252.0,8966
271599,45.174.196.0,255.255.254.0,4637
265580,45.174.252.0,255.255.255.0,6939
263998,45.175.0.0,255.255.255.0,8966
268872,45.175.4.0,255.255.255.0,8966
267832,45.175.20.0,255.255.255.0,4637
7049,45.175.21.0,255.255.255.0,4637
268880,45.175.28.0,255.255.252.0,4637
268937,45.175.44.0,255.255.252.0,4637
268890,45.175.76.0,255.255.252.0,4637
53080,45.175.80.0,255.255.252.0,4637
268892,45.175.88.0,255.255.252.0,8966
268907,45.175.96.0,255.255.252.0,8966
268900,45.175.104.0,255.255.252.0,4637
262777,45.175.116.0,255.255.252.0,8966
268897,45.175.128.0,255.255.254.0,8966
268898,45.175.132.0,255.255.252.0,8966
268916,45.175.169.0,255.255.255.0,8966
268323,45.175.188.0,255.255.252.0,8966
268331,45.175.206.0,255.255.255.0,8966
268941,45.175.220.0,255.255.252.0,4637
268913,45.175.228.0,255.255.254.0,8966
265586,45.175.232.0,255.255.252.0,703
269096,45.175.248.0,255.255.252.0,4637
268924,45.176.0.0,255.255.252.0,8966
268925,45.176.4.0,255.255.252.0,6939
268968,45.176.36.0,255.255.252.0,4637
268935,45.176.64.0,255.255.252.0,8966
268988,45.176.100.0,255.255.252.0,8966
268997,45.176.104.0,255.255.252.0,4637
269035,45.176.112.0,255.255.252.0,6939
268944,45.176.140.0,255.255.252.0,8966
269002,45.176.160.0,255.255.254.0,4637
7004,45.176.166.0,255.255.254.0,6939
268959,45.176.168.0,255.255.252.0,8966
265215,45.176.196.0,255.255.252.0,6939
268954,45.176.216.0,255.255.252.0,4637
268956,45.176.228.0,255.255.252.0,8966
268960,45.176.240.0,255.255.252.0,8966
268961,45.176.246.0,255.255.254.0,4637
268962,45.177.6.0,255.255.254.0,8966
263432,45.177.32.0,255.255.252.0,8966
268979,45.177.44.0,255.255.252.0,8966
19429,45.177.53.0,255.255.255.0,4637
13786,45.177.100.0,255.255.252.0,6939
268991,45.177.116.0,255.255.252.0,8966
269639,45.177.120.0,255.255.252.0,4637
268983,45.177.136.0,255.255.252.0,8966
266520,45.177.140.0,255.255.252.0,8966
264732,45.177.144.0,255.255.252.0,6939
268998,45.177.148.0,255.255.252.0,4637
268985,45.177.152.0,255.255.252.0,8966
269039,45.177.160.0,255.255.252.0,8966
268989,45.177.168.0,255.255.255.0,8966
269038,45.177.172.0,255.255.252.0,8966
272792,45.177.189.0,255.255.255.0,8966
22927,45.177.200.0,255.255.254.0,6939
265205,45.177.222.0,255.255.254.0,8966
269050,45.177.240.0,255.255.252.0,8966
273774,45.177.248.0,255.255.254.0,8966
267882,45.178.0.0,255.255.255.0,8966
267890,45.178.12.0,255.255.252.0,4637
269057,45.178.16.0,255.255.252.0,8966
269015,45.178.20.0,255.255.252.0,8966
269004,45.178.28.0,255.255.252.0,8966
262907,45.178.40.0,255.255.252.0,8966
269090,45.178.76.0,255.255.254.0,8966
269032,45.178.92.0,255.255.252.0,4637
269018,45.178.116.0,255.255.252.0,8966
267003,45.178.120.0,255.255.252.0,4637
263276,45.178.124.0,255.255.252.0,8966
269023,45.178.148.0,255.255.252.0,8966
269046,45.178.152.0,255.255.252.0,8966
269036,45.178.172.0,255.255.252.0,8966
263332,45.178.208.0,255.255.254.0,6939
269044,45.178.232.0,255.255.252.0,8966
269115,45.178.240.0,255.255.254.0,4637
265290,45.179.4.0,255.255.255.0,8966
27648,45.179.13.0,255.255.255.0,703
269077,45.179.44.0,255.255.252.0,8966
269060,45.179.48.0,255.255.252.0,8966
269053,45.179.52.0,255.255.254.0,4637
265937,45.179.56.0,255.255.252.0,4637
269109,45.179.68.0,255.255.252.0,8966
269068,45.179.80.0,255.255.252.0,4637
263661,45.179.86.0,255.255.254.0,4637
269088,45.179.100.0,255.255.252.0,8966
269075,45.179.108.0,255.255.252.0,8966
269076,45.179.116.0,255.255.252.0,8966
264996,45.179.128.0,255.255.252.0,8966
269089,45.179.144.0,255.255.252.0,4637
269107,45.179.148.0,255.255.255.0,8966
269122,45.179.232.0,255.255.252.0,8966
269194,45.179.236.0,255.255.252.0,8966
269108,45.179.248.0,255.255.255.0,8966
273664,45.179.252.0,255.255.254.0,4637
269131,45.180.56.0,255.255.255.0,8966
269431,45.180.80.0,255.255.254.0,8966
269139,45.180.84.0,255.255.252.0,4637
269128,45.180.96.0,255.255.254.0,8966
269134,45.180.128.0,255.255.252.0,6939
269137,45.180.144.0,255.255.252.0,4637
269138,45.180.148.0,255.255.252.0,8966
269158,45.180.168.0,255.255.252.0,8966
269154,45.180.188.0,255.255.252.0,8966
269146,45.180.192.0,255.255.255.0,8966
269151,45.180.228.0,255.255.252.0,8966
269153,45.180.236.0,255.255.254.0,8966
263250,45.180.252.0,255.255.255.0,8966
269157,45.181.0.0,255.255.252.0,8966
269159,45.181.8.0,255.255.254.0,8966
269177,45.181.16.0,255.255.255.0,8966
268267,45.181.26.0,255.255.255.0,8966
269211,45.181.32.0,255.255.255.0,4637
269172,45.181.52.0,255.255.255.0,8966
269170,45.181.60.0,255.255.255.0,4637
269171,45.181.64.0,255.255.252.0,8966
269178,45.181.80.0,255.255.255.0,8966
269175,45.181.92.0,255.255.252.0,8966
269182,45.181.100.0,255.255.252.0,4637
269180,45.181.104.0,255.255.252.0,4637
269181,45.181.112.0,255.255.255.0,8966
269221,45.181.116.0,255.255.252.0,6939
264765,45.181.128.0,255.255.254.0,4637
269199,45.181.152.0,255.255.252.0,8966
269196,45.181.168.0,255.255.252.0,6939
269197,45.181.196.0,255.255.252.0,703
262503,45.181.228.0,255.255.252.0,8966
269206,45.181.252.0,255.255.252.0,8966
269213,45.182.24.0,255.255.252.0,8966
269267,45.182.56.0,255.255.254.0,8966
269215,45.182.68.0,255.255.252.0,4637
269339,45.182.96.0,255.255.252.0,8966
61597,45.182.104.0,255.255.252.0,8966
269223,45.182.108.0,255.255.252.0,8966
61468,45.182.117.0,255.255.255.0,8966
269229,45.182.136.0,255.255.252.0,8966
269217,45.182.144.0,255.255.254.0,8966
269231,45.182.156.0,255.255.252.0,4637
269235,45.182.196.0,255.255.252.0,4637
269237,45.182.204.0,255.255.252.0,703
269260,45.182.232.0,255.255.252.0,8966
269243,45.182.240.0,255.255.252.0,4637
269244,45.182.244.0,255.255.254.0,8966
269245,45.182.248.0,255.255.252.0,8966
269249,45.183.0.0,255.255.252.0,4637
269269,45.183.8.0,255.255.252.0,4637
269254,45.183.16.0,255.255.252.0,8966
269255,45.183.24.0,255.255.252.0,8966
269258,45.183.28.0,255.255.252.0,4637
269273,45.183.68.0,255.255.254.0,8966
61663,45.183.70.0,255.255.255.0,8966
269279,45.183.96.0,255.255.252.0,4637
269286,45.183.112.0,255.255.252.0,8966
264223,45.183.116.0,255.255.252.0,8966
267501,45.183.132.0,255.255.255.0,8966
269398,45.183.148.0,255.255.252.0,4637
269278,45.183.160.0,255.255.252.0,4637
271609,45.183.176.0,255.255.254.0,8966
269337,45.183.180.0,255.255.252.0,8966
269298,45.183.188.0,255.255.252.0,4637
269292,45.183.212.0,255.255.252.0,8966
269360,45.183.216.0,255.255.252.0,8966
269295,45.183.236.0,255.255.255.0,8966
269299,45.183.240.0,255.255.252.0,8966
269300,45.183.248.0,255.255.252.0,8966
269307,45.184.8.0,255.255.252.0,4637
269308,45.184.16.0,255.255.252.0,8966
269311,45.184.44.0,255.255.252.0,703
269314,45.184.48.0,255.255.252.0,4637
269320,45.184.64.0,255.255.255.0,4637
269359,45.184.68.0,255.255.252.0,4637
269322,45.184.76.0,255.255.252.0,4637
269783,45.184.108.0,255.255.252.0,4637
269396,45.184.112.0,255.255.252.0,8966
269329,45.184.128.0,255.255.255.0,8966
269401,45.184.164.0,255.255.252.0,4637
269338,45.184.184.0,255.255.252.0,8966
269354,45.184.200.0,255.255.252.0,4637
269344,45.184.212.0,255.255.252.0,8966
267028,45.184.240.0,255.255.252.0,4637
269351,45.185.0.0,255.255.252.0,8966
269352,45.185.12.0,255.255.252.0,6939
263222,45.185.20.0,255.255.252.0,6939
267458,45.185.24.0,255.255.252.0,8966
264637,45.185.30.0,255.255.255.0,8966
269370,45.185.68.0,255.255.252.0,8966
264170,45.185.72.0,255.255.255.0,4637
269372,45.185.96.0,255.255.254.0,8966
269375,45.185.104.0,255.255.252.0,8966
269376,45.185.132.0,255.255.252.0,8966
264221,45.185.156.0,255.255.252.0,8966
269486,45.185.164.0,255.255.254.0,8966
264420,45.185.167.0,255.255.255.0,8966
269387,45.185.168.0,255.255.252.0,8966
269391,45.185.172.0,255.255.252.0,4637
269553,45.185.192.0,255.255.252.0,8966
269402,45.185.203.0,255.255.255.0,4637
269394,45.185.216.0,255.255.252.0,8966
269433,45.185.228.0,255.255.254.0,8966
28539,45.185.246.0,255.255.255.0,703
269453,45.186.8.0,255.255.252.0,15412
266514,45.186.40.0,255.255.255.0,8966
269411,45.186.52.0,255.255.254.0,8966
269412,45.186.56.0,255.255.252.0,8966
269416,45.186.80.0,255.255.254.0,8966
269417,45.186.88.0,255.255.252.0,4637
269422,45.186.100.0,255.255.252.0,8966
269420,45.186.116.0,255.255.252.0,8966
269423,45.186.120.0,255.255.252.0,8966
269499,45.186.156.0,255.255.252.0,8966
269500,45.186.160.0,255.255.252.0,4637
269444,45.186.164.0,255.255.254.0,8966
269518,45.186.172.0,255.255.252.0,8966
269434,45.186.188.0,255.255.252.0,4637
263703,45.186.208.0,255.255.255.0,8966
269454,45.186.216.0,255.255.252.0,8966
269437,45.186.220.0,255.255.252.0,8966
269439,45.186.228.0,255.255.252.0,8966
269826,45.186.252.0,255.255.252.0,703
269483,45.187.20.0,255.255.252.0,4637
269524,45.187.32.0,255.255.252.0,4637
269484,45.187.40.0,255.255.252.0,4637
269470,45.187.72.0,255.255.252.0,8966
269589,45.187.84.0,255.255.252.0,8966
269829,45.187.92.0,255.255.252.0,8966
269462,45.187.96.0,255.255.252.0,8966
271322,45.187.116.0,255.255.254.0,4637
269466,45.187.128.0,255.255.252.0,8966
263495,45.187.136.0,255.255.252.0,8966
269467,45.187.140.0,255.255.252.0,8966
266435,45.187.164.0,255.255.252.0,8966
269473,45.187.168.0,255.255.254.0,4637
269474,45.187.172.0,255.255.252.0,4637
269475,45.187.176.0,255.255.252.0,8966
269554,45.187.212.0,255.255.252.0,4637
269488,45.187.228.0,255.255.252.0,8966
266207,45.187.232.0,255.255.252.0,6939
263945,45.188.24.0,255.255.252.0,8966
269531,45.188.44.0,255.255.255.0,4637
269585,45.188.60.0,255.255.252.0,6939
269522,45.188.64.0,255.255.252.0,4637
269523,45.188.68.0,255.255.252.0,8966
269517,45.188.72.0,255.255.252.0,8966
269527,45.188.88.0,255.255.252.0,4637
269512,45.188.104.0,255.255.252.0,6939
53005,45.188.120.0,255.255.252.0,8966
265606,45.188.124.0,255.255.252.0,15412
52496,45.188.136.0,255.255.252.0,6939
269536,45.188.144.0,255.255.254.0,4637
265335,45.188.148.0,255.255.255.0,8966
61917,45.188.152.0,255.255.252.0,8966
269535,45.188.176.0,255.255.252.0,8966
269530,45.188.184.0,255.255.255.0,8966
52842,45.188.196.0,255.255.254.0,4637
269562,45.188.218.0,255.255.255.0,6939
264744,45.188.232.0,255.255.255.0,8966
269595,45.188.236.0,255.255.252.0,8966
269561,45.188.240.0,255.255.254.0,8966
269557,45.189.4.0,255.255.252.0,8966
269563,45.189.8.0,255.255.252.0,8966
269548,45.189.16.0,255.255.252.0,8966
269649,45.189.20.0,255.255.252.0,6939
269558,45.189.28.0,255.255.252.0,8966
269570,45.189.40.0,255.255.252.0,8966
266389,45.189.52.0,255.255.252.0,6939
269572,45.189.68.0,255.255.252.0,8966
269574,45.189.88.0,255.255.252.0,6939
264169,45.189.168.0,255.255.255.0,8966
264598,45.189.221.0,255.255.255.0,8966
269611,45.189.224.0,255.255.252.0,8966
269604,45.189.240.0,255.255.252.0,8966
269616,45.190.4.0,255.255.254.0,4637
269608,45.190.20.0,255.255.252.0,4637
269632,45.190.28.0,255.255.252.0,8966
52648,45.190.48.0,255.255.252.0,8966
269627,45.190.52.0,255.255.252.0,4637
265023,45.190.56.0,255.255.252.0,8966
269640,45.190.68.0,255.255.252.0,6939
269626,45.190.108.0,255.255.252.0,8966
28656,45.190.116.0,255.255.252.0,8966
269634,45.190.120.0,255.255.252.0,8966
269663,45.190.156.0,255.255.252.0,8966
269657,45.190.160.0,255.255.252.0,6939
269675,45.190.171.0,255.255.255.0,8966
269646,45.190.252.0,255.255.252.0,8966
269698,45.191.8.0,255.255.252.0,8966
269664,45.191.20.0,255.255.254.0,8966
269659,45.191.24.0,255.255.252.0,8966
269668,45.191.28.0,255.255.252.0,4637
269665,45.191.32.0,255.255.252.0,4637
269667,45.191.60.0,255.255.252.0,4637
269678,45.191.68.0,255.255.252.0,8966
265417,45.191.72.0,255.255.254.0,8966
264514,45.191.128.0,255.255.252.0,8966
269673,45.191.136.0,255.255.252.0,8966
269674,45.191.140.0,255.255.252.0,8966
269683,45.191.172.0,255.255.252.0,8966
269684,45.191.204.0,255.255.252.0,8966
269688,45.191.216.0,255.255.252.0,4637
270240,45.191.240.0,255.255.252.0,4637
269701,45.191.248.0,255.255.255.0,8966
132537,45.192.22.0,255.255.254.0,8966
328608,45.192.128.0,255.255.224.0,4637
139057,45.192.128.0,255.255.255.0,41095
52925,45.194.42.0,255.255.255.0,8966
137184,45.194.55.0,255.255.255.0,9304
54801,45.194.85.0,255.255.255.0,9304
137263,45.195.16.0,255.255.248.0,9304
18233,45.195.28.0,255.255.252.0,4637
132585,45.195.58.0,255.255.254.0,8966
139811,45.195.61.0,255.255.255.0,8966
51142,45.195.139.0,255.255.255.0,703
26617,45.195.146.0,255.255.255.0,8966
39600,45.195.156.0,255.255.252.0,9304
137996,45.196.153.0,255.255.255.0,9304
152599,45.196.243.0,255.255.255.0,9304
150000,45.197.141.0,255.255.255.0,4637
134365,45.197.144.0,255.255.248.0,8966
153526,45.197.152.0,255.255.252.0,4637
141109,45.198.6.0,255.255.254.0,17639
132566,45.198.238.0,255.255.254.0,35280
140401,45.198.249.0,255.255.255.0,7713
140659,45.199.128.0,255.255.255.0,9304
139646,45.200.32.0,255.255.224.0,9304
131618,45.200.132.0,255.255.255.0,8966
142629,45.202.71.0,255.255.255.0,9304
133448,45.204.19.0,255.255.255.0,55720
137510,45.204.68.0,255.255.255.0,4637
327901,45.220.0.0,255.255.224.0,8966
328107,45.220.52.0,255.255.252.0,4637
328112,45.220.56.0,255.255.248.0,4637
327892,45.221.12.0,255.255.252.0,8966
328114,45.221.26.0,255.255.255.0,6939
328106,45.221.48.0,255.255.255.0,8966
37027,45.221.72.0,255.255.248.0,6939
138968,45.221.120.0,255.255.248.0,9304
327943,45.221.208.0,255.255.252.0,8966
37652,45.221.212.0,255.255.252.0,4637
327750,45.221.216.0,255.255.248.0,8966
327849,45.222.0.0,255.255.224.0,15412
328039,45.222.32.0,255.255.240.0,8966
37640,45.222.64.0,255.255.224.0,4637
328041,45.222.104.0,255.255.248.0,4637
328422,45.222.112.0,255.255.240.0,8966
267636,45.224.24.0,255.255.252.0,8966
267637,45.224.36.0,255.255.252.0,4637
267641,45.224.40.0,255.255.252.0,8966
52327,45.224.52.0,255.255.255.0,4637
267647,45.224.56.0,255.255.252.0,8966
267668,45.224.72.0,255.255.252.0,8966
271315,45.224.120.0,255.255.255.0,8966
266923,45.224.172.0,255.255.252.0,703
267086,45.224.185.0,255.255.255.0,4637
267670,45.224.187.0,255.255.255.0,8966
267669,45.224.192.0,255.255.252.0,8966
267665,45.224.204.0,255.255.252.0,6939
267666,45.224.208.0,255.255.252.0,8966
61592,45.224.216.0,255.255.252.0,8966
267675,45.224.236.0,255.255.252.0,8966
266925,45.224.244.0,255.255.252.0,8966
266926,45.225.20.0,255.255.252.0,6939
266921,45.225.36.0,255.255.252.0,8966
271437,45.225.80.0,255.255.254.0,8966
266933,45.225.108.0,255.255.252.0,4637
266934,45.225.116.0,255.255.252.0,4637
266935,45.225.120.0,255.255.254.0,4637
266936,45.225.124.0,255.255.255.0,15412
266938,45.225.140.0,255.255.255.0,6939
266960,45.225.154.0,255.255.254.0,4637
266959,45.225.164.0,255.255.252.0,6939
266951,45.225.176.0,255.255.252.0,4637
265440,45.225.180.0,255.255.254.0,6939
37468,45.225.188.0,255.255.252.0,8966
266948,45.225.192.0,255.255.252.0,8966
265852,45.225.212.0,255.255.252.0,4637
266964,45.225.232.0,255.255.252.0,8966
270417,45.225.244.0,255.255.252.0,8966
266952,45.225.252.0,255.255.252.0,8966
267032,45.226.12.0,255.255.252.0,8966
266975,45.226.36.0,255.255.254.0,8966
266986,45.226.40.0,255.255.252.0,8966
266961,45.226.72.0,255.255.252.0,8966
266984,45.226.76.0,255.255.252.0,8966
266989,45.226.80.0,255.255.252.0,8966
266992,45.226.92.0,255.255.252.0,8966
267020,45.226.96.0,255.255.254.0,4637
267013,45.226.104.0,255.255.252.0,8966
28210,45.226.116.0,255.255.252.0,8966
266962,45.226.124.0,255.255.254.0,8966
266996,45.226.128.0,255.255.254.0,4637
263935,45.226.136.0,255.255.255.0,8966
266967,45.226.138.0,255.255.254.0,6939
266968,45.226.148.0,255.255.252.0,8966
266969,45.226.152.0,255.255.252.0,8966
64108,45.226.168.0,255.255.255.0,4637
52328,45.226.174.0,255.255.254.0,4637
265864,45.226.180.0,255.255.252.0,8966
266213,45.226.183.0,255.255.255.0,4637
266786,45.226.184.0,255.255.254.0,6939
61868,45.226.192.0,255.255.252.0,8966
263478,45.226.232.0,255.255.252.0,4637
267049,45.227.6.0,255.255.254.0,6939
267079,45.227.44.0,255.255.254.0,8966
267016,45.227.56.0,255.255.252.0,8966
271452,45.227.64.0,255.255.254.0,8966
267055,45.227.76.0,255.255.252.0,8966
273309,45.227.84.0,255.255.252.0,4637
267069,45.227.96.0,255.255.252.0,4637
267023,45.227.108.0,255.255.255.0,8966
267024,45.227.112.0,255.255.255.0,4637
267011,45.227.116.0,255.255.252.0,8966
53047,45.227.120.0,255.255.252.0,4637
271733,45.227.124.0,255.255.254.0,4637
267113,45.227.140.0,255.255.252.0,4637
267035,45.227.148.0,255.255.254.0,8966
267033,45.227.184.0,255.255.252.0,4637
263665,45.227.188.0,255.255.252.0,8966
267711,45.227.216.0,255.255.252.0,4637
271704,45.227.228.0,255.255.252.0,8966
267038,45.227.248.0,255.255.254.0,8966
267039,45.228.4.0,255.255.252.0,4637
52705,45.228.24.0,255.255.255.0,4637
267088,45.228.28.0,255.255.252.0,8966
267101,45.228.32.0,255.255.252.0,8966
262468,45.228.48.0,255.255.252.0,4637
266674,45.228.72.0,255.255.252.0,4637
266682,45.228.76.0,255.255.252.0,4637
267059,45.228.108.0,255.255.252.0,4637
267060,45.228.112.0,255.255.252.0,8966
267081,45.228.116.0,255.255.252.0,4637
267071,45.228.124.0,255.255.252.0,8966
266673,45.228.136.0,255.255.252.0,703
267102,45.228.140.0,255.255.252.0,8966
267078,45.228.148.0,255.255.252.0,8966
267074,45.228.168.0,255.255.254.0,6939
267117,45.228.196.0,255.255.252.0,4637
267076,45.228.204.0,255.255.252.0,703
267125,45.228.236.0,255.255.252.0,8966
267083,45.228.244.0,255.255.252.0,8966
267123,45.229.8.0,255.255.252.0,8966
23243,45.229.40.0,255.255.255.0,8966
267124,45.229.52.0,255.255.252.0,8966
266698,45.229.72.0,255.255.255.0,4637
267106,45.229.88.0,255.255.252.0,15412
267115,45.229.112.0,255.255.254.0,4637
267114,45.229.120.0,255.255.252.0,4637
266715,45.229.137.0,255.255.255.0,8966
266211,45.229.164.0,255.255.252.0,8966
52630,45.229.176.0,255.255.252.0,15412
266721,45.229.204.0,255.255.252.0,6939
28327,45.229.208.0,255.255.252.0,703
267135,45.229.228.0,255.255.252.0,8966
267142,45.229.240.0,255.255.252.0,8966
64109,45.230.34.0,255.255.254.0,4637
271869,45.230.38.0,255.255.254.0,4637
267146,45.230.40.0,255.255.252.0,8966
267150,45.230.56.0,255.255.252.0,8966
266702,45.230.64.0,255.255.255.0,4637
267158,45.230.68.0,255.255.252.0,8966
266703,45.230.80.0,255.255.255.0,6939
267174,45.230.92.0,255.255.252.0,8966
267160,45.230.96.0,255.255.252.0,8966
61589,45.230.108.0,255.255.255.0,8966
263297,45.230.116.0,255.255.252.0,703
267157,45.230.120.0,255.255.252.0,9304
267161,45.230.136.0,255.255.252.0,8966
267163,45.230.144.0,255.255.252.0,8966
267186,45.230.152.0,255.255.252.0,4637
267164,45.230.156.0,255.255.252.0,8966
267197,45.230.192.0,255.255.252.0,6939
266716,45.230.196.0,255.255.252.0,703
267175,45.230.212.0,255.255.252.0,8966
267184,45.230.220.0,255.255.254.0,8966
267209,45.230.224.0,255.255.252.0,6939
267244,45.231.6.0,255.255.254.0,8966
267191,45.231.16.0,255.255.252.0,8966
267188,45.231.28.0,255.255.252.0,6939
265524,45.231.40.0,255.255.252.0,7713
28098,45.231.48.0,255.255.255.0,4637
263779,45.231.52.0,255.255.255.0,8966
267202,45.231.68.0,255.255.252.0,4637
267205,45.231.88.0,255.255.255.0,8966
267192,45.231.96.0,255.255.252.0,8966
267236,45.231.100.0,255.255.252.0,4637
267195,45.231.112.0,255.255.252.0,8966
267207,45.231.116.0,255.255.252.0,4637
267212,45.231.132.0,255.255.252.0,4637
267199,45.231.140.0,255.255.252.0,4637
267217,45.231.180.0,255.255.252.0,4637
267232,45.231.200.0,255.255.255.0,15412
267219,45.231.212.0,255.255.254.0,8966
266768,45.231.214.0,255.255.254.0,4637
266735,45.231.224.0,255.255.252.0,4637
267229,45.231.244.0,255.255.252.0,8966
267237,45.231.252.0,255.255.252.0,703
267248,45.232.20.0,255.255.252.0,8966
267301,45.232.24.0,255.255.252.0,4637
52341,45.232.32.0,255.255.252.0,4637
267256,45.232.48.0,255.255.255.0,8966
267267,45.232.64.0,255.255.252.0,8966
267251,45.232.72.0,255.255.252.0,15412
267252,45.232.76.0,255.255.252.0,6939
271254,45.232.84.0,255.255.252.0,4637
266753,45.232.96.0,255.255.252.0,4637
11830,45.232.119.0,255.255.255.0,8966
267264,45.232.124.0,255.255.252.0,4637
267321,45.232.136.0,255.255.252.0,8966
267270,45.232.156.0,255.255.252.0,4637
266759,45.232.164.0,255.255.255.0,4637
267279,45.232.196.0,255.255.252.0,8966
263980,45.232.200.0,255.255.252.0,8966
61614,45.232.212.0,255.255.252.0,4637
267277,45.232.220.0,255.255.252.0,4637
267278,45.232.224.0,255.255.252.0,4637
265548,45.232.252.0,255.255.252.0,703
267288,45.233.16.0,255.255.252.0,8966
267298,45.233.24.0,255.255.254.0,4637
267294,45.233.48.0,255.255.252.0,8966
267299,45.233.52.0,255.255.252.0,8966
267289,45.233.56.0,255.255.252.0,8966
22798,45.233.68.0,255.255.252.0,6939
268192,45.233.82.0,255.255.254.0,4637
267306,45.233.96.0,255.255.254.0,8966
267318,45.233.136.0,255.255.252.0,8966
267313,45.233.144.0,255.255.252.0,8966
267319,45.233.156.0,255.255.254.0,4637
267320,45.233.164.0,255.255.252.0,8966
267372,45.233.172.0,255.255.255.0,4637
267325,45.233.176.0,255.255.252.0,8966
267347,45.233.180.0,255.255.254.0,4637
267348,45.233.188.0,255.255.252.0,8966
267397,45.233.204.0,255.255.252.0,4637
274665,45.233.212.0,255.255.255.0,6939
267332,45.233.244.0,255.255.254.0,4637
53065,45.233.248.0,255.255.252.0,4637
267334,45.233.252.0,255.255.252.0,8966
267408,45.234.8.0,255.255.255.0,4637
264270,45.234.24.0,255.255.252.0,8966
266769,45.234.32.0,255.255.252.0,6939
28669,45.234.40.0,255.255.252.0,4637
267343,45.234.44.0,255.255.252.0,8966
267363,45.234.68.0,255.255.252.0,8966
267345,45.234.80.0,255.255.252.0,8966
267355,45.234.92.0,255.255.255.0,8966
267401,45.234.96.0,255.255.252.0,4637
267357,45.234.104.0,255.255.252.0,8966
266772,45.234.116.0,255.255.252.0,4637
266356,45.234.136.0,255.255.252.0,4637
267383,45.234.144.0,255.255.255.0,8966
267367,45.234.148.0,255.255.252.0,8966
22860,45.234.156.0,255.255.255.0,6939
266793,45.234.160.0,255.255.255.0,8966
267378,45.234.192.0,255.255.252.0,8966
267373,45.234.212.0,255.255.252.0,8966
267386,45.234.236.0,255.255.252.0,8966
267387,45.234.244.0,255.255.254.0,8966
267389,45.234.252.0,255.255.252.0,8966
267390,45.235.0.0,255.255.252.0,8966
267398,45.235.20.0,255.255.252.0,6939
267407,45.235.28.0,255.255.252.0,4637
267399,45.235.32.0,255.255.252.0,8966
266779,45.235.36.0,255.255.252.0,4637
268200,45.235.44.0,255.255.252.0,4637
267412,45.235.64.0,255.255.252.0,8966
268209,45.235.68.0,255.255.254.0,4637
52532,45.235.80.0,255.255.252.0,4637
264848,45.235.88.0,255.255.255.0,15412
268190,45.235.112.0,255.255.255.0,4637
268196,45.235.124.0,255.255.254.0,8966
268197,45.235.144.0,255.255.252.0,8966
268202,45.235.148.0,255.255.252.0,8966
267418,45.235.152.0,255.255.252.0,8966
267419,45.235.156.0,255.255.252.0,8966
61621,45.235.160.0,255.255.252.0,8966
268191,45.235.176.0,255.255.252.0,8966
268199,45.235.196.0,255.255.252.0,4637
268214,45.235.208.0,255.255.252.0,4637
268201,45.235.216.0,255.255.252.0,8966
265550,45.235.252.0,255.255.255.0,6939
268210,45.236.4.0,255.255.252.0,8966
272274,45.236.18.0,255.255.254.0,8966
268222,45.236.20.0,255.255.252.0,8966
268221,45.236.52.0,255.255.252.0,8966
268224,45.236.64.0,255.255.252.0,6939
61832,45.236.68.0,255.255.255.0,8966
271478,45.236.72.0,255.255.254.0,8966
268231,45.236.108.0,255.255.252.0,4637
268234,45.236.112.0,255.255.252.0,4637
268235,45.236.116.0,255.255.252.0,703
262256,45.236.164.0,255.255.255.0,8966
263681,45.236.172.0,255.255.254.0,703
266803,45.236.184.0,255.255.252.0,4637
268351,45.236.188.0,255.255.254.0,8966
268243,45.236.200.0,255.255.252.0,8966
268251,45.236.208.0,255.255.255.0,8966
268246,45.236.212.0,255.255.252.0,8966
268249,45.236.224.0,255.255.252.0,8966
268253,45.236.248.0,255.255.252.0,8966
268252,45.236.252.0,255.255.252.0,8966
268330,45.237.0.0,255.255.255.0,8966
52318,45.237.52.0,255.255.254.0,6939
61591,45.237.72.0,255.255.252.0,703
268268,45.237.96.0,255.255.252.0,8966
268285,45.237.112.0,255.255.252.0,8966
268272,45.237.120.0,255.255.252.0,8966
265041,45.237.148.0,255.255.252.0,4637
268283,45.237.180.0,255.255.252.0,4637
268288,45.237.192.0,255.255.252.0,8966
268289,45.237.200.0,255.255.252.0,8966
268303,45.237.212.0,255.255.254.0,8966
268307,45.237.240.0,255.255.252.0,8966
268296,45.237.244.0,255.255.252.0,6939
266830,45.238.20.0,255.255.252.0,4637
268337,45.238.24.0,255.255.252.0,6939
268311,45.238.40.0,255.255.252.0,8966
268312,45.238.44.0,255.255.254.0,8966
268321,45.238.64.0,255.255.252.0,4637
268319,45.238.76.0,255.255.252.0,8966
268320,45.238.92.0,255.255.252.0,8966
52320,45.238.96.0,255.255.252.0,4637
53230,45.238.128.0,255.255.252.0,4637
262587,45.238.136.0,255.255.252.0,4637
266188,45.238.148.0,255.255.252.0,8966
266844,45.238.152.0,255.255.252.0,4637
265703,45.238.177.0,255.255.255.0,4637
266860,45.238.180.0,255.255.255.0,4637
268350,45.238.232.0,255.255.252.0,4637
268344,45.238.244.0,255.255.252.0,8966
268349,45.239.4.0,255.255.255.0,4637
268346,45.239.12.0,255.255.252.0,8966
268374,45.239.24.0,255.255.252.0,8966
266871,45.239.36.0,255.255.254.0,4637
268375,45.239.40.0,255.255.252.0,8966
268355,45.239.72.0,255.255.252.0,4637
268384,45.239.80.0,255.255.254.0,8966
61942,45.239.100.0,255.255.252.0,8966
14259,45.239.112.0,255.255.255.0,8966
268460,45.239.113.0,255.255.255.0,4637
266850,45.239.116.0,255.255.255.0,4637
266863,45.239.128.0,255.255.255.0,4637
268372,45.239.148.0,255.255.252.0,8966
268359,45.239.156.0,255.255.252.0,4637
268357,45.239.164.0,255.255.252.0,8966
273593,45.239.176.0,255.255.254.0,8966
268385,45.239.180.0,255.255.252.0,4637
268468,45.239.200.0,255.255.252.0,4637
61805,45.239.224.0,255.255.252.0,4637
268390,45.239.236.0,255.255.254.0,8966
137127,45.248.16.0,255.255.255.0,35280
134697,45.248.48.0,255.255.252.0,15412
136334,45.248.64.0,255.255.255.0,15412
9270,45.248.72.0,255.255.252.0,8966
134732,45.248.148.0,255.255.252.0,8966
149617,45.248.188.0,255.255.255.0,4637
135259,45.248.192.0,255.255.252.0,35280
140951,45.248.200.0,255.255.255.0,4637
17747,45.249.84.0,255.255.252.0,35280
134090,45.249.116.0,255.255.252.0,15412
137702,45.249.208.0,255.255.255.0,8966
140031,45.249.216.0,255.255.255.0,7713
152027,45.249.224.0,255.255.254.0,7713
35829,45.250.60.0,255.255.252.0,4637
135036,45.250.68.0,255.255.252.0,4637
146806,45.250.152.0,255.255.254.0,8966
135423,45.250.156.0,255.255.252.0,4637
135061,45.250.188.0,255.255.255.0,4637
133232,45.250.225.0,255.255.255.0,4637
55769,45.250.236.0,255.255.252.0,9304
135433,45.250.240.0,255.255.252.0,4637
135795,45.250.251.0,255.255.255.0,15412
38511,45.251.4.0,255.255.252.0,24482
135247,45.251.32.0,255.255.255.0,35280
134325,45.251.36.0,255.255.252.0,15412
55406,45.251.56.0,255.255.252.0,8966
135872,45.251.68.0,255.255.255.0,35280
131711,45.251.72.0,255.255.252.0,7713
135356,45.251.104.0,255.255.255.0,9304
135253,45.251.116.0,255.255.255.0,35280
151624,45.251.128.0,255.255.252.0,15412
59362,45.251.228.0,255.255.252.0,8966
135212,45.252.76.0,255.255.254.0,35280
13896,45.252.184.0,255.255.254.0,35280
63760,45.252.248.0,255.255.252.0,9304
17497,45.253.244.0,255.255.255.0,8966
139750,45.253.248.0,255.255.255.0,4637
152320,45.254.25.0,255.255.255.0,41095
135580,45.255.252.0,255.255.252.0,15412
49304,46.3.24.0,255.255.248.0,4637
60592,46.8.8.0,255.255.255.0,41095
204490,46.8.18.0,255.255.254.0,8966
204684,46.8.28.0,255.255.255.0,8359
208825,46.8.32.0,255.255.255.0,41095
39442,46.8.33.0,255.255.255.0,41095
202297,46.8.42.0,255.255.255.0,6939
43330,46.8.46.0,255.255.255.0,8966
205569,46.8.50.0,255.255.254.0,8359
207952,46.8.104.0,255.255.255.0,41095
211399,46.8.140.0,255.255.255.0,8359
204735,46.8.144.0,255.255.254.0,41095
201179,46.8.149.0,255.255.255.0,41095
212999,46.8.150.0,255.255.255.0,41095
49357,46.8.159.0,255.255.255.0,8359
212487,46.8.219.0,255.255.255.0,41095
203493,46.8.251.0,255.255.255.0,41095
205132,46.10.179.0,255.255.255.0,15412
15735,46.11.0.0,255.255.0.0,15412
1241,46.12.0.0,255.255.0.0,6939
12929,46.15.0.0,255.255.0.0,6939
51551,46.16.0.0,255.255.248.0,35280
197712,46.16.56.0,255.255.248.0,35280
52030,46.16.88.0,255.255.252.0,6939
51504,46.16.112.0,255.255.248.0,6939
44430,46.16.120.0,255.255.248.0,6939
51878,46.16.144.0,255.255.252.0,41095
50020,46.16.192.0,255.255.248.0,8966
207758,46.16.200.0,255.255.252.0,35280
44391,46.16.224.0,255.255.255.0,8359
44136,46.16.232.0,255.255.248.0,7713
20741,46.17.16.0,255.255.248.0,6939
51675,46.17.112.0,255.255.248.0,6939
51055,46.17.160.0,255.255.248.0,6939
49675,46.17.200.0,255.255.255.0,8359
59455,46.17.208.0,255.255.248.0,15412
214770,46.17.216.0,255.255.255.0,9304
8387,46.17.224.0,255.255.248.0,6939
44628,46.17.240.0,255.255.252.0,8359
47253,46.18.16.0,255.255.255.0,8966
51708,46.18.24.0,255.255.248.0,4637
203148,46.18.32.0,255.255.255.0,6939
34156,46.18.56.0,255.255.248.0,15412
35665,46.18.96.0,255.255.255.0,6939
60345,46.18.110.0,255.255.255.0,703
196749,46.18.136.0,255.255.248.0,8966
35328,46.18.144.0,255.255.248.0,4637
6738,46.18.192.0,255.255.255.0,6939
48479,46.18.200.0,255.255.255.0,8359
51785,46.18.248.0,255.255.248.0,8966
58123,46.19.4.0,255.255.255.0,4637
51790,46.19.8.0,255.255.254.0,24482
43994,46.19.40.0,255.255.255.0,41095
8723,46.19.120.0,255.255.254.0,6939
39271,46.19.128.0,255.255.248.0,6939
25593,46.19.176.0,255.255.248.0,6939
39102,46.19.184.0,255.255.248.0,8966
2588,46.19.200.0,255.255.248.0,6939
51865,46.19.208.0,255.255.248.0,6939
201783,46.19.215.0,255.255.255.0,15412
29170,46.19.224.0,255.255.248.0,8966
20681,46.19.248.0,255.255.248.0,8966
28785,46.20.49.0,255.255.255.0,6939
49909,46.20.128.0,255.255.240.0,4637
204106,46.20.202.0,255.255.254.0,8359
8544,46.21.48.0,255.255.240.0,41095
35184,46.21.128.0,255.255.240.0,15412
42755,46.21.160.0,255.255.240.0,6939
39288,46.21.208.0,255.255.240.0,6939
39122,46.22.128.0,255.255.240.0,6939
42927,46.22.160.0,255.255.255.0,6939
61242,46.22.161.0,255.255.255.0,703
197615,46.22.166.0,255.255.255.0,4637
208892,46.22.171.0,255.255.255.0,6939
49785,46.22.174.0,255.255.255.0,6939
29396,46.22.176.0,255.255.254.0,6939
24586,46.22.180.0,255.255.252.0,6939
211995,46.22.225.0,255.255.255.0,15412
42514,46.22.240.0,255.255.240.0,8359
197441,46.23.0.0,255.255.240.0,6939
24651,46.23.32.0,255.255.240.0,8359
60131,46.23.80.0,255.255.240.0,6939
49747,46.23.111.0,255.255.255.0,8359
60822,46.23.192.0,255.255.248.0,6939
215029,46.27.195.0,255.255.255.0,35280
51300,46.28.24.0,255.255.248.0,6939
16024,46.28.32.0,255.255.248.0,35280
35205,46.28.80.0,255.255.248.0,6939
47927,46.28.120.0,255.255.248.0,8966
51326,46.28.168.0,255.255.248.0,35280
42339,46.28.224.0,255.255.248.0,8966
12905,46.29.1.0,255.255.255.0,4637
197204,46.29.8.0,255.255.248.0,8359
197226,46.29.16.0,255.255.248.0,4637
29262,46.29.26.0,255.255.255.0,8966
202525,46.29.36.0,255.255.255.0,6939
29394,46.29.40.0,255.255.248.0,6939
197235,46.29.72.0,255.255.248.0,703
34086,46.29.96.0,255.255.248.0,6939
6878,46.29.96.0,255.255.255.0,15412
199669,46.29.118.0,255.255.254.0,8359
62214,46.29.136.0,255.255.248.0,15412
51437,46.29.152.0,255.255.255.0,8359
20746,46.29.200.0,255.255.248.0,8966
51200,46.29.232.0,255.255.254.0,8966
35266,46.30.8.0,255.255.248.0,15412
20694,46.30.24.0,255.255.252.0,35280
43503,46.30.80.0,255.255.248.0,4637
51978,46.30.112.0,255.255.248.0,6939
196881,46.30.137.0,255.255.255.0,15412
43070,46.30.144.0,255.255.248.0,6939
25521,46.30.160.0,255.255.248.0,15412
39444,46.30.200.0,255.255.248.0,6939
47254,46.30.219.0,255.255.255.0,8966
51764,46.31.0.0,255.255.248.0,8359
198089,46.31.8.0,255.255.248.0,6939
29124,46.31.24.0,255.255.248.0,8966
44141,46.31.40.0,255.255.248.0,6939
197267,46.31.56.0,255.255.248.0,6939
208744,46.31.64.0,255.255.255.0,8966
207459,46.31.76.0,255.255.255.0,8966
51722,46.31.78.0,255.255.255.0,8966
196987,46.31.88.0,255.255.248.0,15412
25148,46.31.184.0,255.255.252.0,15412
48416,46.32.64.0,255.255.252.0,8966
204151,46.32.144.0,255.255.248.0,6939
205547,46.32.168.0,255.255.255.0,703
209360,46.32.177.0,255.255.255.0,15412
211501,46.33.27.0,255.255.255.0,8966
31593,46.33.32.0,255.255.248.0,8359
44668,46.33.44.0,255.255.252.0,8359
702,46.34.64.0,255.255.224.0,15412
31430,46.34.144.0,255.255.254.0,8359
15599,46.34.152.0,255.255.255.0,15412
12931,46.35.48.0,255.255.240.0,6939
199226,46.35.96.0,255.255.240.0,6939
21230,46.35.160.0,255.255.255.0,8966
25206,46.35.170.0,255.255.255.0,8966
49101,46.36.32.0,255.255.224.0,6939
8932,46.36.124.0,255.255.252.0,8966
39824,46.36.128.0,255.255.254.0,41095
16178,46.36.160.0,255.255.224.0,15412
48854,46.36.204.0,255.255.252.0,15412
51918,46.37.32.0,255.255.224.0,6939
29449,46.37.224.0,255.255.224.0,6939
52201,46.38.48.0,255.255.248.0,8359
8752,46.38.96.0,255.255.224.0,8359
34837,46.38.129.0,255.255.255.0,4637
211162,46.38.134.0,255.255.255.0,8966
50821,46.39.96.0,255.255.224.0,6939
12824,46.41.128.0,255.255.192.0,15412
57363,46.42.186.0,255.255.255.0,8359
44347,46.43.192.0,255.255.192.0,8359
51515,46.45.0.0,255.255.252.0,15412
51484,46.45.64.0,255.255.192.0,703
201091,46.45.116.0,255.255.255.0,6939
201342,46.45.123.0,255.255.255.0,703
12683,46.45.192.0,255.255.192.0,15412
44724,46.46.0.0,255.255.252.0,15412
48045,46.46.64.0,255.255.192.0,8359
29470,46.46.128.0,255.255.224.0,6939
197298,46.47.0.0,255.255.192.0,8359
30764,46.47.128.0,255.255.192.0,6939
20632,46.47.192.0,255.255.192.0,8966
21487,46.48.128.0,255.255.240.0,15412
43987,46.49.132.0,255.255.255.0,15412
205820,46.53.196.0,255.255.255.0,8359
51582,46.55.128.0,255.255.192.0,15412
34841,46.55.208.0,255.255.248.0,6939
25106,46.56.40.0,255.255.248.0,8359
8437,46.57.0.0,255.255.128.0,15412
51784,46.63.0.0,255.255.192.0,8359
12297,46.71.0.0,255.255.0.0,6939
21246,46.99.0.0,255.255.0.0,703
20912,46.102.96.0,255.255.252.0,6939
56885,46.102.109.0,255.255.255.0,15412
215234,46.102.118.0,255.255.254.0,35280
39756,46.102.248.0,255.255.255.0,703
48881,46.102.254.0,255.255.255.0,15412
12578,46.109.0.0,255.255.0.0,6939
30600,46.110.0.0,255.255.0.0,15412
2854,46.111.0.0,255.255.0.0,8359
21283,46.122.0.0,255.254.0.0,15412
43733,46.130.0.0,255.255.0.0,8359
21395,46.134.192.0,255.255.224.0,6939
49524,46.141.0.0,255.255.128.0,6939
35491,46.148.64.0,255.255.240.0,6939
51175,46.148.80.0,255.255.240.0,703
48940,46.148.96.0,255.255.240.0,8359
48659,46.148.144.0,255.255.240.0,703
48000,46.148.248.0,255.255.254.0,8359
30922,46.148.252.0,255.255.255.0,8359
51973,46.149.32.0,255.255.240.0,41095
51993,46.149.48.0,255.255.254.0,8359
34814,46.149.80.0,255.255.240.0,8359
49830,46.149.101.0,255.255.255.0,41095
208059,46.149.109.0,255.255.255.0,8966
35598,46.149.110.0,255.255.255.0,41095
52092,46.149.112.0,255.255.240.0,6939
197503,46.149.144.0,255.255.240.0,6939
56911,46.149.168.0,255.255.252.0,6939
52195,46.149.208.0,255.255.240.0,703
52175,46.149.224.0,255.255.240.0,8359
35575,46.149.240.0,255.255.240.0,6939
47513,46.150.0.0,255.255.224.0,8359
25229,46.150.64.0,255.255.255.0,6939
49106,46.150.160.0,255.255.224.0,41095
57213,46.151.72.0,255.255.248.0,6939
197418,46.151.112.0,255.255.248.0,6939
197437,46.151.136.0,255.255.248.0,6939
50473,46.151.152.0,255.255.248.0,41095
25504,46.151.160.0,255.255.248.0,15412
52079,46.151.184.0,255.255.248.0,6939
51975,46.151.208.0,255.255.252.0,8966
52009,46.151.216.0,255.255.248.0,6939
52043,46.151.240.0,255.255.248.0,8359
48117,46.151.248.0,255.255.248.0,8359
24881,46.162.0.0,255.255.192.0,8966
6856,46.164.192.0,255.255.192.0,6939
49218,46.165.0.0,255.255.192.0,8966
25454,46.166.0.0,255.255.192.0,15412
203536,46.167.8.0,255.255.248.0,6939
12693,46.167.32.0,255.255.248.0,6939
197023,46.172.0.0,255.255.192.0,8359
213624,46.172.39.0,255.255.255.0,8359
43110,46.172.64.0,255.255.255.0,8359
48422,46.172.67.0,255.255.255.0,8359
203980,46.172.76.0,255.255.255.0,8359
9177,46.172.96.0,255.255.240.0,8359
49125,46.172.128.0,255.255.224.0,8359
6752,46.172.224.0,255.255.224.0,4637
49120,46.173.32.0,255.255.224.0,41095
34743,46.173.128.0,255.255.224.0,8359
49183,46.173.160.0,255.255.255.0,4637
56364,46.173.208.0,255.255.255.0,8966
52101,46.174.0.0,255.255.248.0,6939
200524,46.174.8.0,255.255.254.0,41095
52110,46.174.24.0,255.255.248.0,6939
34573,46.174.40.0,255.255.248.0,8359
42832,46.174.72.0,255.255.248.0,6939
49325,46.174.112.0,255.255.248.0,8359
200449,46.174.140.0,255.255.255.0,8966
47388,46.174.144.0,255.255.255.0,8966
198430,46.174.168.0,255.255.248.0,4637
52142,46.174.176.0,255.255.248.0,6939
24700,46.174.188.0,255.255.255.0,15412
211938,46.174.210.0,255.255.255.0,6939
197113,46.174.224.0,255.255.248.0,6939
35562,46.174.240.0,255.255.248.0,6939
56326,46.174.248.0,255.255.248.0,8359
39574,46.175.2.0,255.255.254.0,8966
49821,46.175.12.0,255.255.255.0,8966
34251,46.175.16.0,255.255.248.0,8359
197460,46.175.24.0,255.255.248.0,8359
56347,46.175.64.0,255.255.240.0,4637
197345,46.175.104.0,255.255.248.0,6939
51426,46.175.112.0,255.255.248.0,6939
210937,46.175.133.0,255.255.255.0,6939
42905,46.175.184.0,255.255.248.0,8359
47562,46.175.192.0,255.255.248.0,6939
196739,46.175.208.0,255.255.240.0,8966
43171,46.175.224.0,255.255.240.0,6939
56386,46.175.243.0,255.255.255.0,8359
49327,46.175.247.0,255.255.255.0,8359
39927,46.180.0.0,255.254.0.0,8359
45050,46.182.40.0,255.255.248.0,8966
3910,46.182.56.0,255.255.248.0,703
44600,46.182.80.0,255.255.252.0,6939
205368,46.182.172.0,255.255.254.0,8359
44735,46.182.184.0,255.255.248.0,6939
50309,46.182.192.0,255.255.248.0,35280
25220,46.182.248.0,255.255.248.0,6939
41357,46.183.8.0,255.255.248.0,6939
48426,46.183.49.0,255.255.255.0,6939
40824,46.183.145.0,255.255.255.0,15412
216235,46.183.167.0,255.255.255.0,8359
197453,46.183.176.0,255.255.248.0,8359
52048,46.183.216.0,255.255.248.0,6939
15693,46.183.248.0,255.255.248.0,49544
43118,46.187.128.0,255.255.128.0,6939
6660,46.190.145.0,255.255.255.0,35280
24955,46.191.128.0,255.255.252.0,8359
60095,46.191.156.0,255.255.252.0,8359
41704,46.191.184.0,255.255.248.0,8359
8434,46.194.0.0,255.254.0.0,7713
214480,46.202.82.0,255.255.254.0,6939
215294,46.203.77.0,255.255.255.0,8966
59962,46.209.32.0,255.255.255.0,8966
48161,46.214.0.0,255.255.248.0,6939
41557,46.217.240.0,255.255.248.0,8966
31148,46.219.1.0,255.255.255.0,4637
52176,46.226.18.0,255.255.254.0,6939
29169,46.226.108.0,255.255.252.0,35280
201706,46.226.122.0,255.255.255.0,8966
34863,46.226.128.0,255.255.248.0,6939
56588,46.226.136.0,255.255.248.0,6939
12835,46.226.200.0,255.255.248.0,8966
203750,46.226.225.0,255.255.255.0,15412
43142,46.227.16.0,255.255.248.0,6939
51155,46.227.36.0,255.255.254.0,4637
8280,46.227.56.0,255.255.248.0,6939
8819,46.227.104.0,255.255.248.0,6939
20963,46.227.112.0,255.255.248.0,6939
15844,46.227.128.0,255.255.248.0,6939
56329,46.227.144.0,255.255.248.0,6939
215182,46.227.160.0,255.255.254.0,8359
39904,46.227.168.0,255.255.248.0,6939
56349,46.227.176.0,255.255.248.0,8966
35168,46.227.186.0,255.255.255.0,41095
41495,46.227.200.0,255.255.248.0,8966
42760,46.227.224.0,255.255.248.0,35280
41833,46.227.248.0,255.255.248.0,703
13110,46.228.80.0,255.255.240.0,6939
206926,46.228.112.0,255.255.240.0,41095
56396,46.228.160.0,255.255.240.0,6939
48326,46.228.208.0,255.255.240.0,8966
49798,46.228.222.0,255.255.255.0,4637
20902,46.229.0.0,255.255.240.0,6939
34056,46.229.48.0,255.255.252.0,8359
209825,46.229.56.0,255.255.255.0,8359
41009,46.229.63.0,255.255.255.0,15412
8711,46.229.64.0,255.255.252.0,15412
25549,46.229.68.0,255.255.255.0,8359
15694,46.229.144.0,255.255.240.0,8966
24723,46.229.158.0,255.255.254.0,703
56376,46.231.32.0,255.255.248.0,6939
42612,46.231.120.0,255.255.248.0,4637
34999,46.231.152.0,255.255.248.0,6939
12775,46.231.164.0,255.255.252.0,4637
58325,46.231.167.0,255.255.255.0,6939
212641,46.231.226.0,255.255.255.0,8359
39361,46.231.227.0,255.255.255.0,8359
50576,46.231.228.0,255.255.255.0,8359
211882,46.231.240.0,255.255.254.0,6939
56391,46.232.128.0,255.255.248.0,6939
213260,46.232.144.0,255.255.248.0,6939
196922,46.232.184.0,255.255.248.0,6939
34442,46.232.192.0,255.255.248.0,6939
202257,46.232.212.0,255.255.252.0,703
198720,46.232.238.0,255.255.254.0,8359
44299,46.232.252.0,255.255.252.0,6939
42431,46.233.0.0,255.255.224.0,8966
35228,46.233.64.0,255.255.192.0,15412
39636,46.233.128.0,255.255.192.0,6939
47165,46.233.192.0,255.255.192.0,8966
34288,46.234.32.0,255.255.224.0,35280
201183,46.235.9.0,255.255.255.0,6939
56403,46.235.16.0,255.255.252.0,6939
206934,46.235.32.0,255.255.255.0,6939
39337,46.235.52.0,255.255.254.0,41095
29684,46.235.88.0,255.255.248.0,8966
11158,46.235.109.0,255.255.255.0,9304
51483,46.235.112.0,255.255.248.0,6939
197589,46.235.136.0,255.255.248.0,6939
35457,46.235.208.0,255.255.248.0,8966
44684,46.235.224.0,255.255.248.0,15412
8820,46.236.218.0,255.255.254.0,6939
61244,46.236.224.0,255.255.248.0,6939
13118,46.237.0.0,255.255.192.0,15412
12958,46.237.40.0,255.255.252.0,15412
39374,46.237.44.0,255.255.252.0,8966
29009,46.237.128.0,255.255.192.0,6939
12618,46.238.192.0,255.255.224.0,6939
48789,46.238.212.0,255.255.252.0,6939
8326,46.239.128.0,255.255.240.0,4637
47440,46.243.2.0,255.255.255.0,8966
43541,46.243.48.0,255.255.255.0,15412
29686,46.243.73.0,255.255.255.0,6939
61109,46.243.104.0,255.255.248.0,6939
60058,46.243.171.0,255.255.255.0,41095
209974,46.243.180.0,255.255.255.0,8359
198044,46.243.253.0,255.255.255.0,41095
197580,46.245.136.0,255.255.248.0,6939
48848,46.245.168.0,255.255.248.0,15412
35518,46.245.184.0,255.255.248.0,4637
43957,46.245.200.0,255.255.248.0,6939
60294,46.245.216.0,255.255.248.0,6939
197701,46.245.232.0,255.255.255.0,703
35773,46.245.237.0,255.255.255.0,15412
59550,46.245.238.0,255.255.255.0,8966
39545,46.247.0.0,255.255.224.0,8966
8445,46.247.192.0,255.255.224.0,6939
34779,46.248.64.0,255.255.224.0,6939
9153,46.248.96.0,255.255.224.0,15412
47544,46.248.160.0,255.255.224.0,4637
50009,46.249.16.0,255.255.240.0,8359
8462,46.249.128.0,255.255.224.0,6939
21332,46.250.32.0,255.255.252.0,8966
51218,46.250.128.0,255.255.252.0,8359
28824,46.250.192.0,255.255.224.0,6939
35432,46.251.96.0,255.255.224.0,6939
50223,46.251.192.0,255.255.224.0,8359
212804,46.252.0.0,255.255.255.0,15412
206774,46.252.1.0,255.255.255.0,6939
21183,46.252.32.0,255.255.240.0,15412
8779,46.252.208.0,255.255.240.0,8359
44814,46.253.8.0,255.255.255.0,6939
198228,46.253.9.0,255.255.255.0,8966
34624,46.253.16.0,255.255.240.0,4637
197558,46.253.48.0,255.255.240.0,6939
29551,46.253.112.0,255.255.240.0,6939
24889,46.253.176.0,255.255.240.0,35280
8468,46.254.0.0,255.255.248.0,15412
41034,46.254.28.0,255.255.255.0,8359
49895,46.254.72.0,255.255.252.0,6939
59607,46.254.77.0,255.255.255.0,6939
50898,46.254.78.0,255.255.255.0,6939
39125,46.254.94.0,255.255.255.0,8359
13170,46.254.96.0,255.255.248.0,6939
47480,46.254.112.0,255.255.248.0,15412
204779,46.254.212.0,255.255.252.0,6939
48149,46.254.216.0,255.255.248.0,8359
44267,46.254.246.0,255.255.254.0,8359
51341,46.255.25.0,255.255.255.0,8359
60943,46.255.31.0,255.255.255.0,6939
31203,46.255.64.0,255.255.252.0,8359
8943,46.255.72.0,255.255.248.0,15412
197156,46.255.88.0,255.255.248.0,49544
47394,46.255.144.0,255.255.248.0,8966
42774,46.255.208.0,255.255.248.0,6939
201502,46.255.240.0,255.255.255.0,6939
46183,47.19.26.0,255.255.255.0,15412
62677,47.19.34.0,255.255.255.0,703
55052,47.19.51.0,255.255.255.0,703
22271,47.19.86.0,255.255.255.0,8966
19642,47.19.95.0,255.255.255.0,703
3408,47.19.103.0,255.255.255.0,703
19926,47.19.143.0,255.255.255.0,703
63378,47.19.156.0,255.255.255.0,15412
31774,47.19.157.0,255.255.255.0,15412
23069,47.19.216.0,255.255.255.0,15412
27536,47.19.220.0,255.255.255.0,703
40264,47.45.16.0,255.255.255.0,8966
22974,47.45.54.0,255.255.255.0,8966
24249,49.0.16.0,255.255.248.0,6939
17995,49.0.24.0,255.255.254.0,7713
149359,49.0.26.0,255.255.255.0,7713
400318,49.0.56.0,255.255.255.0,8966
27882,49.0.188.0,255.255.255.0,8966
9858,49.8.0.0,255.255.255.0,9304
64049,49.45.4.0,255.255.255.0,8966
9930,49.50.12.0,255.255.255.0,703
10049,49.50.32.0,255.255.224.0,9304
55470,49.50.64.0,255.255.192.0,35280
4818,49.124.0.0,255.254.0.0,15412
23780,49.128.24.0,255.255.248.0,4637
59268,49.128.64.0,255.255.255.0,4637
23822,49.128.100.0,255.255.252.0,4637
10135,49.128.112.0,255.255.240.0,41095
131745,49.128.184.0,255.255.255.0,8359
146834,49.128.223.0,255.255.255.0,8966
45475,49.143.228.0,255.255.255.0,4637
55879,49.143.252.0,255.255.255.0,15412
24251,49.156.4.0,255.255.252.0,4637
134630,49.156.20.0,255.255.255.0,7713
7679,49.156.192.0,255.255.192.0,4637
9658,49.157.0.0,255.255.224.0,4637
18209,49.204.158.0,255.255.255.0,15412
7497,49.210.0.0,255.254.0.0,4637
9371,49.212.0.0,255.255.0.0,8966
10098,49.213.0.0,255.255.248.0,9304
135744,49.213.36.0,255.255.255.0,15412
150142,49.213.52.0,255.255.255.0,8966
18206,49.236.192.0,255.255.255.0,7713
55668,49.236.216.0,255.255.255.0,7713
17948,49.236.224.0,255.255.252.0,4637
132618,49.237.0.0,255.255.254.0,4637
17878,49.238.192.0,255.255.224.0,4637
2497,49.239.64.0,255.255.192.0,15412
38735,49.246.128.0,255.255.192.0,4637
49532,50.2.36.0,255.255.252.0,703
64227,50.20.196.0,255.255.252.0,8966
8100,50.20.200.0,255.255.255.0,35280
21949,50.21.16.0,255.255.248.0,8966
397005,50.21.104.0,255.255.248.0,6939
29909,50.21.160.0,255.255.240.0,6939
22645,50.21.240.0,255.255.240.0,6939
32244,50.28.0.0,255.255.192.0,7713
30688,50.30.16.0,255.255.240.0,6939
394195,50.30.19.0,255.255.255.0,8966
36295,50.30.48.0,255.255.240.0,6939
13694,50.30.64.0,255.255.240.0,15412
17293,50.30.80.0,255.255.252.0,8966
14749,50.30.112.0,255.255.252.0,703
23473,50.30.128.0,255.255.255.0,6939
46811,50.31.16.0,255.255.252.0,6939
11377,50.31.32.0,255.255.240.0,6939
23352,50.31.128.0,255.255.128.0,4637
25773,50.31.132.0,255.255.255.0,4637
46672,50.58.240.0,255.255.255.0,15412
63483,50.59.82.0,255.255.255.0,6939
16391,50.59.118.0,255.255.254.0,703
26709,50.59.133.0,255.255.255.0,4637
40464,50.59.213.0,255.255.255.0,703
16770,50.74.83.0,255.255.255.0,8966
6407,50.93.160.0,255.255.240.0,15412
46262,50.93.208.0,255.255.240.0,6939
15165,50.115.144.0,255.255.254.0,6939
13329,50.115.147.0,255.255.255.0,6939
54048,50.115.192.0,255.255.240.0,4637
3663,50.116.128.0,255.255.192.0,6939
6336,50.116.236.0,255.255.252.0,4637
22573,50.117.208.0,255.255.240.0,15412
262239,50.118.230.0,255.255.254.0,6939
26650,50.121.151.0,255.255.255.0,6939
20214,50.150.146.0,255.255.255.0,703
33489,50.200.193.0,255.255.255.0,703
22909,50.201.4.0,255.255.255.0,703
33657,50.201.252.0,255.255.255.0,703
33668,50.202.125.0,255.255.255.0,703
33650,50.202.174.0,255.255.255.0,6939
33667,50.203.5.0,255.255.255.0,703
33660,50.204.89.0,255.255.255.0,703
21508,50.204.101.0,255.255.255.0,6939
33490,50.204.255.0,255.255.255.0,703
40831,50.216.106.0,255.255.255.0,8966
40382,50.217.178.0,255.255.255.0,8359
33661,50.218.97.0,255.255.255.0,6939
13367,50.220.92.0,255.255.255.0,703
6254,50.224.126.0,255.255.254.0,4637
22258,50.225.146.0,255.255.255.0,6939
394621,50.227.99.0,255.255.255.0,8359
31929,50.235.175.0,255.255.255.0,8359
35962,50.235.243.0,255.255.255.0,703
12876,51.15.0.0,255.255.0.0,15412
13037,51.148.0.0,255.255.0.0,15412
207310,51.149.2.0,255.255.255.0,6939
15796,51.154.0.0,255.255.0.0,15412
47973,51.163.160.0,255.255.224.0,6939
5466,51.171.0.0,255.255.0.0,6939
5482,51.179.192.0,255.255.192.0,6939
62943,52.119.36.0,255.255.252.0,8966
18616,52.119.64.0,255.255.224.0,15412
22768,52.119.97.0,255.255.255.0,4637
15164,52.119.108.0,255.255.255.0,6939
11589,52.124.4.0,255.255.252.0,703
22772,52.124.58.0,255.255.255.0,6939
19324,52.128.16.0,255.255.255.0,8966
11320,52.129.112.0,255.255.248.0,8966
22911,52.144.40.0,255.255.252.0,15412
55039,52.144.56.0,255.255.254.0,8966
5602,52.144.64.0,255.255.224.0,8966
31399,53.0.0.0,255.0.0.0,6939
345,55.3.0.0,255.255.0.0,703
306,55.10.0.0,255.255.0.0,703
317,55.11.0.0,255.255.0.0,703
346,55.13.0.0,255.255.0.0,703
321,55.24.0.0,255.255.0.0,703
329,55.78.221.0,255.255.255.0,703
4004,57.66.70.0,255.255.255.0,15412
2647,57.68.10.0,255.255.255.0,15412
4862,57.72.49.0,255.255.255.0,4637
10282,57.87.82.0,255.255.255.0,6939
30029,57.138.0.0,255.255.0.0,15412
400662,57.138.1.0,255.255.255.0,15412
205080,57.188.4.0,255.255.255.0,35280
2510,58.1.0.0,255.255.128.0,15412
9812,58.24.0.0,255.254.0.0,9304
38264,58.27.128.0,255.255.255.0,8966
17435,58.28.0.0,255.255.0.0,4637
9871,58.29.186.0,255.255.255.0,9304
139203,58.42.2.0,255.255.255.0,8966
58540,58.56.9.0,255.255.255.0,8966
17444,58.64.128.0,255.255.128.0,24482
17645,58.65.0.0,255.255.224.0,4637
23777,58.65.32.0,255.255.224.0,4637
9694,58.65.64.0,255.255.192.0,9304
24535,58.65.240.0,255.255.252.0,7713
17511,58.70.0.0,255.255.0.0,4637
55423,58.82.128.0,255.255.248.0,4637
134718,58.82.186.0,255.255.255.0,4637
45629,58.82.191.0,255.255.255.0,4637
272432,58.84.12.0,255.255.254.0,8966
38182,58.84.16.0,255.255.252.0,6939
59249,58.84.33.0,255.255.255.0,8966
132588,58.84.48.0,255.255.255.0,4637
46976,58.84.58.0,255.255.254.0,9304
38172,58.84.216.0,255.255.252.0,4637
9601,58.84.240.0,255.255.248.0,4637
18042,58.86.0.0,255.255.0.0,15412
9595,58.98.0.0,255.255.0.0,6939
18302,58.102.29.0,255.255.255.0,9304
9416,58.114.0.0,255.254.0.0,15412
45800,58.137.217.0,255.255.255.0,9304
9689,58.145.0.0,255.255.128.0,9304
45166,58.145.227.0,255.255.255.0,4637
140928,58.146.128.0,255.255.240.0,4637
140929,58.146.144.0,255.255.248.0,4637
55330,58.147.156.0,255.255.255.0,8359
7671,58.147.192.0,255.255.224.0,4637
4670,58.180.0.0,255.255.0.0,4637
9848,58.180.7.0,255.255.255.0,4637
9842,58.180.188.0,255.255.255.0,9304
7693,58.181.128.0,255.255.128.0,9304
9950,58.184.0.0,255.255.0.0,9304
136958,58.254.129.0,255.255.255.0,4637
7560,59.1.40.0,255.255.255.0,9304
134773,59.37.0.0,255.255.254.0,9304
2764,59.100.0.0,255.254.0.0,35280
131596,59.102.128.0,255.255.192.0,4637
139820,59.103.32.0,255.255.255.0,8966
137910,59.103.48.0,255.255.255.0,8966
9919,59.104.111.0,255.255.255.0,7713
9730,59.144.97.0,255.255.255.0,15412
9457,59.150.0.0,255.255.248.0,4637
58945,59.152.14.0,255.255.255.0,6939
64078,59.152.44.0,255.255.252.0,4637
64098,59.153.8.0,255.255.252.0,15412
4049,59.153.20.0,255.255.252.0,4637
132901,59.153.26.0,255.255.254.0,9304
200434,59.153.36.0,255.255.252.0,8966
56293,59.153.84.0,255.255.252.0,8966
140825,59.153.216.0,255.255.255.0,4637
17813,59.176.0.0,255.255.0.0,4637
17583,59.186.42.0,255.255.255.0,4637
38280,59.191.192.0,255.255.240.0,18106
38749,59.191.224.0,255.255.248.0,35280
5580,59.191.240.0,255.255.240.0,6939
135596,60.198.152.0,255.255.255.0,8966
131634,60.199.50.0,255.255.255.0,4637
9790,60.234.0.0,255.255.0.0,4637
9676,60.245.0.0,255.255.192.0,4637
38144,60.253.96.0,255.255.255.0,7713
131322,61.4.64.0,255.255.255.0,4637
147040,61.4.108.0,255.255.255.0,24482
10094,61.6.192.0,255.255.192.0,6939
18150,61.7.0.0,255.255.128.0,4637
9931,61.7.192.0,255.255.192.0,4637
63134,61.8.176.0,255.255.240.0,6939
9908,61.10.0.0,255.255.0.0,9304
24218,61.11.208.0,255.255.240.0,703
23856,61.13.192.0,255.255.192.0,8966
3300,61.14.0.0,255.255.192.0,4637
63731,61.14.236.0,255.255.252.0,9304
63501,61.14.248.0,255.255.255.0,8966
140577,61.16.24.0,255.255.252.0,6939
139883,61.16.51.0,255.255.255.0,8966
4651,61.19.0.0,255.255.255.0,4637
17978,61.28.192.0,255.255.255.0,35280
59127,61.44.128.0,255.255.224.0,6939
4765,61.47.1.0,255.255.255.0,9304
18183,61.56.0.0,255.255.240.0,4637
9244,61.56.64.0,255.255.240.0,4637
18422,61.61.240.0,255.255.240.0,4637
131644,61.67.121.0,255.255.255.0,6939
18081,61.86.0.0,255.255.0.0,4637
9952,61.100.0.0,255.255.240.0,4637
131866,61.100.40.0,255.255.248.0,4637
10160,61.106.0.0,255.255.255.0,9304
45361,61.107.150.0,255.255.255.0,9304
10002,61.114.64.0,255.255.240.0,8966
10003,61.114.80.0,255.255.240.0,6939
10006,61.114.176.0,255.255.240.0,4637
10015,61.114.224.0,255.255.240.0,4637
10019,61.115.240.0,255.255.240.0,4637
9997,61.120.128.0,255.255.240.0,4637
4723,61.122.64.0,255.255.224.0,15412
134420,61.128.171.0,255.255.255.0,8966
140330,61.154.226.0,255.255.255.0,9304
2915,61.195.32.0,255.255.252.0,15412
131943,61.195.40.0,255.255.252.0,6939
146969,61.195.44.0,255.255.252.0,4637
17685,61.195.48.0,255.255.240.0,8966
4913,61.200.83.144,255.255.255.240,4637
139358,61.200.87.0,255.255.255.0,41095
9365,61.206.224.0,255.255.240.0,4637
9621,61.210.64.0,255.255.224.0,8966
17675,61.211.160.0,255.255.240.0,4637
9394,61.233.0.0,255.255.224.0,8966
2713,61.245.96.0,255.255.248.0,4637
23786,61.245.192.0,255.255.240.0,4637
23700,61.247.0.0,255.255.192.0,9304
216425,61.251.186.0,255.255.255.0,8966
15596,62.3.26.0,255.255.255.0,8359
210506,62.3.38.0,255.255.255.0,6939
206170,62.3.44.0,255.255.255.0,6939
203421,62.3.52.0,255.255.255.0,6939
210513,62.3.56.0,255.255.255.0,703
9112,62.3.160.0,255.255.224.0,4637
43940,62.4.32.0,255.255.224.0,6939
15933,62.8.32.0,255.255.224.0,6939
20676,62.8.128.0,255.255.128.0,6939
15498,62.13.192.0,255.255.248.0,15412
15640,62.16.32.0,255.255.224.0,8359
50272,62.24.32.0,255.255.224.0,6939
12455,62.24.96.0,255.255.224.0,703
12312,62.26.0.0,255.254.0.0,6939
15525,62.28.0.0,255.255.0.0,15412
21232,62.32.0.0,255.255.224.0,35280
24753,62.32.32.0,255.255.255.0,8966
20965,62.40.96.0,255.255.224.0,4637
8339,62.40.128.0,255.255.128.0,6939
3308,62.44.128.0,255.255.192.0,15412
15435,62.45.0.0,255.255.0.0,4637
8271,62.48.0.0,255.255.224.0,6939
13284,62.48.32.0,255.255.224.0,8966
12620,62.48.96.0,255.255.224.0,6939
5378,62.49.0.0,255.255.0.0,15412
12374,62.50.96.0,255.255.224.0,15412
213462,62.50.140.0,255.255.252.0,6939
12491,62.56.128.0,255.255.255.0,9304
204528,62.56.156.0,255.255.255.0,9304
51263,62.56.176.0,255.255.240.0,8966
49572,62.60.0.0,255.255.128.0,35280
15611,62.60.136.0,255.255.255.0,8966
215633,62.60.141.0,255.255.255.0,8966
212036,62.60.143.0,255.255.255.0,8966
211904,62.60.163.0,255.255.255.0,8966
3218,62.61.16.0,255.255.240.0,8966
15516,62.61.128.0,255.255.224.0,6939
20985,62.63.64.0,255.255.252.0,8359
5518,62.63.128.0,255.255.248.0,15412
15517,62.65.128.0,255.255.224.0,6939
5578,62.65.160.0,255.255.224.0,6939
2586,62.65.192.0,255.255.192.0,6939
6735,62.68.0.0,255.255.224.0,15412
202309,62.68.70.0,255.255.255.0,4637
25098,62.68.73.0,255.255.255.0,4637
56833,62.68.192.0,255.255.224.0,6939
13227,62.69.0.0,255.255.224.0,8966
5587,62.69.64.0,255.255.192.0,6939
59766,62.69.128.0,255.255.248.0,6939
60849,62.72.165.0,255.255.255.0,6939
24751,62.72.224.0,255.255.224.0,6939
48851,62.73.169.40,255.255.255.248,8966
41164,62.73.252.0,255.255.255.0,6939
12713,62.75.1.0,255.255.255.0,15412
28891,62.76.13.0,255.255.255.0,8359
43832,62.76.62.0,255.255.255.0,8359
51054,62.76.64.0,255.255.248.0,8359
51408,62.76.74.0,255.255.254.0,41095
57512,62.76.79.0,255.255.255.0,8359
49963,62.76.92.0,255.255.254.0,41095
213853,62.76.98.0,255.255.255.0,41095
50157,62.76.121.0,255.255.255.0,8359
38928,62.76.137.0,255.255.255.0,41095
61382,62.76.156.0,255.255.255.0,8359
43634,62.76.159.0,255.255.255.0,8966
62379,62.76.166.0,255.255.255.0,41095
209367,62.76.194.0,255.255.254.0,8359
60347,62.76.200.0,255.255.254.0,8359
60544,62.76.205.0,255.255.255.0,8359
8985,62.76.209.0,255.255.255.0,8359
216366,62.76.225.0,255.255.255.0,8359
21416,62.76.253.0,255.255.255.0,8359
15566,62.77.128.0,255.255.252.0,6939
43608,62.77.132.0,255.255.252.0,8966
20845,62.77.196.0,255.255.252.0,6939
48858,62.78.80.0,255.255.240.0,8359
25386,62.80.160.0,255.255.224.0,8359
12597,62.80.192.0,255.255.224.0,6939
44927,62.84.104.0,255.255.248.0,8359
215638,62.84.169.0,255.255.255.0,35280
204271,62.89.193.0,255.255.255.0,8359
215106,62.89.216.0,255.255.255.0,8966
20686,62.91.0.0,255.255.0.0,6939
25468,62.93.32.0,255.255.224.0,4637
25447,62.93.64.0,255.255.224.0,6939
20756,62.93.195.0,255.255.255.0,49544
9165,62.97.128.0,255.255.224.0,6939
8542,62.97.192.0,255.255.192.0,6939
49289,62.100.74.0,255.255.255.0,6939
12488,62.100.204.0,255.255.252.0,4637
25466,62.101.52.0,255.255.252.0,15412
51815,62.102.148.0,255.255.254.0,6939
197650,62.102.152.0,255.255.248.0,15412
25474,62.105.32.0,255.255.248.0,8966
8607,62.105.160.0,255.255.224.0,6939
8829,62.106.0.0,255.255.224.0,15412
21500,62.106.68.0,255.255.255.0,4637
30962,62.108.32.0,255.255.240.0,15412
8831,62.108.64.0,255.255.255.0,8966
214247,62.108.88.0,255.255.255.0,8966
6700,62.108.96.0,255.255.224.0,703
6623,62.108.128.0,255.255.255.0,6939
28797,62.108.184.0,255.255.248.0,6939
51132,62.108.192.0,255.255.240.0,6939
13157,62.112.32.0,255.255.224.0,6939
59642,62.112.144.0,255.255.240.0,8966
29311,62.112.224.0,255.255.224.0,15412
209024,62.113.64.0,255.255.255.0,8359
60490,62.113.66.0,255.255.255.0,8359
41535,62.113.80.0,255.255.252.0,8966
49352,62.113.93.0,255.255.255.0,8359
205952,62.113.95.0,255.255.255.0,8359
48282,62.113.112.0,255.255.255.0,8966
48943,62.116.5.0,255.255.255.0,6939
15456,62.116.128.0,255.255.224.0,6939
16117,62.116.224.0,255.255.224.0,6939
212199,62.117.85.0,255.255.255.0,41095
15541,62.121.128.0,255.255.255.0,6939
25435,62.121.192.0,255.255.255.0,8966
29422,62.122.28.0,255.255.255.0,15412
35701,62.122.36.0,255.255.252.0,6939
47530,62.122.48.0,255.255.248.0,8359
34786,62.122.56.0,255.255.255.0,8359
42504,62.122.64.0,255.255.248.0,8359
24703,62.122.71.0,255.255.255.0,15412
8764,62.122.76.0,255.255.252.0,6939
56373,62.122.120.0,255.255.248.0,6939
49290,62.122.232.0,255.255.248.0,6939
20942,62.128.64.0,255.255.240.0,8966
3327,62.128.100.0,255.255.252.0,8359
12440,62.128.160.0,255.255.224.0,4637
212097,62.133.36.0,255.255.255.0,8966
28788,62.133.192.0,255.255.192.0,15412
43009,62.140.31.0,255.255.255.0,8359
28917,62.140.224.0,255.255.224.0,8359
31103,62.141.48.0,255.255.248.0,6939
200596,62.146.248.0,255.255.255.0,8966
211316,62.146.253.0,255.255.255.0,4637
12322,62.147.0.0,255.255.0.0,15412
9155,62.150.0.0,255.255.0.0,4637
2134,62.164.11.0,255.255.255.0,8966
207841,62.164.141.0,255.255.255.0,6939
213922,62.164.156.0,255.255.255.0,8359
205892,62.164.172.0,255.255.252.0,4637
30094,62.164.182.0,255.255.255.0,4637
28745,62.165.32.0,255.255.255.0,15412
20626,62.168.128.0,255.255.224.0,6939
31055,62.168.192.0,255.255.224.0,703
6786,62.169.4.0,255.255.255.0,35280
214554,62.169.144.0,255.255.252.0,6939
8821,62.171.0.0,255.255.128.0,4637
5503,62.171.192.0,255.255.224.0,15412
34300,62.173.128.0,255.255.224.0,8359
39719,62.177.16.0,255.255.248.0,15412
21244,62.181.0.0,255.255.224.0,6939
28968,62.181.34.0,255.255.254.0,8359
61121,62.181.50.0,255.255.254.0,8359
200083,62.182.16.0,255.255.248.0,35280
202253,62.182.44.0,255.255.255.0,6939
196638,62.182.64.0,255.255.248.0,8359
25408,62.182.89.0,255.255.255.0,8966
197605,62.182.104.0,255.255.248.0,6939
50625,62.182.144.0,255.255.248.0,6939
51277,62.182.208.0,255.255.248.0,6939
13000,62.182.224.0,255.255.248.0,6939
25490,62.183.0.0,255.255.224.0,15412
42548,62.183.76.0,255.255.252.0,15412
39775,62.192.32.0,255.255.224.0,8966
29748,62.192.185.0,255.255.255.0,6939
40107,62.192.186.0,255.255.255.0,4637
5618,62.193.3.0,255.255.255.0,8966
207790,62.197.0.0,255.255.240.0,6939
12392,62.197.64.0,255.255.192.0,15412
31349,62.201.16.0,255.255.240.0,6939
44217,62.201.193.0,255.255.255.0,8966
41032,62.201.199.0,255.255.255.0,703
41887,62.204.64.0,255.255.224.0,6939
12886,62.204.160.0,255.255.224.0,6939
44747,62.205.0.0,255.255.224.0,6939
31452,62.209.0.0,255.255.224.0,8966
34718,62.209.128.0,255.255.224.0,8359
34797,62.212.32.0,255.255.224.0,703
29071,62.213.32.0,255.255.255.0,8359
21050,62.215.0.0,255.255.0.0,8966
43852,62.215.221.0,255.255.255.0,8966
25560,62.216.160.0,255.255.224.0,15412
21341,62.220.96.0,255.255.248.0,8966
6893,62.220.128.0,255.255.224.0,35280
39432,62.220.149.0,255.255.255.0,35280
12883,62.221.32.0,255.255.224.0,4637
6703,62.221.32.0,255.255.254.0,4637
12329,62.221.232.0,255.255.248.0,6939
203598,62.228.240.0,255.255.255.0,41095
25441,62.231.32.0,255.255.224.0,6939
9166,62.233.0.0,255.255.240.0,8966
47122,62.233.46.0,255.255.255.0,41095
203877,62.240.0.0,255.255.255.0,8966
43976,62.241.24.0,255.255.255.0,8966
3254,62.244.0.0,255.255.192.0,4637
3330,62.249.64.0,255.255.192.0,6939
3371,63.39.0.0,255.255.0.0,703
3372,63.39.160.0,255.255.240.0,703
22394,63.40.0.0,255.248.0.0,703
32805,63.67.145.0,255.255.255.0,15412
54646,63.67.238.0,255.255.255.0,15412
28502,63.70.72.0,255.255.254.0,703
14669,63.70.80.0,255.255.240.0,15412
18943,63.75.31.0,255.255.255.0,15412
6303,63.78.242.0,255.255.255.0,8966
10695,63.79.89.0,255.255.255.0,15412
54546,63.80.105.0,255.255.255.0,703
30004,63.83.202.0,255.255.255.0,703
54519,63.84.9.0,255.255.255.0,8966
13462,63.84.220.0,255.255.252.0,35280
30462,63.85.88.0,255.255.252.0,6939
10361,63.88.3.0,255.255.255.0,4637
14135,63.93.193.0,255.255.255.0,8966
6503,63.96.221.0,255.255.255.0,703
14313,63.100.51.0,255.255.255.0,4637
3855,63.115.0.0,255.255.240.0,15412
18728,63.115.50.0,255.255.255.0,703
23402,63.116.147.0,255.255.255.0,703
25936,63.116.198.0,255.255.254.0,703
40527,63.116.201.0,255.255.255.0,15412
19587,63.118.81.0,255.255.255.0,703
19670,63.118.175.0,255.255.255.0,703
6620,63.119.38.0,255.255.254.0,15412
31877,63.120.127.0,255.255.255.0,6939
12087,63.124.140.0,255.255.255.0,6939
22204,63.125.179.0,255.255.255.0,703
21547,63.127.192.0,255.255.248.0,6939
14492,63.131.128.0,255.255.224.0,8966
14140,63.131.160.0,255.255.255.0,6939
40414,63.131.240.0,255.255.240.0,6939
400212,63.133.216.0,255.255.252.0,35280
3580,63.133.224.0,255.255.240.0,6939
32709,63.134.128.0,255.255.192.0,8966
10430,63.135.32.0,255.255.240.0,8966
13370,63.135.48.0,255.255.240.0,8966
19151,63.135.64.0,255.255.255.0,15412
23342,63.135.65.0,255.255.255.0,6939
11090,63.135.66.0,255.255.254.0,8966
19331,63.135.176.0,255.255.240.0,703
22549,63.135.224.0,255.255.240.0,6939
10396,63.135.240.0,255.255.240.0,15412
15224,63.140.40.0,255.255.252.0,4637
33554,63.142.160.0,255.255.240.0,6939
22608,63.142.192.0,255.255.255.0,8966
13728,63.143.16.0,255.255.240.0,6939
40786,63.143.64.0,255.255.192.0,15412
35900,63.143.76.0,255.255.255.0,15412
396304,63.143.86.0,255.255.255.0,15412
17385,63.147.40.0,255.255.254.0,15412
13994,63.147.92.0,255.255.252.0,8966
47095,63.149.18.0,255.255.255.0,6939
33543,63.149.88.0,255.255.255.0,15412
17143,63.150.214.0,255.255.254.0,8966
400317,63.160.134.0,255.255.255.0,8966
12133,63.162.80.0,255.255.240.0,15412
27696,63.164.108.0,255.255.252.0,6939
32254,63.166.12.0,255.255.255.0,703
18632,63.166.164.0,255.255.254.0,4637
46140,63.167.198.0,255.255.255.0,703
36549,63.167.208.0,255.255.240.0,15412
18593,63.167.228.0,255.255.255.0,15412
23175,63.169.120.0,255.255.248.0,8966
6062,63.171.66.0,255.255.255.0,6939
11280,63.172.84.0,255.255.254.0,6939
5033,63.204.233.0,255.255.255.0,8966
11525,63.208.139.0,255.255.255.0,6939
27553,63.208.160.0,255.255.252.0,6939
16559,63.210.48.0,255.255.248.0,6939
32035,63.211.201.0,255.255.255.0,8966
41041,63.215.202.0,255.255.255.0,6939
23875,63.216.59.0,255.255.255.0,15412
10082,63.217.82.0,255.255.255.0,24482
17984,63.222.165.0,255.255.255.0,35280
26326,63.226.42.0,255.255.255.0,15412
33274,63.232.197.0,255.255.255.0,8359
55044,63.238.128.0,255.255.252.0,8966
3573,63.240.184.0,255.255.248.0,4637
14745,63.241.252.0,255.255.255.0,4637
52286,63.245.18.0,255.255.255.0,6939
18678,63.245.96.0,255.255.255.0,703
52233,63.245.108.0,255.255.254.0,6939
8014,63.245.112.0,255.255.240.0,6939
42,63.246.32.0,255.255.255.0,8966
10352,63.247.32.0,255.255.240.0,6939
11042,63.247.64.0,255.255.248.0,703
7226,63.247.79.0,255.255.255.0,4637
36667,63.247.166.0,255.255.255.0,15412
15319,63.247.189.0,255.255.255.0,703
17306,63.248.254.0,255.255.254.0,6939
19518,63.249.0.0,255.255.224.0,6939
14978,63.249.48.0,255.255.255.0,6939
12180,63.250.0.0,255.255.254.0,4637
21570,63.250.96.0,255.255.240.0,15412
14744,63.251.0.0,255.255.240.0,4637
13789,63.251.16.0,255.255.240.0,4637
14743,63.251.48.0,255.255.240.0,4637
24247,63.251.110.0,255.255.254.0,4637
14742,63.251.128.0,255.255.240.0,4637
27382,63.251.136.0,255.255.252.0,6939
10912,63.251.145.0,255.255.255.0,4637
13790,63.251.176.0,255.255.240.0,4637
5693,63.251.206.0,255.255.255.0,4637
25899,63.251.229.0,255.255.255.0,8966
53610,63.252.228.0,255.255.252.0,8966
2828,64.0.0.0,255.252.0.0,15412
11758,64.3.212.0,255.255.254.0,6939
7122,64.4.64.0,255.255.224.0,15412
4927,64.4.128.0,255.255.224.0,4637
17012,64.4.240.0,255.255.248.0,15412
32867,64.5.64.0,255.255.240.0,8359
33680,64.5.81.0,255.255.255.0,4637
11403,64.5.122.0,255.255.255.0,15412
11221,64.5.128.0,255.255.240.0,15412
46231,64.5.160.0,255.255.224.0,6939
14363,64.6.0.0,255.255.240.0,8966
23274,64.6.16.0,255.255.255.0,6939
11840,64.6.67.0,255.255.255.0,8966
7342,64.6.69.0,255.255.255.0,4637
26134,64.6.80.0,255.255.255.0,8966
19237,64.6.96.0,255.255.240.0,15412
19504,64.6.112.0,255.255.240.0,6939
19783,64.6.208.0,255.255.240.0,4637
15042,64.7.96.0,255.255.240.0,6939
11647,64.7.128.0,255.255.224.0,15412
13549,64.7.160.0,255.255.224.0,8966
1998,64.8.128.0,255.255.192.0,8359
15209,64.9.38.0,255.255.255.0,703
32477,64.9.192.0,255.255.240.0,8966
11115,64.9.194.0,255.255.255.0,8966
9328,64.15.32.0,255.255.240.0,35280
43515,64.15.112.0,255.255.240.0,8966
6653,64.17.16.0,255.255.240.0,8966
5738,64.17.96.0,255.255.224.0,6939
19406,64.17.224.0,255.255.248.0,15412
19453,64.17.230.0,255.255.255.0,15412
29930,64.17.248.0,255.255.248.0,15412
2830,64.18.16.0,255.255.240.0,35280
19616,64.18.32.0,255.255.240.0,6939
23498,64.18.69.0,255.255.255.0,8966
19830,64.18.96.0,255.255.224.0,15412
19515,64.18.160.0,255.255.224.0,6939
40523,64.18.240.0,255.255.240.0,4637
16863,64.20.16.0,255.255.240.0,15412
27506,64.20.160.0,255.255.224.0,15412
19653,64.20.192.0,255.255.240.0,6939
394177,64.20.216.0,255.255.252.0,6939
8001,64.21.0.0,255.255.128.0,6939
14090,64.21.224.0,255.255.252.0,8359
12042,64.21.232.0,255.255.248.0,8359
22302,64.22.32.0,255.255.224.0,6939
21737,64.22.224.0,255.255.224.0,8966
33549,64.25.108.0,255.255.254.0,8966
31785,64.25.112.0,255.255.240.0,703
21947,64.25.128.0,255.255.240.0,8966
26271,64.25.192.0,255.255.240.0,6939
16384,64.25.221.0,255.255.255.0,6939
6189,64.26.64.0,255.255.192.0,15412
29988,64.26.128.0,255.255.252.0,8966
25843,64.27.39.0,255.255.255.0,4637
16399,64.27.128.0,255.255.224.0,15412
12067,64.27.224.0,255.255.240.0,8966
53907,64.27.248.0,255.255.254.0,6939
393227,64.28.44.0,255.255.252.0,6939
33470,64.28.232.0,255.255.252.0,6939
36378,64.29.24.0,255.255.248.0,703
11563,64.29.64.0,255.255.224.0,8966
15149,64.29.188.0,255.255.252.0,9304
14051,64.30.96.0,255.255.224.0,15412
11123,64.30.192.0,255.255.224.0,6939
16617,64.31.64.0,255.255.224.0,8966
6400,64.32.64.0,255.255.192.0,15412
24255,64.33.0.0,255.255.192.0,4637
34694,64.34.16.0,255.255.252.0,6939
20340,64.34.45.0,255.255.255.0,35280
36086,64.34.60.0,255.255.255.0,4637
35947,64.34.242.0,255.255.255.0,4637
11618,64.37.36.0,255.255.255.0,6939
18568,64.38.118.0,255.255.254.0,6939
2152,64.39.112.0,255.255.240.0,4637
16700,64.39.128.0,255.255.224.0,6939
53703,64.39.192.0,255.255.224.0,8966
6428,64.39.239.0,255.255.255.0,8966
22702,64.40.32.0,255.255.255.0,6939
22561,64.40.72.0,255.255.254.0,15412
14280,64.40.96.0,255.255.224.0,15412
15035,64.40.160.0,255.255.255.0,6939
32453,64.40.240.0,255.255.240.0,8966
557,64.45.64.0,255.255.192.0,8966
11696,64.45.160.0,255.255.255.0,8966
19855,64.47.0.0,255.255.0.0,4637
399772,64.49.29.0,255.255.255.0,6939
40160,64.52.5.0,255.255.255.0,4637
263444,64.52.14.0,255.255.255.0,8966
14615,64.53.22.0,255.255.255.0,15412
10279,64.53.36.0,255.255.255.0,15412
18671,64.53.59.0,255.255.255.0,6939
36843,64.56.80.0,255.255.254.0,8966
14131,64.56.96.0,255.255.224.0,15412
22457,64.56.132.0,255.255.254.0,8966
11537,64.57.16.0,255.255.240.0,8966
11164,64.57.20.0,255.255.254.0,15412
29831,64.57.48.0,255.255.240.0,8359
26727,64.57.160.0,255.255.255.0,6939
396106,64.57.192.0,255.255.254.0,6939
1403,64.58.32.0,255.255.240.0,15412
27589,64.59.64.0,255.255.192.0,8966
14440,64.61.197.0,255.255.255.0,8359
55262,64.62.137.0,255.255.255.0,6939
57,64.62.149.0,255.255.255.0,8359
53813,64.62.169.0,255.255.255.0,4637
15188,64.62.175.0,255.255.255.0,6939
13414,64.63.0.0,255.255.192.0,6939
63065,64.65.56.0,255.255.252.0,6939
18875,64.66.16.0,255.255.240.0,15412
29968,64.66.112.0,255.255.240.0,15412
53913,64.66.192.0,255.255.224.0,6939
394911,64.66.244.0,255.255.252.0,8966
27539,64.68.0.0,255.255.252.0,8359
30167,64.68.210.0,255.255.255.0,6939
399589,64.69.219.0,255.255.255.0,4637
25751,64.70.54.0,255.255.255.0,6939
32400,64.70.192.0,255.255.224.0,15412
33544,64.71.0.0,255.255.224.0,6939
1970,64.71.80.0,255.255.240.0,6939
63186,64.71.172.0,255.255.255.0,6939
11745,64.72.0.0,255.255.224.0,8966
27501,64.72.96.0,255.255.240.0,6939
396905,64.72.160.0,255.255.240.0,6939
3599,64.73.0.0,255.255.128.0,4637
55003,64.74.54.0,255.255.255.0,8966
23463,64.74.56.0,255.255.255.0,6939
29949,64.74.69.0,255.255.255.0,4637
19024,64.74.96.0,255.255.240.0,4637
12178,64.74.144.0,255.255.240.0,4637
36149,64.75.128.0,255.255.128.0,6939
28085,64.76.87.224,255.255.255.224,6939
262257,64.76.196.0,255.255.255.0,4637
27258,64.77.222.0,255.255.254.0,6939
16406,64.78.0.0,255.255.192.0,4637
19689,64.78.240.0,255.255.240.0,6939
393713,64.79.48.0,255.255.240.0,4637
53264,64.79.96.0,255.255.248.0,6939
26666,64.81.183.0,255.255.255.0,4637
40702,64.83.240.0,255.255.240.0,15412
19893,64.84.5.0,255.255.255.0,15412
25878,64.84.40.0,255.255.254.0,4637
10594,64.85.8.0,255.255.248.0,8966
11233,64.85.28.0,255.255.252.0,8966
21723,64.85.32.0,255.255.224.0,4637
19435,64.85.176.0,255.255.255.0,6939
18563,64.86.140.0,255.255.254.0,8966
11961,64.89.208.0,255.255.240.0,6939
29979,64.89.240.0,255.255.240.0,6939
26347,64.90.32.0,255.255.224.0,6939
393474,64.90.128.0,255.255.255.0,8966
21782,64.90.144.0,255.255.240.0,6939
27216,64.90.208.0,255.255.255.0,8966
6300,64.92.0.0,255.255.224.0,15412
33059,64.92.66.0,255.255.254.0,8966
21777,64.92.96.0,255.255.224.0,6939
11059,64.93.16.0,255.255.255.0,6939
393446,64.93.21.0,255.255.255.0,9304
11855,64.94.88.0,255.255.252.0,4637
53589,64.95.196.0,255.255.254.0,15412
32133,64.96.64.0,255.255.240.0,8966
22070,64.99.224.0,255.255.240.0,8966
6325,64.107.0.0,255.255.0.0,8966
60725,64.110.51.0,255.255.255.0,8966
803,64.110.192.0,255.255.192.0,8966
21686,64.111.176.0,255.255.240.0,6939
399203,64.112.108.0,255.255.252.0,6939
1226,64.112.128.0,255.255.224.0,703
19605,64.112.190.0,255.255.255.0,15412
5078,64.112.240.0,255.255.240.0,8966
4213,64.113.24.0,255.255.254.0,6939
15154,64.113.32.0,255.255.240.0,8966
53292,64.113.48.0,255.255.255.0,8966
2698,64.113.64.0,255.255.224.0,8966
46491,64.113.176.0,255.255.248.0,6939
30635,64.113.240.0,255.255.240.0,15412
14551,64.116.0.0,255.254.0.0,703
33392,64.117.46.0,255.255.255.0,703
25637,64.118.0.0,255.255.240.0,6939
33284,64.118.48.0,255.255.255.0,6939
18948,64.118.208.0,255.255.240.0,24482
23465,64.122.37.0,255.255.255.0,6939
30419,64.125.96.0,255.255.255.0,15412
33481,64.125.160.0,255.255.248.0,15412
23138,64.126.128.0,255.255.192.0,8966
36813,64.127.80.0,255.255.240.0,8966
399331,64.127.132.0,255.255.252.0,8966
23481,64.127.200.0,255.255.252.0,15412
134469,64.127.224.0,255.255.224.0,4637
19233,64.128.14.0,255.255.255.0,6939
40244,64.128.116.0,255.255.254.0,8966
23136,64.130.208.0,255.255.240.0,4637
15250,64.131.16.0,255.255.240.0,6939
33745,64.132.136.0,255.255.254.0,4637
33395,64.132.199.0,255.255.255.0,703
13645,64.135.0.0,255.255.128.0,15412
8855,64.135.208.0,255.255.255.0,15412
6536,64.135.224.0,255.255.224.0,6939
22079,64.136.108.0,255.255.252.0,8966
22775,64.138.143.0,255.255.255.0,9304
21565,64.138.192.0,255.255.255.0,15412
32415,64.139.128.0,255.255.255.0,6939
11915,64.140.24.0,255.255.248.0,15412
55943,64.140.144.0,255.255.240.0,6939
53359,64.141.5.0,255.255.255.0,6939
26554,64.141.128.0,255.255.192.0,6939
46253,64.145.73.0,255.255.255.0,15412
27373,64.146.172.0,255.255.255.0,8966
32020,64.147.80.0,255.255.240.0,15412
27446,64.147.208.0,255.255.240.0,15412
23404,64.178.176.0,255.255.255.0,8966
40020,64.178.224.0,255.255.254.0,6939
30119,64.178.242.0,255.255.255.0,6939
55230,64.184.120.0,255.255.248.0,6939
40284,64.184.232.0,255.255.254.0,8966
23265,64.185.96.0,255.255.224.0,8966
30524,64.185.240.0,255.255.248.0,6939
53766,64.186.24.0,255.255.254.0,4637
54483,64.186.160.0,255.255.254.0,6939
14317,64.186.192.0,255.255.240.0,8966
198095,64.187.108.0,255.255.255.0,6939
36817,64.187.210.0,255.255.254.0,8966
2381,64.189.15.0,255.255.255.0,8966
1767,64.189.120.0,255.255.252.0,8966
395597,64.189.140.0,255.255.255.0,15412
64238,64.191.0.0,255.255.254.0,6939
20298,64.191.4.0,255.255.252.0,8359
54661,64.191.12.0,255.255.255.0,6939
394749,64.191.192.0,255.255.255.0,4637
14609,64.191.195.0,255.255.255.0,4637
12085,64.191.210.0,255.255.255.0,4637
54588,64.191.211.0,255.255.255.0,4637
14244,64.191.212.0,255.255.255.0,6939
29884,64.191.214.0,255.255.255.0,4637
19930,64.191.215.0,255.255.255.0,4637
33606,64.193.224.0,255.255.255.0,6939
21541,64.194.64.0,255.255.248.0,15412
25660,64.198.221.0,255.255.255.0,6939
393238,64.199.254.0,255.255.254.0,6939
22747,64.200.32.0,255.255.248.0,15412
30041,64.201.96.0,255.255.255.0,6939
20161,64.201.160.0,255.255.224.0,6939
25817,64.203.96.0,255.255.240.0,6939
26329,64.207.192.0,255.255.255.0,8966
45178,64.207.208.0,255.255.255.0,8966
62856,64.207.216.0,255.255.252.0,8966
22581,64.208.21.0,255.255.255.0,703
6404,64.209.89.0,255.255.255.0,9304
393275,64.211.219.128,255.255.255.128,703
18809,64.213.56.0,255.255.248.0,4637
3512,64.214.127.128,255.255.255.224,6939
13672,64.222.133.0,255.255.255.0,15412
26277,64.235.33.0,255.255.255.0,4637
25769,64.235.64.0,255.255.224.0,8359
15024,64.235.96.0,255.255.240.0,6939
7314,64.237.100.0,255.255.255.0,15412
10674,64.238.160.0,255.255.224.0,6939
140766,64.239.24.0,255.255.252.0,41095
31662,64.239.60.0,255.255.255.0,6939
11062,64.239.63.0,255.255.255.0,6939
14453,64.239.124.0,255.255.254.0,8966
32592,64.239.202.0,255.255.255.0,6939
43139,64.240.77.0,255.255.255.0,4637
25694,64.244.48.0,255.255.240.0,4637
55043,64.244.193.0,255.255.255.0,8966
53939,64.246.160.0,255.255.224.0,8966
18725,64.250.17.0,255.255.255.0,35280
33130,64.250.80.0,255.255.240.0,8966
23367,64.250.112.0,255.255.240.0,6939
11650,64.250.192.0,255.255.224.0,6939
46996,64.251.32.0,255.255.248.0,703
11584,64.251.40.0,255.255.248.0,703
4364,64.253.96.0,255.255.224.0,703
19171,64.253.128.0,255.255.224.0,8966
18486,64.254.103.0,255.255.255.0,15412
19806,64.254.119.0,255.255.255.0,35280
395662,64.255.160.0,255.255.224.0,8966
14371,65.18.204.0,255.255.252.0,8359
8057,65.19.224.0,255.255.224.0,6939
12041,65.22.0.0,255.255.255.0,35280
13657,65.22.14.0,255.255.255.0,6939
20021,65.36.128.0,255.255.128.0,6939
54527,65.38.40.0,255.255.255.0,8966
52423,65.38.100.0,255.255.255.0,4637
50075,65.38.180.0,255.255.255.0,15412
27005,65.39.96.0,255.255.224.0,15412
30432,65.48.64.0,255.255.240.0,6939
46650,65.48.134.0,255.255.254.0,6939
11139,65.48.144.0,255.255.255.0,6939
60154,65.49.26.0,255.255.255.0,6939
14397,65.49.128.0,255.255.254.0,15412
25914,65.49.152.0,255.255.248.0,6939
22379,65.49.240.0,255.255.252.0,4637
6596,65.50.199.0,255.255.255.0,6939
30367,65.51.10.0,255.255.255.0,15412
35880,65.51.66.0,255.255.255.0,703
1632,65.51.95.0,255.255.255.0,6939
46673,65.51.134.0,255.255.255.0,703
22405,65.51.156.0,255.255.255.0,703
12216,65.51.168.0,255.255.255.0,703
46835,65.51.200.0,255.255.255.0,703
14699,65.51.201.0,255.255.255.0,703
46904,65.51.203.0,255.255.255.0,15412
19862,65.51.242.0,255.255.255.0,703
40137,65.51.249.0,255.255.255.0,703
22345,65.51.251.0,255.255.255.0,6939
40443,65.59.112.0,255.255.255.0,703
21730,65.61.64.0,255.255.224.0,6939
17018,65.74.128.0,255.255.192.0,15412
11067,65.79.192.0,255.255.224.0,6939
7784,65.79.224.0,255.255.240.0,6939
40080,65.87.10.0,255.255.255.0,15412
6621,65.88.96.0,255.255.240.0,8966
25653,65.98.0.0,255.255.128.0,6939
4307,65.111.224.0,255.255.248.0,4637
1742,65.112.0.0,255.255.240.0,8966
46849,65.116.14.0,255.255.254.0,6939
15238,65.117.201.0,255.255.255.0,6939
2707,65.127.100.0,255.255.254.0,6939
6223,65.144.124.0,255.255.255.0,15412
11708,65.164.172.0,255.255.252.0,8966
209341,65.181.113.0,255.255.255.0,15412
262197,65.182.12.0,255.255.255.0,703
20238,65.182.112.0,255.255.240.0,6939
29709,65.182.119.0,255.255.255.0,6939
30689,65.183.0.0,255.255.240.0,6939
15267,65.183.224.0,255.255.224.0,6939
33699,65.196.7.0,255.255.255.0,703
40321,65.198.73.0,255.255.255.0,703
4451,65.198.87.0,255.255.255.0,703
27781,65.198.230.0,255.255.255.0,6939
32982,65.199.24.0,255.255.255.0,4637
39960,65.204.48.0,255.255.255.0,8966
46578,65.206.0.0,255.255.255.0,703
32551,65.206.83.0,255.255.255.0,703
1294,65.207.122.0,255.255.255.0,9304
11081,65.208.122.0,255.255.254.0,6939
23097,65.209.112.0,255.255.255.0,8966
26355,65.212.129.0,255.255.255.0,6939
40901,65.215.116.0,255.255.255.0,703
30280,65.242.130.0,255.255.255.0,703
46104,65.246.192.0,255.255.255.0,703
3783,65.254.20.0,255.255.255.0,8966
2552,65.254.96.0,255.255.224.0,8966
22299,65.254.160.0,255.255.255.0,6939
54579,65.255.130.0,255.255.255.0,6939
22663,66.6.200.0,255.255.248.0,4637
3657,66.7.96.0,255.255.255.0,8966
33480,66.7.148.0,255.255.255.0,41095
23260,66.9.32.0,255.255.248.0,8966
6368,66.11.96.0,255.255.240.0,6939
11817,66.11.128.0,255.255.255.0,6939
23227,66.11.133.0,255.255.255.0,6939
32160,66.11.232.0,255.255.248.0,6939
26860,66.17.96.0,255.255.224.0,8359
22572,66.18.64.0,255.255.240.0,4637
11711,66.18.160.0,255.255.240.0,6939
32808,66.29.160.0,255.255.224.0,6939
400940,66.33.22.0,255.255.254.0,4637
36593,66.33.99.0,255.255.255.0,6939
35847,66.33.104.0,255.255.248.0,6939
7270,66.33.128.0,255.255.224.0,4637
2734,66.35.64.0,255.255.254.0,6939
262415,66.35.66.0,255.255.255.0,8966
46328,66.36.96.0,255.255.252.0,8359
33635,66.36.112.0,255.255.240.0,8966
14361,66.36.226.0,255.255.254.0,6939
62641,66.37.44.0,255.255.255.0,15412
13333,66.37.48.0,255.255.240.0,6939
27008,66.39.160.0,255.255.224.0,6939
30059,66.42.206.0,255.255.255.0,703
5056,66.43.192.0,255.255.192.0,8966
53347,66.43.202.0,255.255.255.0,8359
14477,66.44.225.0,255.255.255.0,6939
15290,66.46.20.0,255.255.255.0,15412
1248,66.54.64.0,255.255.224.0,4637
13771,66.54.120.0,255.255.252.0,15412
46401,66.54.132.0,255.255.255.0,4637
5760,66.55.192.0,255.255.224.0,6939
398044,66.59.200.0,255.255.255.0,6939
11766,66.60.64.0,255.255.240.0,15412
22442,66.60.224.0,255.255.254.0,6939
19092,66.62.0.0,255.255.0.0,15412
10947,66.62.70.0,255.255.254.0,6939
21632,66.62.89.0,255.255.255.0,6939
11215,66.64.0.0,255.255.192.0,15412
45187,66.70.1.0,255.255.255.0,4637
3999,66.71.0.0,255.255.128.0,8966
22093,66.73.24.0,255.255.254.0,8966
53791,66.78.96.0,255.255.224.0,6939
11666,66.79.224.0,255.255.248.0,6939
6267,66.80.99.0,255.255.255.0,15412
44965,66.81.220.0,255.255.255.0,15412
40627,66.81.240.0,255.255.240.0,4637
14586,66.85.14.0,255.255.255.0,15412
32751,66.85.15.0,255.255.255.0,6939
62537,66.85.48.0,255.255.252.0,6939
18683,66.85.63.0,255.255.255.0,6939
40501,66.85.88.0,255.255.255.0,8966
63318,66.85.252.0,255.255.254.0,6939
14288,66.90.0.0,255.255.252.0,6939
11749,66.90.17.0,255.255.255.0,6939
272524,66.92.4.0,255.255.254.0,4637
32923,66.94.48.0,255.255.255.0,15412
13337,66.96.0.0,255.255.240.0,8966
30528,66.96.16.0,255.255.240.0,8966
46208,66.96.96.0,255.255.240.0,8966
132132,66.96.222.0,255.255.255.0,24482
133798,66.96.240.0,255.255.240.0,8966
26677,66.97.16.0,255.255.240.0,6939
33125,66.97.96.0,255.255.240.0,8359
26794,66.97.224.0,255.255.224.0,8359
19149,66.98.104.0,255.255.248.0,15412
397803,66.102.48.0,255.255.240.0,6939
36678,66.102.241.0,255.255.255.0,9304
16557,66.103.128.0,255.255.224.0,703
13487,66.103.154.0,255.255.255.0,4637
15221,66.113.0.0,255.255.224.0,15412
23308,66.113.64.0,255.255.224.0,703
30170,66.113.96.0,255.255.240.0,8966
26894,66.114.0.0,255.255.224.0,6939
5742,66.116.0.0,255.255.192.0,6939
19920,66.117.53.0,255.255.255.0,4637
10692,66.117.160.0,255.255.224.0,15412
955,66.118.228.0,255.255.252.0,9304
30455,66.118.246.0,255.255.255.0,6939
22364,66.119.64.0,255.255.252.0,15412
263783,66.119.93.0,255.255.255.0,8966
30336,66.119.128.0,255.255.240.0,15412
7819,66.128.48.0,255.255.240.0,6939
54665,66.128.128.0,255.255.240.0,6939
23550,66.129.160.0,255.255.255.0,6939
18897,66.135.64.0,255.255.248.0,8966
29900,66.146.240.0,255.255.240.0,6939
23535,66.147.224.0,255.255.240.0,6939
22771,66.150.78.0,255.255.255.0,4637
32522,66.154.128.0,255.255.128.0,8966
16532,66.158.128.0,255.255.224.0,15412
12028,66.159.48.0,255.255.240.0,15412
55053,66.159.108.0,255.255.252.0,6939
401199,66.163.223.0,255.255.255.0,15412
6597,66.163.224.0,255.255.224.0,6939
3853,66.165.0.0,255.255.224.0,4637
6295,66.165.32.0,255.255.252.0,15412
4150,66.170.0.0,255.255.224.0,6939
13819,66.170.32.0,255.255.224.0,15412
33666,66.170.177.0,255.255.255.0,6939
35,66.170.224.0,255.255.248.0,703
17310,66.171.80.0,255.255.240.0,6939
9505,66.171.112.0,255.255.248.0,15412
16582,66.171.144.0,255.255.248.0,6939
7296,66.171.240.0,255.255.255.0,6939
26785,66.175.192.0,255.255.240.0,6939
36012,66.178.160.0,255.255.240.0,6939
16880,66.180.80.0,255.255.240.0,4637
14325,66.181.224.0,255.255.240.0,4637
6082,66.182.128.0,255.255.252.0,6939
1288,66.185.119.0,255.255.255.0,4637
2559,66.185.176.0,255.255.240.0,4637
22639,66.186.204.0,255.255.255.0,35280
30071,66.186.206.0,255.255.255.0,15412
11402,66.187.160.0,255.255.240.0,703
46860,66.187.160.0,255.255.248.0,15412
19881,66.192.13.0,255.255.255.0,703
32268,66.192.14.0,255.255.255.0,703
18898,66.193.40.0,255.255.255.128,4637
54201,66.193.99.64,255.255.255.224,35280
46381,66.193.237.0,255.255.255.0,8966
29921,66.195.39.0,255.255.255.0,6939
396040,66.196.32.0,255.255.240.0,8966
13765,66.196.48.0,255.255.240.0,8359
4136,66.197.115.0,255.255.255.0,6939
394968,66.197.117.0,255.255.255.0,4637
11767,66.197.119.0,255.255.255.0,6939
22320,66.203.16.0,255.255.240.0,6939
12247,66.203.32.0,255.255.224.0,6939
205809,66.203.126.0,255.255.254.0,6939
13614,66.205.192.0,255.255.240.0,15412
30255,66.205.235.0,255.255.255.0,15412
62935,66.205.244.0,255.255.254.0,15412
394280,66.205.248.0,255.255.254.0,6939
33734,66.207.0.0,255.255.224.0,8966
399946,66.207.62.0,255.255.255.0,8966
19261,66.207.128.0,255.255.240.0,6939
14408,66.207.144.0,255.255.255.0,6939
63306,66.207.190.0,255.255.255.0,6939
22925,66.208.0.0,255.255.192.0,6939
16857,66.208.96.0,255.255.255.0,6939
5006,66.208.189.0,255.255.255.0,4637
7106,66.209.128.0,255.255.240.0,6939
394708,66.209.134.0,255.255.254.0,6939
3714,66.209.160.0,255.255.240.0,15412
30264,66.211.16.0,255.255.240.0,15412
10367,66.211.128.0,255.255.240.0,6939
62913,66.212.60.0,255.255.254.0,703
21525,66.212.64.0,255.255.240.0,6939
4208,66.213.160.0,255.255.240.0,6939
33003,66.213.176.0,255.255.240.0,6939
62605,66.219.167.0,255.255.255.0,6939
17356,66.220.224.0,255.255.224.0,6939
54549,66.223.104.0,255.255.254.0,15412
14116,66.226.80.0,255.255.248.0,4637
12033,66.226.96.0,255.255.224.0,6939
23031,66.231.64.0,255.255.252.0,4637
36374,66.234.112.0,255.255.240.0,8359
62246,66.235.104.0,255.255.255.0,4637
215470,66.235.110.0,255.255.255.0,8966
26978,66.235.224.0,255.255.224.0,6939
10439,66.240.192.0,255.255.192.0,15412
25649,66.242.160.0,255.255.240.0,15412
18596,66.242.192.0,255.255.224.0,6939
32524,66.244.128.0,255.255.240.0,15412
63290,66.245.176.0,255.255.252.0,6939
33218,66.245.184.0,255.255.248.0,6939
968,66.248.234.0,255.255.255.0,8966
27228,66.248.254.0,255.255.255.0,6939
33582,66.249.156.0,255.255.255.0,15412
198335,66.250.23.0,255.255.255.0,6939
394611,66.251.240.0,255.255.240.0,6939
20080,67.17.206.0,255.255.255.0,8966
32806,67.21.16.0,255.255.240.0,6939
11084,67.21.96.0,255.255.240.0,6939
35998,67.21.152.0,255.255.252.0,8966
11019,67.22.53.0,255.255.255.0,4637
40473,67.22.80.0,255.255.240.0,8966
36731,67.22.120.0,255.255.248.0,15412
40015,67.23.96.0,255.255.224.0,9304
20009,67.23.144.0,255.255.240.0,15412
36687,67.23.192.0,255.255.240.0,6939
33359,67.43.80.0,255.255.255.0,8966
27630,67.43.160.0,255.255.240.0,6939
394883,67.43.208.0,255.255.240.0,8966
19717,67.50.119.0,255.255.255.0,703
32397,67.51.253.0,255.255.255.0,4637
20273,67.55.134.0,255.255.255.0,8359
399559,67.55.135.0,255.255.255.0,8966
54374,67.55.151.0,255.255.255.0,8966
46892,67.55.220.0,255.255.255.0,8966
46506,67.58.77.0,255.255.255.0,6939
54523,67.59.86.0,255.255.254.0,8966
22667,67.59.192.0,255.255.240.0,6939
200184,67.63.57.0,255.255.255.0,6939
394453,67.72.50.0,255.255.255.0,4637
1410,67.132.2.0,255.255.255.0,6939
13596,67.135.246.0,255.255.255.0,703
46175,67.158.240.0,255.255.240.0,15412
17222,67.159.224.0,255.255.224.0,4637
46293,67.199.192.0,255.255.240.0,6939
19554,67.202.160.0,255.255.240.0,8966
7752,67.206.178.0,255.255.255.0,8966
14939,67.206.179.0,255.255.255.0,4637
393891,67.206.186.0,255.255.255.0,8966
11481,67.207.0.0,255.255.224.0,6939
33749,67.209.0.0,255.255.224.0,15412
23158,67.209.56.0,255.255.248.0,15412
401703,67.210.96.0,255.255.255.0,8966
40028,67.213.64.0,255.255.224.0,6939
10278,67.213.147.0,255.255.255.0,6939
20081,67.213.160.0,255.255.255.0,6939
398233,67.214.119.0,255.255.255.0,8966
4459,67.214.150.0,255.255.254.0,8966
36692,67.215.64.0,255.255.255.0,4637
18895,67.215.96.0,255.255.248.0,6939
395471,67.215.101.0,255.255.255.0,6939
26878,67.216.20.0,255.255.252.0,15412
46786,67.216.90.0,255.255.255.0,6939
29944,67.217.160.0,255.255.224.0,4637
30110,67.218.64.0,255.255.240.0,8359
15123,67.218.212.0,255.255.255.0,15412
54455,67.219.144.0,255.255.254.0,6939
36591,67.219.176.0,255.255.252.0,6939
399494,67.220.34.0,255.255.255.0,15412
33333,67.220.64.0,255.255.224.0,6939
40317,67.221.128.0,255.255.240.0,6939
8038,67.221.240.0,255.255.255.0,4637
15562,67.221.245.0,255.255.255.0,4637
30277,67.222.128.0,255.255.224.0,4637
54119,67.222.164.0,255.255.255.0,8966
62715,67.222.252.0,255.255.255.0,35280
30176,67.223.96.0,255.255.240.0,6939
15321,67.223.128.0,255.255.240.0,15412
21803,67.223.160.0,255.255.255.0,8966
394102,67.226.208.0,255.255.255.0,6939
12130,67.231.0.0,255.255.240.0,4637
13498,67.231.80.0,255.255.255.0,703
46454,68.64.72.0,255.255.254.0,6939
46749,68.65.160.0,255.255.240.0,4637
11013,68.68.16.0,255.255.240.0,703
21808,68.68.116.0,255.255.255.0,6939
149522,68.69.120.0,255.255.252.0,8966
29974,68.69.128.0,255.255.224.0,15412
30174,68.70.32.0,255.255.248.0,6939
20388,68.70.123.0,255.255.255.0,6939
8134,68.70.128.0,255.255.240.0,8966
14500,68.70.144.0,255.255.252.0,8966
53486,68.71.0.0,255.255.224.0,6939
13324,68.90.68.0,255.255.254.0,6939
22438,68.168.0.0,255.255.240.0,6939
53306,68.169.224.0,255.255.240.0,6939
47870,68.170.20.0,255.255.255.0,15412
26744,68.170.240.0,255.255.240.0,6939
13654,68.171.16.0,255.255.255.0,703
22878,68.171.208.0,255.255.240.0,8966
46093,68.208.127.0,255.255.255.0,8966
22987,68.209.128.0,255.255.128.0,6939
11990,68.233.41.0,255.255.255.0,15412
12154,68.233.128.0,255.255.248.0,703
16825,68.234.37.0,255.255.255.0,15412
32625,68.251.204.0,255.255.255.0,703
25961,69.1.111.0,255.255.255.0,8966
64228,69.1.148.0,255.255.255.0,6939
20355,69.2.32.0,255.255.224.0,6939
21981,69.2.160.0,255.255.240.0,6939
46742,69.5.75.0,255.255.255.0,6939
18516,69.5.96.0,255.255.240.0,6939
53423,69.5.192.0,255.255.224.0,6939
30663,69.5.224.0,255.255.240.0,6939
131926,69.6.64.0,255.255.240.0,15412
26792,69.7.32.0,255.255.224.0,8966
18618,69.7.82.0,255.255.255.0,6939
21766,69.8.160.0,255.255.240.0,15412
20394,69.10.192.0,255.255.240.0,8966
30028,69.12.32.0,255.255.252.0,8966
63179,69.12.56.0,255.255.248.0,15412
1968,69.16.0.0,255.255.128.0,8966
1929,69.16.44.0,255.255.254.0,8966
11269,69.17.192.0,255.255.224.0,6939
40475,69.22.175.0,255.255.255.0,6939
26410,69.24.32.0,255.255.240.0,6939
31841,69.24.224.0,255.255.240.0,6939
28110,69.25.4.0,255.255.255.0,4637
46108,69.26.36.0,255.255.255.0,8966
35953,69.26.49.0,255.255.255.0,15412
27478,69.27.247.0,255.255.255.0,703
7268,69.28.0.0,255.255.224.0,8359
6423,69.30.0.0,255.255.192.0,8966
208259,69.33.182.0,255.255.254.0,6939
393950,69.36.0.0,255.255.240.0,6939
33353,69.36.129.0,255.255.255.0,8966
30263,69.36.192.0,255.255.240.0,8966
19197,69.41.35.0,255.255.255.0,9304
29953,69.41.192.0,255.255.240.0,6939
21992,69.42.176.0,255.255.240.0,6939
32432,69.43.64.0,255.255.255.0,6939
30362,69.43.224.0,255.255.240.0,4637
16260,69.43.240.0,255.255.254.0,4637
26209,69.44.136.0,255.255.254.0,6939
32323,69.46.115.0,255.255.255.0,4637
26328,69.49.192.0,255.255.255.0,6939
32391,69.49.208.0,255.255.240.0,6939
14007,69.50.160.0,255.255.224.0,8966
21709,69.54.32.0,255.255.240.0,6939
10302,69.55.160.0,255.255.240.0,6939
30072,69.55.192.0,255.255.240.0,6939
11038,69.57.164.0,255.255.252.0,8966
199404,69.57.172.0,255.255.255.0,4637
54434,69.57.176.0,255.255.248.0,703
401307,69.58.54.0,255.255.254.0,8966
3601,69.59.0.0,255.255.255.0,8966
13868,69.59.192.0,255.255.224.0,15412
4261,69.64.0.0,255.255.240.0,15412
40948,69.64.115.0,255.255.255.0,4637
13745,69.67.67.0,255.255.255.0,4637
32363,69.71.0.0,255.255.255.0,8966
25625,69.71.128.0,255.255.248.0,4637
46446,69.71.192.0,255.255.240.0,6939
27552,69.72.24.0,255.255.252.0,6939
63343,69.72.56.0,255.255.252.0,6939
40165,69.72.78.0,255.255.255.0,6939
51713,69.72.248.0,255.255.255.0,35280
26454,69.74.24.0,255.255.255.0,6939
39981,69.74.25.0,255.255.255.0,15412
16590,69.74.90.0,255.255.255.0,15412
19961,69.74.91.0,255.255.255.0,15412
40002,69.74.144.0,255.255.255.0,703
18458,69.74.186.0,255.255.255.0,15412
40163,69.74.216.0,255.255.255.0,15412
17278,69.74.221.0,255.255.255.0,703
30416,69.74.254.0,255.255.255.0,703
2495,69.77.0.0,255.255.128.0,8966
264821,69.79.26.0,255.255.255.0,6939
20257,69.80.80.0,255.255.240.0,15412
36715,69.80.144.0,255.255.240.0,15412
14543,69.84.16.0,255.255.240.0,15412
30286,69.84.176.0,255.255.255.0,6939
18647,69.84.240.0,255.255.240.0,6939
12100,69.85.91.0,255.255.255.0,6939
21898,69.87.224.0,255.255.255.0,6939
26873,69.89.160.0,255.255.240.0,6939
33362,69.89.192.0,255.255.240.0,8966
22964,69.90.49.0,255.255.255.0,4637
11114,69.94.48.0,255.255.248.0,6939
41697,69.94.125.0,255.255.255.0,41095
25956,69.94.224.0,255.255.224.0,15412
30257,69.160.164.0,255.255.252.0,6939
35871,69.161.32.0,255.255.255.0,8966
22359,69.161.210.0,255.255.254.0,39120
25875,69.165.96.0,255.255.255.0,6939
3856,69.166.10.0,255.255.255.0,6939
11827,69.166.44.0,255.255.252.0,8966
394345,69.166.60.0,255.255.255.0,8966
214657,69.166.232.0,255.255.254.0,8966
13857,69.168.112.0,255.255.248.0,8966
63033,69.171.220.0,255.255.255.0,8966
26667,69.173.144.0,255.255.255.0,6939
22413,69.173.194.0,255.255.255.0,8966
54373,69.174.176.0,255.255.240.0,8966
3801,69.176.0.0,255.255.255.0,6939
36610,69.176.31.0,255.255.255.0,6939
10423,69.176.128.0,255.255.224.0,8966
9902,69.194.192.0,255.255.240.0,6939
400818,69.197.130.0,255.255.255.0,8966
32381,70.32.140.0,255.255.255.0,8966
6419,70.34.66.0,255.255.255.0,35280
53399,70.34.80.0,255.255.240.0,703
32034,70.35.146.0,255.255.255.0,8966
40620,70.42.154.0,255.255.255.0,4637
53616,70.42.212.0,255.255.255.0,9304
29844,70.97.45.0,255.255.255.0,4637
53595,70.227.118.0,255.255.255.0,4637
396986,71.18.1.0,255.255.255.0,8966
138699,71.18.247.0,255.255.255.0,35280
19133,71.19.224.0,255.255.252.0,4637
46416,71.146.224.0,255.255.254.0,6939
40845,72.1.48.0,255.255.240.0,8966
15108,72.8.64.0,255.255.192.0,8359
11714,72.15.160.0,255.255.240.0,8359
7151,72.20.96.0,255.255.224.0,15412
394151,72.21.17.0,255.255.255.0,6939
27455,72.21.174.0,255.255.255.0,4637
62648,72.22.192.0,255.255.248.0,15412
17380,72.22.224.0,255.255.224.0,15412
32045,72.26.113.0,255.255.255.0,15412
14589,72.29.160.0,255.255.224.0,6939
59,72.33.0.0,255.255.0.0,8359
40581,72.35.208.0,255.255.240.0,8966
40387,72.36.120.0,255.255.248.0,8966
16805,72.36.225.0,255.255.255.0,8966
266165,72.44.16.0,255.255.252.0,8966
266166,72.44.20.0,255.255.252.0,8966
62833,72.46.16.0,255.255.255.0,6939
17005,72.46.66.0,255.255.254.0,703
393444,72.46.112.0,255.255.240.0,6939
56286,72.57.145.0,255.255.255.0,7713
11240,72.162.200.0,255.255.254.0,6939
3479,72.162.240.0,255.255.254.0,6939
62915,72.172.76.0,255.255.252.0,8966
62712,72.235.132.0,255.255.252.0,6939
270439,72.244.130.0,255.255.255.0,8966
33501,72.250.176.0,255.255.240.0,8966
22568,72.250.224.0,255.255.255.0,15412
14754,72.252.96.0,255.255.252.0,15412
63052,74.3.186.0,255.255.255.0,6939
26395,74.51.244.0,255.255.255.0,35280
20284,74.85.142.0,255.255.255.0,4637
19704,74.85.159.0,255.255.255.0,6939
400475,74.91.114.0,255.255.255.0,15412
46195,74.112.40.0,255.255.248.0,6939
46276,74.112.90.0,255.255.255.0,4637
33725,74.112.208.0,255.255.248.0,6939
33069,74.112.240.0,255.255.252.0,15412
31893,74.113.56.0,255.255.248.0,15412
31769,74.113.160.0,255.255.248.0,6939
395571,74.113.208.0,255.255.255.0,6939
13823,74.113.240.0,255.255.252.0,8966
54107,74.114.10.0,255.255.255.0,35280
40867,74.114.72.0,255.255.248.0,15412
47002,74.114.88.0,255.255.252.0,6939
22335,74.114.96.0,255.255.255.0,8966
10764,74.114.98.0,255.255.254.0,8966
23225,74.114.120.0,255.255.254.0,8966
142007,74.114.168.0,255.255.252.0,4637
27232,74.114.208.0,255.255.255.0,8966
27647,74.115.49.0,255.255.255.0,4637
32413,74.115.88.0,255.255.248.0,6939
17185,74.115.168.0,255.255.248.0,15412
16912,74.115.228.0,255.255.252.0,6939
31845,74.116.26.0,255.255.254.0,6939
27400,74.116.160.0,255.255.248.0,4637
42909,74.116.176.0,255.255.255.0,55720
32270,74.117.24.0,255.255.248.0,6939
21529,74.118.48.0,255.255.255.0,8966
46193,74.118.88.0,255.255.252.0,8966
63157,74.118.98.0,255.255.254.0,6939
11170,74.118.152.0,255.255.248.0,6939
46309,74.118.180.0,255.255.252.0,15412
19750,74.119.117.0,255.255.255.0,6939
62759,74.119.124.0,255.255.252.0,15412
39975,74.119.148.0,255.255.255.0,4637
10661,74.119.224.0,255.255.255.0,15412
13722,74.120.12.0,255.255.255.0,8966
18675,74.120.20.0,255.255.255.0,15412
12102,74.120.152.0,255.255.252.0,8966
22300,74.120.184.0,255.255.255.0,6939
53708,74.121.30.0,255.255.254.0,4637
376,74.121.120.0,255.255.252.0,6939
23033,74.121.184.0,255.255.255.0,8966
398453,74.122.144.0,255.255.252.0,4637
62844,74.122.148.0,255.255.255.0,6939
15211,74.122.184.0,255.255.248.0,6939
36698,74.122.208.0,255.255.248.0,6939
30676,74.123.16.0,255.255.248.0,15412
55064,74.123.29.0,255.255.255.0,4637
16938,74.123.146.0,255.255.255.0,15412
18865,74.123.224.0,255.255.255.0,8966
14401,74.123.244.0,255.255.252.0,6939
15313,74.124.144.0,255.255.240.0,6939
22191,74.127.107.0,255.255.255.0,703
17303,74.188.240.0,255.255.252.0,8966
16905,74.200.150.0,255.255.255.0,8966
14085,74.200.183.0,255.255.255.0,8966
13359,74.200.189.0,255.255.255.0,6939
26122,74.203.239.0,255.255.255.0,8966
14209,74.205.132.0,255.255.255.0,6939
401909,74.207.192.0,255.255.254.0,15412
22062,74.207.216.0,255.255.255.0,8966
11739,74.209.162.0,255.255.255.0,8966
3361,74.209.168.0,255.255.255.0,8966
22739,74.214.64.0,255.255.224.0,6939
18794,74.214.96.0,255.255.224.0,703
19189,74.214.194.0,255.255.255.0,15412
393423,74.221.231.0,255.255.255.0,15412
63383,75.102.131.0,255.255.255.0,6939
53991,75.127.100.0,255.255.255.0,49544
7349,75.141.75.0,255.255.255.0,8966
23132,75.141.86.0,255.255.255.0,8966
11195,76.9.240.0,255.255.240.0,6939
23222,76.58.18.0,255.255.254.0,8966
22513,76.58.28.0,255.255.254.0,8966
20231,76.58.46.0,255.255.254.0,8966
30526,76.72.240.0,255.255.240.0,6939
53525,76.74.210.0,255.255.255.0,4637
46455,76.77.16.0,255.255.255.0,6939
32440,76.165.7.0,255.255.255.0,8966
54529,76.165.201.0,255.255.255.0,8966
2048,76.165.205.0,255.255.255.0,8966
12334,77.26.0.0,255.255.192.0,15412
48424,77.32.240.0,255.255.255.0,6939
12332,77.34.0.0,255.254.0.0,15412
983,77.37.77.0,255.255.255.0,6939
5394,77.39.160.0,255.255.224.0,8966
8615,77.41.0.0,255.255.128.0,15412
20919,77.41.188.0,255.255.254.0,8966
42020,77.42.248.0,255.255.255.0,703
35191,77.45.0.0,255.255.128.0,6939
41676,77.46.0.0,255.255.252.0,703
41931,77.46.4.0,255.255.252.0,6939
25500,77.47.128.0,255.255.248.0,4637
30900,77.47.213.0,255.255.255.0,6939
34602,77.50.0.0,255.255.0.0,41095
25515,77.51.0.0,255.255.0.0,15412
25233,77.64.0.0,255.255.128.0,8966
16202,77.64.128.0,255.255.128.0,6939
42402,77.65.136.0,255.255.252.0,6939
202050,77.65.142.0,255.255.254.0,6939
213174,77.65.160.0,255.255.248.0,6939
207033,77.65.171.0,255.255.255.0,4637
210220,77.65.176.0,255.255.252.0,6939
198408,77.65.189.0,255.255.255.0,6939
42503,77.65.204.0,255.255.255.0,15412
211516,77.65.220.0,255.255.254.0,6939
5416,77.69.128.0,255.255.192.0,8966
5377,77.70.128.0,255.255.128.0,7713
29687,77.71.0.0,255.255.240.0,8966
57619,77.71.112.0,255.255.255.0,8966
34606,77.72.32.0,255.255.248.0,6939
42310,77.72.72.0,255.255.254.0,35280
42325,77.72.106.0,255.255.255.0,4637
8674,77.72.224.0,255.255.248.0,8966
56628,77.73.16.0,255.255.252.0,6939
8641,77.73.24.0,255.255.248.0,8359
42515,77.73.56.0,255.255.248.0,6939
43317,77.73.64.0,255.255.248.0,8966
202046,77.73.108.0,255.255.255.0,15412
42579,77.73.144.0,255.255.248.0,15412
43284,77.73.240.0,255.255.248.0,6939
42840,77.73.248.0,255.255.248.0,15412
42753,77.74.24.0,255.255.248.0,8966
43545,77.74.104.0,255.255.248.0,15412
33811,77.74.232.0,255.255.248.0,6939
43037,77.75.72.0,255.255.254.0,6939
42903,77.75.80.0,255.255.248.0,15412
43019,77.75.88.0,255.255.255.0,15412
42919,77.75.128.0,255.255.248.0,8966
43247,77.75.152.0,255.255.248.0,8359
6204,77.75.192.0,255.255.255.0,15412
206577,77.75.226.0,255.255.255.0,15412
29582,77.76.3.0,255.255.255.0,15412
39251,77.76.16.0,255.255.240.0,703
31029,77.76.128.0,255.255.248.0,6939
20750,77.76.136.0,255.255.255.0,15412
49849,77.77.128.0,255.255.248.0,8966
34569,77.78.0.0,255.255.192.0,703
61071,77.78.25.0,255.255.255.0,8966
15685,77.78.76.0,255.255.255.0,6939
204383,77.78.77.0,255.255.255.0,6939
209369,77.78.90.0,255.255.255.0,6939
202081,77.79.249.0,255.255.255.0,703
760,77.80.0.0,255.255.128.0,6939
39861,77.81.4.0,255.255.255.0,6939
56430,77.81.64.0,255.255.255.0,4637
56654,77.81.68.0,255.255.252.0,703
34974,77.82.0.0,255.255.240.0,15412
209739,77.83.52.0,255.255.254.0,8966
39273,77.83.88.0,255.255.252.0,8966
200409,77.83.112.0,255.255.252.0,703
209731,77.83.128.0,255.255.252.0,6939
205718,77.83.144.0,255.255.252.0,6939
43341,77.83.176.0,255.255.252.0,6939
56835,77.83.188.0,255.255.254.0,4637
216341,77.83.207.0,255.255.255.0,8359
199837,77.83.216.0,255.255.252.0,8966
51765,77.83.247.0,255.255.255.0,6939
42763,77.87.0.0,255.255.248.0,703
44194,77.87.48.0,255.255.248.0,6939
51373,77.87.72.0,255.255.255.0,6939
203210,77.87.73.0,255.255.255.0,703
42154,77.87.76.0,255.255.255.0,6939
43182,77.87.96.0,255.255.255.0,8966
29107,77.87.144.0,255.255.252.0,8359
43338,77.87.176.0,255.255.252.0,8966
20792,77.87.189.0,255.255.255.0,35280
43404,77.87.200.0,255.255.248.0,8966
43420,77.87.216.0,255.255.248.0,6939
16246,77.87.232.0,255.255.248.0,6939
61297,77.88.192.0,255.255.248.0,15412
31445,77.88.224.0,255.255.255.0,4637
29534,77.88.237.0,255.255.255.0,4637
31423,77.89.64.0,255.255.192.0,6939
212049,77.90.9.0,255.255.255.0,4637
197477,77.90.10.0,255.255.255.0,8966
215828,77.90.25.0,255.255.255.0,8966
200461,77.90.44.0,255.255.255.0,8359
34120,77.90.64.0,255.255.248.0,6939
202725,77.90.99.0,255.255.255.0,8359
197225,77.90.103.0,255.255.255.0,6939
62425,77.90.131.0,255.255.255.0,8966
213529,77.90.183.0,255.255.255.0,8359
12695,77.90.189.0,255.255.255.0,8359
42861,77.91.92.0,255.255.252.0,8966
207168,77.91.98.0,255.255.254.0,41095
43012,77.91.216.0,255.255.248.0,15412
199420,77.91.224.0,255.255.248.0,8359
30975,77.92.32.0,255.255.224.0,6939
44620,77.92.151.0,255.255.255.0,7713
43022,77.93.32.0,255.255.224.0,8359
213845,77.93.88.0,255.255.255.0,4637
200428,77.93.92.0,255.255.252.0,6939
60772,77.94.64.0,255.255.252.0,6939
43061,77.94.128.0,255.255.224.0,703
199422,77.95.64.0,255.255.252.0,15412
43226,77.95.128.0,255.255.248.0,8359
39449,77.95.160.0,255.255.248.0,6939
43185,77.95.208.0,255.255.248.0,6939
25332,77.95.232.0,255.255.254.0,6939
43190,77.95.248.0,255.255.248.0,6939
205207,77.104.92.0,255.255.255.0,8966
216334,77.105.131.0,255.255.255.0,8359
210443,77.105.176.0,255.255.255.0,8359
42396,77.109.0.0,255.255.254.0,15412
9031,77.109.64.0,255.255.192.0,6939
201642,77.111.66.0,255.255.254.0,15412
996,77.111.119.0,255.255.255.0,8966
198736,77.111.236.0,255.255.255.0,15412
39356,77.111.252.0,255.255.252.0,4637
35680,77.120.96.0,255.255.252.0,6939
30896,77.220.0.0,255.255.240.0,8966
39811,77.220.62.0,255.255.255.0,8359
42632,77.220.160.0,255.255.254.0,8359
51898,77.220.204.0,255.255.255.0,41095
51162,77.220.206.0,255.255.255.0,41095
62310,77.220.248.0,255.255.248.0,6939
197889,77.221.32.0,255.255.252.0,6939
216246,77.221.151.0,255.255.255.0,8359
42676,77.221.192.0,255.255.240.0,8359
44112,77.222.32.0,255.255.255.0,8966
206557,77.222.160.0,255.255.224.0,15412
28919,77.223.0.0,255.255.252.0,6939
43391,77.223.128.0,255.255.240.0,4637
47110,77.223.216.0,255.255.248.0,6939
42478,77.233.0.0,255.255.224.0,8966
49113,77.234.56.0,255.255.248.0,35280
12778,77.234.128.0,255.255.224.0,6939
41750,77.235.0.0,255.255.224.0,41095
42539,77.235.80.0,255.255.248.0,6939
9113,77.236.32.0,255.255.224.0,15412
47493,77.237.128.0,255.255.224.0,6939
12387,77.237.192.0,255.255.224.0,8966
199599,77.238.96.0,255.255.248.0,8966
34550,77.238.128.0,255.255.252.0,41095
41371,77.240.32.0,255.255.255.0,41095
34066,77.240.48.0,255.255.240.0,15412
42943,77.240.80.0,255.255.252.0,8966
44206,77.240.160.0,255.255.240.0,8966
24641,77.240.176.0,255.255.240.0,6939
34049,77.240.181.0,255.255.255.0,6939
42300,77.240.240.0,255.255.252.0,8359
34326,77.240.244.0,255.255.252.0,6939
24645,77.240.248.0,255.255.252.0,6939
44858,77.241.68.0,255.255.252.0,6939
200030,77.241.164.0,255.255.252.0,8966
20799,77.241.176.0,255.255.240.0,15412
42517,77.241.224.0,255.255.240.0,6939
42451,77.242.0.0,255.255.255.0,8359
42463,77.242.40.0,255.255.248.0,6939
15493,77.242.96.0,255.255.240.0,8359
42669,77.242.176.0,255.255.240.0,6939
208800,77.242.240.0,255.255.255.0,8966
20969,77.243.160.0,255.255.240.0,6939
24951,77.244.48.0,255.255.240.0,15412
31424,77.245.16.0,255.255.240.0,4637
39931,77.245.128.0,255.255.240.0,6939
39264,77.245.208.0,255.255.240.0,8359
42907,77.245.224.0,255.255.255.0,8966
42968,77.245.240.0,255.255.240.0,6939
42965,77.246.112.0,255.255.240.0,6939
16302,77.246.192.0,255.255.240.0,6939
60447,77.246.208.0,255.255.254.0,6939
210728,77.246.243.0,255.255.255.0,6939
42808,77.247.0.0,255.255.255.0,35280
39724,77.247.100.0,255.255.255.0,6939
42132,77.247.128.0,255.255.240.0,8359
43568,77.247.144.0,255.255.240.0,6939
43248,77.247.224.0,255.255.248.0,6939
61237,77.247.239.0,255.255.255.0,41095
197790,78.9.100.0,255.255.255.0,703
2110,78.16.0.0,255.252.0.0,4637
21446,78.24.152.0,255.255.248.0,41095
34409,78.24.160.0,255.255.255.0,6939
31626,78.24.176.0,255.255.252.0,8359
200410,78.24.201.0,255.255.255.0,6939
196906,78.25.4.0,255.255.254.0,4637
202896,78.26.126.0,255.255.255.0,6939
39479,78.26.127.0,255.255.255.0,15412
34187,78.26.128.0,255.255.192.0,8359
44914,78.28.0.0,255.255.224.0,6939
6747,78.28.197.0,255.255.255.0,15412
15703,78.31.48.0,255.255.248.0,15412
57476,78.31.120.0,255.255.248.0,6939
8423,78.31.128.0,255.255.248.0,6939
44124,78.31.136.0,255.255.248.0,6939
44692,78.31.144.0,255.255.254.0,6939
199136,78.31.160.0,255.255.254.0,8359
199138,78.31.162.0,255.255.254.0,6939
62179,78.31.184.0,255.255.248.0,8359
200807,78.31.212.0,255.255.254.0,6939
212657,78.31.215.0,255.255.255.0,6939
8422,78.34.0.0,255.254.0.0,6939
43299,78.40.24.0,255.255.248.0,8359
29017,78.40.58.0,255.255.255.0,15412
34146,78.40.72.0,255.255.255.0,35280
50015,78.40.119.0,255.255.255.0,8359
39605,78.40.120.0,255.255.248.0,6939
39505,78.40.136.0,255.255.255.0,6939
203410,78.40.140.0,255.255.255.0,4637
206383,78.40.141.0,255.255.255.0,41095
45839,78.40.143.0,255.255.255.0,18106
260,78.40.204.0,255.255.254.0,8966
20751,78.40.213.0,255.255.255.0,35280
209759,78.40.220.0,255.255.254.0,41095
33920,78.40.240.0,255.255.248.0,6939
43413,78.41.16.0,255.255.248.0,6939
47164,78.41.59.0,255.255.255.0,8966
31383,78.41.72.0,255.255.255.0,6939
42187,78.41.92.0,255.255.252.0,8966
35492,78.41.112.0,255.255.248.0,6939
31367,78.41.128.0,255.255.248.0,15412
209505,78.41.136.0,255.255.255.0,15412
42685,78.41.144.0,255.255.254.0,6939
47515,78.41.148.0,255.255.254.0,6939
8487,78.41.160.0,255.255.248.0,6939
43521,78.41.176.0,255.255.248.0,41095
29357,78.89.0.0,255.255.0.0,8966
58250,78.93.82.0,255.255.254.0,15412
6855,78.98.0.0,255.254.0.0,6939
1853,78.104.0.0,255.255.0.0,6939
1120,78.104.145.0,255.255.255.0,6939
39700,78.108.131.0,255.255.255.0,15412
12615,78.108.240.0,255.255.255.0,15412
59463,78.108.248.0,255.255.254.0,15412
49188,78.108.250.0,255.255.255.0,15412
203917,78.108.251.0,255.255.255.0,15412
198169,78.109.233.0,255.255.255.0,703
31507,78.110.80.0,255.255.248.0,15412
215000,78.110.171.0,255.255.255.0,15412
43566,78.110.224.0,255.255.240.0,4637
43687,78.110.240.0,255.255.240.0,8966
41227,78.111.1.0,255.255.255.0,8966
49801,78.111.5.0,255.255.255.0,8966
35000,78.111.80.0,255.255.252.0,15412
31343,78.111.176.0,255.255.240.0,6939
48584,78.128.124.0,255.255.254.0,6939
2852,78.128.128.0,255.255.128.0,6939
9070,78.130.128.0,255.255.128.0,6939
29667,78.130.132.0,255.255.252.0,15412
20960,78.131.128.0,255.255.128.0,6939
2590,78.133.144.0,255.255.252.0,15412
206957,78.133.237.0,255.255.255.0,6939
197848,78.133.240.0,255.255.252.0,6939
198591,78.133.246.0,255.255.255.0,6939
43242,78.135.0.0,255.255.252.0,6939
207983,78.135.109.0,255.255.255.0,8966
33892,78.136.216.0,255.255.252.0,8359
62423,78.136.220.0,255.255.252.0,15412
25520,78.137.104.0,255.255.248.0,8966
138607,78.138.12.0,255.255.255.0,55720
47526,78.138.61.0,255.255.255.0,6939
48951,78.140.64.0,255.255.255.0,8966
200362,78.140.210.0,255.255.255.0,41095
215167,78.140.218.0,255.255.255.0,8966
205717,78.140.236.0,255.255.252.0,8966
212675,78.140.244.0,255.255.252.0,41095
210552,78.140.248.0,255.255.255.0,6939
216286,78.142.58.0,255.255.255.0,6939
56322,78.142.217.0,255.255.255.0,8966
60362,78.142.219.0,255.255.255.0,6939
47737,78.142.220.0,255.255.252.0,41095
209892,78.142.224.0,255.255.254.0,6939
47895,78.142.232.0,255.255.252.0,8966
14080,78.142.241.0,255.255.255.0,15412
35370,78.152.64.0,255.255.224.0,6939
12759,78.153.64.0,255.255.240.0,6939
28738,78.153.128.0,255.255.255.0,41095
202306,78.153.140.0,255.255.255.0,6939
35320,78.154.160.0,255.255.224.0,6939
43435,78.155.96.0,255.255.224.0,6939
43507,78.156.32.0,255.255.224.0,6939
43542,78.156.128.0,255.255.224.0,6939
43709,78.157.160.0,255.255.224.0,6939
42742,78.157.224.0,255.255.224.0,8966
39767,78.158.72.0,255.255.248.0,703
43984,78.158.96.0,255.255.224.0,15412
212908,78.159.64.0,255.255.248.0,4637
43093,78.159.81.0,255.255.255.0,4637
203287,78.159.85.0,255.255.255.0,4637
203828,78.159.89.0,255.255.255.0,4637
25211,78.159.128.0,255.255.255.0,8966
198128,78.159.200.0,255.255.252.0,39120
12445,79.98.0.0,255.255.248.0,6939
44020,79.98.8.0,255.255.248.0,8966
43989,79.98.40.0,255.255.248.0,6939
21305,79.98.48.0,255.255.252.0,8966
39781,79.98.56.0,255.255.248.0,6939
44002,79.98.72.0,255.255.248.0,6939
29238,79.98.112.0,255.255.248.0,15412
30833,79.98.136.0,255.255.248.0,8966
39310,79.98.144.0,255.255.248.0,15412
44065,79.98.152.0,255.255.248.0,6939
12902,79.98.168.0,255.255.248.0,15412
211251,79.98.176.0,255.255.255.0,35280
44053,79.98.208.0,255.255.248.0,8966
199995,79.98.240.0,255.255.254.0,8359
42313,79.106.0.0,255.255.0.0,703
47195,79.110.80.0,255.255.240.0,4637
41313,79.110.120.0,255.255.248.0,6939
41435,79.110.128.0,255.255.240.0,8359
50872,79.110.144.0,255.255.240.0,8966
57782,79.110.168.0,255.255.255.0,6939
215759,79.110.171.0,255.255.255.0,6939
35179,79.110.192.0,255.255.240.0,6939
47569,79.110.240.0,255.255.255.0,8966
8517,79.123.128.0,255.255.128.0,8966
25374,79.124.10.0,255.255.255.0,15412
214170,79.124.29.0,255.255.255.0,8966
59763,79.124.88.0,255.255.254.0,6939
44400,79.127.44.0,255.255.254.0,8966
39378,79.132.130.0,255.255.255.0,4637
51395,79.132.141.0,255.255.255.0,35280
24852,79.132.160.0,255.255.240.0,6939
211181,79.132.194.0,255.255.255.0,8966
57324,79.132.196.0,255.255.255.0,703
3238,79.133.0.0,255.255.224.0,6939
42459,79.134.48.0,255.255.240.0,703
6775,79.134.224.0,255.255.224.0,6939
29676,79.135.96.0,255.255.255.0,4637
62371,79.135.106.0,255.255.255.0,4637
212175,79.135.120.0,255.255.255.0,15412
199622,79.137.134.0,255.255.255.0,41095
211506,79.137.136.0,255.255.255.0,8966
47541,79.137.139.0,255.255.255.0,8966
215445,79.137.141.0,255.255.255.0,41095
203747,79.137.165.0,255.255.255.0,8359
196730,79.139.16.0,255.255.240.0,6939
47329,79.139.48.0,255.255.252.0,6939
60782,79.139.66.0,255.255.255.0,6939
15366,79.140.112.0,255.255.240.0,6939
209870,79.140.195.0,255.255.255.0,35280
50023,79.140.196.0,255.255.252.0,6939
43192,79.140.208.0,255.255.240.0,35280
61976,79.141.64.0,255.255.240.0,8359
34263,79.141.144.0,255.255.240.0,6939
20764,79.141.208.0,255.255.240.0,6939
199732,79.141.212.0,255.255.255.0,8966
28972,79.141.240.0,255.255.240.0,6939
43973,79.142.16.0,255.255.240.0,8359
25478,79.142.96.0,255.255.252.0,15412
44670,79.142.100.0,255.255.254.0,8359
47323,79.142.106.0,255.255.254.0,8359
197307,79.142.144.0,255.255.240.0,6939
44291,79.142.192.0,255.255.240.0,4637
44134,79.142.224.0,255.255.240.0,6939
15397,79.143.96.0,255.255.240.0,8966
25627,79.170.64.0,255.255.252.0,4637
204558,79.170.72.0,255.255.248.0,15412
20723,79.170.248.0,255.255.248.0,4637
41004,79.171.0.0,255.255.252.0,6939
50973,79.171.48.0,255.255.248.0,15412
43892,79.171.96.0,255.255.248.0,6939
15919,79.171.104.0,255.255.248.0,15412
51477,79.171.118.0,255.255.255.0,8966
43928,79.171.136.0,255.255.248.0,6939
34397,79.172.128.0,255.255.192.0,8966
29278,79.172.196.0,255.255.255.0,6939
43359,79.172.239.0,255.255.255.0,6939
43966,79.173.64.0,255.255.254.0,8966
31277,79.173.74.0,255.255.254.0,41095
210125,79.174.24.0,255.255.252.0,6939
47119,79.174.32.0,255.255.224.0,41095
62205,79.174.184.0,255.255.254.0,41095
6810,79.177.128.0,255.255.224.0,8966
328126,80.15.228.0,255.255.255.0,9304
29535,80.51.76.0,255.255.255.0,6939
62143,80.64.28.0,255.255.255.0,8966
60840,80.64.31.0,255.255.255.0,6939
20815,80.64.32.0,255.255.240.0,8966
41165,80.64.80.0,255.255.240.0,8359
24953,80.64.140.0,255.255.252.0,35280
15965,80.64.144.0,255.255.240.0,6939
202803,80.64.212.0,255.255.252.0,703
208549,80.64.220.0,255.255.255.0,4637
48152,80.65.8.0,255.255.248.0,35280
31257,80.65.16.0,255.255.252.0,8359
50231,80.65.212.0,255.255.252.0,6939
28889,80.66.32.0,255.255.224.0,6939
206673,80.66.92.0,255.255.252.0,8966
51728,80.66.160.0,255.255.240.0,6939
20634,80.66.224.0,255.255.240.0,703
263824,80.67.32.0,255.255.252.0,8966
57629,80.67.40.0,255.255.255.0,8359
31695,80.67.48.0,255.255.240.0,8359
204059,80.67.181.0,255.255.255.0,6939
209090,80.67.186.0,255.255.255.0,35280
204092,80.67.190.0,255.255.255.0,35280
35033,80.67.200.0,255.255.248.0,15412
33871,80.67.208.0,255.255.240.0,8359
20791,80.67.224.0,255.255.240.0,6939
31720,80.67.240.0,255.255.252.0,41095
21479,80.68.0.0,255.255.248.0,15412
209108,80.68.151.0,255.255.255.0,6939
49242,80.68.224.0,255.255.248.0,6939
20848,80.68.240.0,255.255.240.0,8359
34170,80.69.48.0,255.255.255.0,6939
42437,80.69.154.0,255.255.255.0,8966
9120,80.70.8.0,255.255.248.0,6939
29600,80.70.16.0,255.255.240.0,6939
201872,80.70.64.0,255.255.252.0,6939
57084,80.70.144.0,255.255.240.0,15412
34372,80.70.176.0,255.255.240.0,15412
16080,80.70.222.0,255.255.254.0,6939
197301,80.71.128.0,255.255.240.0,6939
198037,80.71.227.0,255.255.255.0,8359
60246,80.72.20.0,255.255.255.0,41095
20849,80.72.128.0,255.255.240.0,6939
21068,80.72.192.0,255.255.240.0,6939
20870,80.72.224.0,255.255.240.0,15412
31376,80.73.192.0,255.255.240.0,8966
29283,80.74.16.0,255.255.248.0,35280
25003,80.74.96.0,255.255.224.0,703
205209,80.74.96.0,255.255.255.0,703
208428,80.75.22.0,255.255.255.0,4637
198090,80.75.24.0,255.255.248.0,703
34554,80.75.112.0,255.255.240.0,6939
21135,80.75.128.0,255.255.240.0,8359
203182,80.75.211.0,255.255.255.0,6939
212177,80.75.219.0,255.255.255.0,6939
202693,80.75.220.0,255.255.255.0,4637
5385,80.75.224.0,255.255.240.0,703
57045,80.76.41.0,255.255.255.0,41095
20924,80.76.64.0,255.255.240.0,4637
30960,80.76.128.0,255.255.252.0,8966
8523,80.76.144.0,255.255.240.0,15412
34629,80.76.176.0,255.255.240.0,41095
31641,80.76.192.0,255.255.240.0,6939
29527,80.76.212.0,255.255.252.0,15412
39156,80.76.224.0,255.255.240.0,8359
205597,80.77.27.0,255.255.255.0,6939
34772,80.77.144.0,255.255.240.0,8966
50045,80.77.160.0,255.255.255.0,8359
51369,80.77.161.0,255.255.255.0,8359
42244,80.77.168.0,255.255.255.0,8359
12788,80.78.32.0,255.255.224.0,4637
60359,80.78.63.0,255.255.255.0,4637
39083,80.78.133.0,255.255.255.0,4637
12570,80.78.144.0,255.255.240.0,6939
21032,80.78.160.0,255.255.240.0,6939
34686,80.78.208.0,255.255.240.0,15412
205975,80.79.48.0,255.255.240.0,6939
60679,80.80.81.0,255.255.255.0,4637
28757,80.80.176.0,255.255.240.0,6939
21217,80.80.224.0,255.255.248.0,35280
24634,80.81.153.0,255.255.255.0,4637
21019,80.81.224.0,255.255.240.0,6939
15657,80.81.240.0,255.255.240.0,15412
25569,80.82.0.0,255.255.240.0,8966
50173,80.82.132.0,255.255.255.0,15412
47608,80.82.224.0,255.255.240.0,6939
28792,80.82.240.0,255.255.240.0,6939
29243,80.83.0.0,255.255.240.0,6939
44885,80.83.32.0,255.255.224.0,41095
43096,80.83.90.0,255.255.255.0,7713
4648,80.83.92.0,255.255.252.0,6939
21214,80.83.128.0,255.255.240.0,15412
21058,80.83.160.0,255.255.255.0,8966
199324,80.83.170.0,255.255.255.0,8966
44123,80.83.208.0,255.255.240.0,4637
6774,80.84.16.0,255.255.240.0,4637
15738,80.84.176.0,255.255.240.0,8359
31586,80.84.224.0,255.255.224.0,15412
60806,80.85.224.0,255.255.240.0,6939
24993,80.86.0.0,255.255.240.0,6939
56472,80.86.48.0,255.255.240.0,6939
12310,80.86.96.0,255.255.224.0,6939
198710,80.86.180.0,255.255.255.0,15412
24640,80.86.181.0,255.255.255.0,15412
1836,80.86.192.0,255.255.240.0,6939
25146,80.87.48.0,255.255.240.0,15412
49542,80.87.204.0,255.255.254.0,8359
328156,80.88.0.0,255.255.254.0,8966
328174,80.88.11.0,255.255.255.0,8966
210465,80.88.144.0,255.255.248.0,15412
35313,80.88.240.0,255.255.240.0,8966
21105,80.89.8.0,255.255.252.0,8966
9008,80.90.32.0,255.255.224.0,6939
10991,80.90.101.0,255.255.255.0,4637
20886,80.90.144.0,255.255.240.0,6939
3285,80.90.176.0,255.255.254.0,41095
43103,80.90.224.0,255.255.240.0,8359
207802,80.90.228.0,255.255.255.0,8359
8331,80.90.249.0,255.255.255.0,15412
47288,80.91.81.0,255.255.255.0,703
47600,80.91.89.0,255.255.255.0,15412
21219,80.91.169.0,255.255.255.0,6939
21226,80.91.192.0,255.255.248.0,8359
28855,80.91.215.0,255.255.255.0,6939
24611,80.92.64.0,255.255.224.0,35280
34347,80.92.112.0,255.255.240.0,6939
5500,80.92.144.0,255.255.240.0,8966
197029,80.92.240.0,255.255.240.0,6939
8660,80.93.64.0,255.255.240.0,4637
60464,80.93.198.0,255.255.255.0,15412
201364,80.93.220.0,255.255.255.0,6939
13119,80.94.16.0,255.255.240.0,6939
199296,80.94.19.0,255.255.255.0,6939
204444,80.94.27.0,255.255.255.0,6939
38949,80.94.48.0,255.255.240.0,6939
6758,80.94.96.0,255.255.240.0,6939
21274,80.94.160.0,255.255.240.0,8966
199335,80.94.192.0,255.255.240.0,15412
327754,80.95.0.0,255.255.252.0,4637
13306,80.95.24.0,255.255.252.0,6939
16154,80.95.29.0,255.255.255.0,15412
35551,80.95.48.0,255.255.240.0,4637
31313,80.96.3.0,255.255.255.0,4637
62350,80.96.25.0,255.255.255.0,4637
39531,80.96.27.0,255.255.255.0,15412
49852,80.96.30.0,255.255.254.0,15412
34304,80.96.36.0,255.255.254.0,6939
49052,80.96.111.0,255.255.255.0,6939
28727,80.96.153.0,255.255.255.0,6939
47427,80.96.224.0,255.255.254.0,15412
21294,80.97.0.0,255.255.240.0,6939
15471,80.97.20.0,255.255.255.0,6939
39279,80.97.56.0,255.255.252.0,8359
31017,80.97.125.0,255.255.255.0,6939
51187,80.120.18.0,255.255.255.0,6939
61022,80.121.202.0,255.255.255.0,6939
6412,80.184.0.0,255.255.0.0,8966
42781,80.184.3.0,255.255.255.0,8966
201378,80.184.196.0,255.255.255.0,8966
15659,80.202.0.0,255.255.0.0,7713
7514,80.208.192.0,255.255.240.0,703
9022,80.208.232.0,255.255.248.0,6939
200062,80.209.244.0,255.255.252.0,6939
24806,80.211.192.0,255.255.224.0,4637
205727,80.211.240.0,255.255.248.0,703
12670,80.231.9.0,255.255.255.0,15412
8529,80.231.213.0,255.255.255.0,8966
62436,80.232.215.0,255.255.255.0,6939
35407,80.233.251.0,255.255.255.0,8359
60427,80.240.107.0,255.255.255.0,6939
21282,80.241.0.0,255.255.240.0,41095
199118,80.241.56.0,255.255.248.0,6939
44234,80.242.32.0,255.255.248.0,4637
204365,80.242.42.0,255.255.255.0,4637
44627,80.242.48.0,255.255.252.0,8359
24680,80.243.0.0,255.255.240.0,41095
21013,80.243.160.0,255.255.240.0,6939
21336,80.243.192.0,255.255.240.0,35280
20776,80.243.240.0,255.255.240.0,15412
49326,80.244.0.0,255.255.255.0,41095
48817,80.244.1.0,255.255.255.0,6939
48078,80.244.5.0,255.255.255.0,8359
206011,80.244.40.0,255.255.252.0,8359
34946,80.244.192.0,255.255.240.0,15412
24637,80.244.208.0,255.255.240.0,6939
198239,80.245.34.0,255.255.255.0,6939
21360,80.245.192.0,255.255.240.0,6939
35738,80.245.240.0,255.255.240.0,8966
21378,80.246.64.0,255.255.224.0,15412
201973,80.246.96.0,255.255.240.0,6939
39875,80.247.16.0,255.255.240.0,8966
25292,80.247.32.0,255.255.240.0,15412
15826,80.247.224.0,255.255.240.0,6939
29689,80.248.16.0,255.255.240.0,4637
39612,80.248.48.0,255.255.254.0,41095
30982,80.248.64.0,255.255.255.0,4637
39153,80.248.80.0,255.255.240.0,8359
62365,80.249.116.0,255.255.252.0,6939
216211,80.249.134.0,255.255.255.0,41095
57918,80.249.135.0,255.255.255.0,8359
3267,80.250.162.0,255.255.254.0,8966
8535,80.252.0.0,255.255.240.0,6939
39042,80.252.16.0,255.255.252.0,8359
15702,80.252.32.0,255.255.240.0,6939
8893,80.252.96.0,255.255.240.0,8966
8282,80.252.116.0,255.255.255.0,15412
29468,80.252.208.0,255.255.248.0,6939
197603,80.252.220.0,255.255.255.0,15412
21454,80.252.224.0,255.255.240.0,6939
59708,80.253.157.0,255.255.255.0,8966
206575,80.253.160.0,255.255.252.0,6939
203964,80.253.164.0,255.255.252.0,6939
60707,80.253.244.0,255.255.255.0,8966
39101,80.254.16.0,255.255.240.0,8966
39046,80.254.48.0,255.255.240.0,8359
43833,80.254.224.0,255.255.252.0,6939
24585,80.255.96.0,255.255.252.0,35280
8311,80.255.117.0,255.255.255.0,8966
41397,80.255.120.0,255.255.252.0,8966
203591,81.2.132.0,255.255.252.0,6939
205520,81.2.190.0,255.255.255.0,35280
198203,81.4.100.0,255.255.252.0,4637
24626,81.4.192.0,255.255.192.0,15412
5486,81.5.0.0,255.255.248.0,15412
30778,81.6.128.0,255.255.248.0,6939
209801,81.6.133.0,255.255.255.0,6939
43386,81.6.139.0,255.255.255.0,6939
24848,81.6.176.0,255.255.248.0,4637
35366,81.7.0.0,255.255.192.0,6939
49602,81.7.108.0,255.255.252.0,6939
201593,81.9.27.0,255.255.255.0,8966
12605,81.10.128.0,255.255.128.0,6939
6736,81.12.12.0,255.255.255.0,4637
5523,81.13.0.0,255.255.128.0,41095
208314,81.13.6.0,255.255.255.0,41095
20804,81.15.128.0,255.255.128.0,6939
199715,81.15.131.0,255.255.255.0,6939
56449,81.15.138.0,255.255.254.0,6939
50551,81.15.157.0,255.255.255.0,6939
43769,81.15.187.0,255.255.255.0,6939
204301,81.15.191.0,255.255.255.0,6939
60468,81.15.206.0,255.255.254.0,6939
24756,81.15.210.0,255.255.255.0,8966
205813,81.15.239.0,255.255.255.0,6939
25070,81.15.246.0,255.255.255.0,703
42378,81.16.157.0,255.255.255.0,6939
40339,81.16.184.0,255.255.255.0,8966
24607,81.16.224.0,255.255.248.0,8359
201201,81.16.233.0,255.255.255.0,8966
35833,81.17.208.0,255.255.240.0,6939
29046,81.18.32.0,255.255.255.0,41095
24657,81.18.96.0,255.255.240.0,6939
41330,81.18.112.0,255.255.240.0,15412
15389,81.18.224.0,255.255.240.0,6939
25512,81.19.32.0,255.255.240.0,6939
29668,81.19.48.0,255.255.240.0,6939
24638,81.19.64.0,255.255.224.0,8359
39242,81.19.112.0,255.255.240.0,7713
29033,81.20.32.0,255.255.240.0,4637
39202,81.20.48.0,255.255.240.0,15412
13208,81.20.176.0,255.255.240.0,6939
200982,81.20.205.0,255.255.255.0,8359
50670,81.21.8.0,255.255.252.0,8966
200094,81.21.206.0,255.255.255.0,6939
39324,81.22.240.0,255.255.240.0,7713
12350,81.23.64.0,255.255.240.0,6939
8416,81.23.176.0,255.255.240.0,8966
30729,81.23.192.0,255.255.240.0,8359
24730,81.23.224.0,255.255.240.0,15412
50522,81.23.244.0,255.255.252.0,6939
24764,81.24.64.0,255.255.240.0,703
57227,81.24.84.0,255.255.255.0,8966
39512,81.24.208.0,255.255.240.0,8359
24817,81.24.224.0,255.255.252.0,8966
60273,81.25.32.0,255.255.248.0,35280
8905,81.25.48.0,255.255.240.0,8359
15595,81.25.224.0,255.255.240.0,8359
24880,81.27.128.0,255.255.240.0,6939
47887,81.28.112.0,255.255.240.0,8966
200276,81.28.248.0,255.255.255.0,703
39657,81.30.16.0,255.255.240.0,4637
198059,81.30.96.0,255.255.255.0,6939
48129,81.30.112.0,255.255.255.0,8359
34169,81.30.130.0,255.255.254.0,6939
15935,81.30.224.0,255.255.224.0,4637
12519,81.31.64.0,255.255.240.0,6939
47242,81.31.144.0,255.255.255.0,4637
150623,81.31.208.0,255.255.255.0,4637
198016,81.31.214.0,255.255.255.0,8966
206292,81.31.215.0,255.255.255.0,6939
12826,81.80.237.0,255.255.255.0,6939
215918,81.85.59.0,255.255.255.0,6939
39729,81.88.48.0,255.255.240.0,35280
39684,81.88.80.0,255.255.252.0,8359
15436,81.88.96.0,255.255.248.0,6939
15766,81.88.160.0,255.255.240.0,15412
25035,81.88.192.0,255.255.240.0,41095
39709,81.88.208.0,255.255.240.0,41095
34279,81.89.16.0,255.255.255.0,6939
5495,81.89.176.0,255.255.240.0,8359
25081,81.89.192.0,255.255.240.0,6939
39863,81.89.208.0,255.255.252.0,8359
8879,81.89.224.0,255.255.224.0,6939
12739,81.90.0.0,255.255.240.0,8359
48407,81.90.16.0,255.255.240.0,8966
57443,81.90.30.0,255.255.255.0,8359
29003,81.90.48.0,255.255.240.0,6939
39790,81.91.80.0,255.255.240.0,6939
60981,81.91.96.0,255.255.248.0,15412
25124,81.91.128.0,255.255.252.0,8966
8763,81.91.160.0,255.255.240.0,35280
44705,81.91.189.0,255.255.255.0,8359
39817,81.91.208.0,255.255.240.0,6939
21385,81.92.160.0,255.255.240.0,15412
202664,81.92.240.0,255.255.255.0,6939
25251,81.94.32.0,255.255.252.0,41095
34042,81.95.16.0,255.255.240.0,8966
8491,81.95.32.0,255.255.240.0,8359
41354,81.95.52.0,255.255.255.0,6939
42160,81.95.112.0,255.255.240.0,35280
25249,81.95.160.0,255.255.240.0,35280
203306,81.95.199.0,255.255.255.0,6939
39816,81.95.204.0,255.255.252.0,15412
12365,81.95.224.0,255.255.240.0,8359
197177,81.161.100.0,255.255.255.0,6939
59516,81.161.116.0,255.255.252.0,6939
214668,81.161.238.0,255.255.255.0,4637
198541,81.162.0.0,255.255.240.0,8966
49136,81.162.32.0,255.255.240.0,8359
198293,81.162.64.0,255.255.240.0,8359
34955,81.162.192.0,255.255.255.0,6939
44032,81.162.224.0,255.255.255.0,6939
201725,81.163.8.0,255.255.248.0,6939
41616,81.163.80.0,255.255.255.0,8359
200638,81.163.195.0,255.255.255.0,6939
59782,81.163.200.0,255.255.248.0,703
213039,81.163.210.0,255.255.255.0,6939
6724,81.169.128.0,255.255.128.0,15412
34343,81.171.32.0,255.255.240.0,6939
51942,81.173.44.0,255.255.252.0,49544
57136,81.180.6.0,255.255.254.0,6939
34723,81.180.24.0,255.255.255.0,4637
9199,81.180.64.0,255.255.252.0,4637
58022,81.180.136.0,255.255.254.0,15412
44682,81.180.207.0,255.255.255.0,6939
56746,81.180.232.0,255.255.254.0,15412
44679,81.180.240.0,255.255.248.0,15412
215417,81.181.9.0,255.255.255.0,15412
57180,81.181.44.0,255.255.255.0,6939
215230,81.181.64.0,255.255.255.0,15412
205275,81.181.66.0,255.255.255.0,6939
31554,81.181.76.0,255.255.255.0,15412
41028,81.181.85.0,255.255.255.0,15412
61353,81.181.130.0,255.255.255.0,4637
48571,81.181.168.0,255.255.254.0,6939
35505,81.181.181.0,255.255.255.0,703
43807,81.181.240.0,255.255.255.0,15412
216249,81.181.245.0,255.255.255.0,15412
3233,81.181.249.0,255.255.255.0,4637
2200,81.194.0.0,255.255.0.0,4637
34073,81.198.73.0,255.255.255.0,6939
28768,81.200.32.0,255.255.248.0,15412
52060,81.200.120.0,255.255.252.0,8359
202173,81.200.126.0,255.255.254.0,8359
15589,81.200.130.0,255.255.254.0,8966
41148,81.200.240.0,255.255.240.0,8966
41135,81.201.80.0,255.255.240.0,4637
29575,81.201.163.0,255.255.255.0,35280
12923,81.201.224.0,255.255.240.0,6939
61102,81.218.219.0,255.255.255.0,8966
43128,82.21.208.0,255.255.255.0,6939
133210,82.21.215.0,255.255.255.0,7713
59729,82.21.253.0,255.255.255.0,703
198825,82.22.7.0,255.255.255.0,4637
62217,82.22.33.0,255.255.255.0,15412
208711,82.22.43.0,255.255.255.0,8966
213482,82.22.119.0,255.255.255.0,4637
204770,82.23.0.0,255.255.254.0,8966
215035,82.23.190.0,255.255.255.0,4637
61049,82.25.181.0,255.255.255.0,15412
149981,82.27.189.0,255.255.255.0,41095
206735,82.29.43.0,255.255.255.0,6939
151336,82.29.107.0,255.255.255.0,4637
202282,82.39.0.0,255.255.192.0,6939
214132,82.39.111.0,255.255.255.0,6939
273508,82.39.244.0,255.255.255.0,8966
8612,82.84.0.0,255.254.0.0,6939
39738,82.86.0.0,255.255.224.0,4637
8554,82.97.0.0,255.255.192.0,6939
12306,82.98.64.0,255.255.192.0,7713
25248,82.99.128.0,255.255.192.0,6939
30736,82.103.128.0,255.255.192.0,6939
43267,82.112.184.0,255.255.248.0,15412
30827,82.113.128.0,255.255.224.0,6939
5504,82.114.32.0,255.255.252.0,15412
15757,82.114.128.0,255.255.224.0,41095
44552,82.114.232.0,255.255.248.0,41095
30936,82.116.32.0,255.255.224.0,8966
15594,82.116.96.0,255.255.224.0,7713
35223,82.117.0.0,255.255.224.0,8966
6712,82.117.240.0,255.255.255.0,6939
212630,82.117.241.0,255.255.255.0,4637
8262,82.119.64.0,255.255.224.0,8966
215596,82.129.10.0,255.255.254.0,4637
199452,82.129.48.0,255.255.240.0,6939
559,82.130.64.0,255.255.192.0,6939
39007,82.135.160.0,255.255.248.0,6939
29147,82.137.156.0,255.255.255.0,8359
57452,82.138.42.0,255.255.255.0,8359
29414,82.139.146.0,255.255.254.0,6939
15419,82.140.131.0,255.255.255.0,8359
25355,82.144.64.0,255.255.255.0,41095
16168,82.144.96.0,255.255.224.0,6939
201971,82.145.35.0,255.255.255.0,8966
202228,82.146.12.0,255.255.254.0,6939
215853,82.146.23.0,255.255.255.0,15412
29446,82.146.128.0,255.255.224.0,15412
13259,82.147.64.0,255.255.255.0,8966
204298,82.147.76.0,255.255.255.0,8966
8728,82.147.160.0,255.255.224.0,6939
25376,82.148.224.0,255.255.224.0,15412
8990,82.150.32.0,255.255.224.0,6939
29028,82.150.138.0,255.255.255.0,15412
35782,82.150.144.0,255.255.255.0,6939
8596,82.150.192.0,255.255.224.0,6939
12888,82.150.224.0,255.255.248.0,4637
29456,82.151.96.0,255.255.224.0,15412
151964,82.153.47.0,255.255.255.0,4637
60713,82.160.50.0,255.255.255.0,6939
204086,82.160.86.0,255.255.254.0,6939
201695,82.160.134.0,255.255.255.0,6939
203261,82.160.149.0,255.255.255.0,6939
62105,82.163.40.0,255.255.248.0,6939
202940,82.166.240.0,255.255.255.0,15412
208227,82.177.44.0,255.255.254.0,6939
212251,82.177.68.0,255.255.252.0,6939
196928,82.177.138.0,255.255.254.0,6939
24577,82.177.142.0,255.255.255.0,6939
203188,82.177.165.0,255.255.255.0,6939
203389,82.177.184.0,255.255.252.0,6939
206442,82.177.202.0,255.255.254.0,6939
39112,82.177.253.0,255.255.255.0,8966
8920,82.194.160.0,255.255.240.0,8359
31359,82.195.0.0,255.255.224.0,8966
8365,82.195.64.0,255.255.224.0,15412
50818,82.196.16.0,255.255.255.0,15412
29452,82.196.224.0,255.255.224.0,15412
30733,82.198.160.0,255.255.224.0,15412
30745,82.202.132.0,255.255.252.0,8359
56864,82.202.176.0,255.255.248.0,41095
209030,82.202.186.0,255.255.255.0,8359
29624,82.212.192.0,255.255.224.0,6939
13289,82.212.224.0,255.255.224.0,6939
15997,82.214.128.0,255.255.192.0,6939
30740,82.219.0.0,255.255.0.0,6939
30818,82.221.164.0,255.255.255.0,6939
31444,83.68.32.0,255.255.240.0,8359
31492,83.69.128.0,255.255.224.0,8359
21320,83.97.88.0,255.255.248.0,6939
12946,83.97.128.0,255.255.128.0,15412
30870,83.98.136.0,255.255.254.0,4637
49127,83.98.157.0,255.255.255.0,4637
30925,83.98.224.0,255.255.224.0,4637
29690,83.101.128.0,255.255.224.0,8966
49206,83.118.224.0,255.255.252.0,8966
5390,83.119.0.0,255.255.224.0,15412
40999,83.125.8.0,255.255.252.0,4637
30971,83.136.32.0,255.255.248.0,15412
42605,83.136.72.0,255.255.248.0,6939
33941,83.136.120.0,255.255.248.0,6939
47156,83.136.234.0,255.255.255.0,41095
42346,83.137.24.0,255.255.248.0,4637
31394,83.137.40.0,255.255.248.0,703
29063,83.138.0.0,255.255.248.0,4637
34895,83.138.64.0,255.255.192.0,6939
33852,83.139.0.0,255.255.255.0,8359
15994,83.139.67.0,255.255.255.0,6939
201877,83.139.194.0,255.255.255.0,4637
44941,83.142.8.0,255.255.255.0,8966
215085,83.142.31.0,255.255.255.0,6939
31712,83.142.32.0,255.255.248.0,6939
15713,83.142.104.0,255.255.248.0,8359
44949,83.142.128.0,255.255.254.0,6939
33838,83.142.152.0,255.255.248.0,8966
30851,83.142.168.0,255.255.252.0,8966
34254,83.142.184.0,255.255.248.0,6939
199494,83.142.216.0,255.255.252.0,6939
20516,83.142.232.0,255.255.248.0,8359
196812,83.143.32.0,255.255.248.0,8359
60486,83.143.72.0,255.255.255.0,24482
42511,83.143.156.0,255.255.252.0,41095
196773,83.144.0.0,255.255.240.0,15412
33965,83.144.192.0,255.255.192.0,35280
31319,83.149.128.0,255.255.192.0,6939
60920,83.150.196.0,255.255.252.0,6939
212504,83.150.217.0,255.255.255.0,15412
50599,83.150.236.0,255.255.255.0,6939
197205,83.150.244.0,255.255.252.0,6939
31505,83.151.32.0,255.255.252.0,703
35369,83.164.128.0,255.255.128.0,6939
24936,83.166.224.0,255.255.254.0,8359
8801,83.167.176.0,255.255.248.0,4637
16353,83.167.191.0,255.255.255.0,15412
202520,83.168.68.0,255.255.254.0,8359
201532,83.168.92.0,255.255.255.0,6939
29259,83.170.0.0,255.255.192.0,6939
2847,83.171.0.0,255.255.192.0,4637
41273,83.171.216.0,255.255.252.0,35280
43809,83.171.228.0,255.255.252.0,6939
49935,83.172.140.0,255.255.254.0,4637
34572,83.173.64.0,255.255.224.0,6939
31510,83.175.64.0,255.255.192.0,6939
34525,83.175.144.0,255.255.240.0,703
12355,83.216.224.0,255.255.224.0,6939
51446,83.217.8.0,255.255.255.0,8359
31514,83.217.192.0,255.255.248.0,41095
196927,83.218.96.0,255.255.224.0,6939
31225,83.219.229.0,255.255.255.0,8359
50254,83.219.234.0,255.255.255.0,8359
31275,83.220.64.0,255.255.255.0,8359
31294,83.220.160.0,255.255.252.0,15412
25532,83.222.4.0,255.255.254.0,8966
47328,83.222.124.0,255.255.252.0,8966
6854,83.222.192.0,255.255.224.0,8966
48921,83.223.48.0,255.255.252.0,703
33425,83.228.128.0,255.255.192.0,6939
15744,83.230.0.0,255.255.192.0,6939
35434,83.230.0.0,255.255.224.0,6939
202220,83.230.14.0,255.255.255.0,6939
8508,83.230.64.0,255.255.240.0,4637
15974,83.234.164.0,255.255.252.0,15412
212748,83.242.104.0,255.255.254.0,8966
198579,83.242.112.0,255.255.240.0,6939
5577,83.243.8.0,255.255.248.0,15412
42065,83.243.64.0,255.255.252.0,8966
31500,83.243.69.0,255.255.255.0,8966
29329,83.243.72.0,255.255.248.0,8966
31364,83.246.128.0,255.255.240.0,15412
39551,83.247.128.0,255.255.255.0,6939
13194,84.15.0.0,255.255.0.0,6939
34087,84.16.192.0,255.255.224.0,6939
33940,84.17.96.0,255.255.224.0,6939
33873,84.17.160.0,255.255.224.0,4637
57208,84.17.193.0,255.255.255.0,6939
42611,84.18.224.0,255.255.224.0,15412
213094,84.18.224.0,255.255.252.0,6939
33924,84.20.64.0,255.255.252.0,6939
8562,84.20.184.0,255.255.252.0,15412
33848,84.21.32.0,255.255.252.0,6939
56786,84.21.176.0,255.255.252.0,6939
57251,84.22.128.0,255.255.252.0,8359
29319,84.23.32.0,255.255.248.0,41095
50949,84.23.46.0,255.255.255.0,8966
204941,84.23.49.0,255.255.255.0,8359
216090,84.23.51.0,255.255.255.0,41095
16290,84.23.160.0,255.255.224.0,6939
34171,84.23.224.0,255.255.255.0,35280
4589,84.37.67.0,255.255.255.0,15412
203118,84.38.2.0,255.255.255.0,8359
206902,84.38.140.0,255.255.255.0,8359
199749,84.39.32.0,255.255.255.0,15412
48200,84.39.104.0,255.255.248.0,8966
60664,84.39.144.0,255.255.255.0,35280
12887,84.40.152.0,255.255.254.0,6939
56990,84.45.0.0,255.255.248.0,6939
206483,84.45.30.0,255.255.255.0,15412
40513,84.45.50.0,255.255.255.0,4637
196914,84.47.148.0,255.255.254.0,41095
210030,84.54.32.0,255.255.255.0,15412
216285,84.54.49.0,255.255.255.0,6939
212755,84.54.50.0,255.255.255.0,6939
34250,84.54.113.0,255.255.255.0,8359
28910,84.54.124.0,255.255.255.0,8359
24877,84.55.24.0,255.255.248.0,6939
13041,84.88.0.0,255.255.0.0,4637
20253,84.201.208.0,255.255.255.0,8966
50222,84.204.53.0,255.255.255.0,8359
31608,84.205.0.0,255.255.224.0,6939
12654,84.205.66.0,255.255.255.0,35280
35506,84.205.192.0,255.255.255.0,703
31581,84.206.0.0,255.255.0.0,4637
8448,84.225.192.0,255.255.192.0,6939
206866,84.232.40.0,255.255.248.0,8966
39848,84.234.108.0,255.255.252.0,8359
34969,84.234.112.0,255.255.254.0,6939
203551,84.234.117.0,255.255.255.0,703
208141,84.234.118.0,255.255.254.0,6939
41959,84.234.122.0,255.255.255.0,8966
200672,84.234.124.0,255.255.255.0,6939
211528,84.234.126.0,255.255.255.0,6939
216439,84.234.127.0,255.255.255.0,6939
5387,84.237.32.0,255.255.255.0,8359
209625,84.238.133.0,255.255.255.0,6939
47402,84.238.184.0,255.255.248.0,15412
5541,84.239.0.0,255.255.252.0,6939
49915,84.239.30.0,255.255.255.0,4637
2594,84.240.128.0,255.255.192.0,8966
51034,84.244.0.0,255.255.224.0,8966
20495,84.244.128.0,255.255.192.0,15412
202819,84.245.95.0,255.255.255.0,6939
20590,84.246.105.0,255.255.255.0,8359
41943,84.246.134.0,255.255.255.0,15412
15450,84.246.169.0,255.255.255.0,35280
42455,84.246.200.0,255.255.248.0,6939
34308,84.246.248.0,255.255.248.0,6939
202617,84.247.18.0,255.255.255.0,35280
59862,84.247.36.0,255.255.252.0,6939
50369,84.247.58.0,255.255.255.0,4637
35237,84.252.144.0,255.255.255.0,8966
8629,84.253.96.0,255.255.224.0,8966
35548,84.254.64.0,255.255.255.0,15412
39563,85.8.131.0,255.255.255.0,6939
48846,85.8.180.0,255.255.255.0,4637
215074,85.8.184.0,255.255.255.0,8359
206388,85.9.94.0,255.255.255.0,8966
199965,85.11.87.0,255.255.255.0,8966
51931,85.11.117.0,255.255.255.0,8966
48747,85.11.152.0,255.255.255.0,8966
34788,85.13.128.0,255.255.255.0,6939
200533,85.14.7.0,255.255.255.0,6939
211526,85.14.56.0,255.255.255.0,4637
31167,85.14.128.0,255.255.192.0,15412
34896,85.15.64.0,255.255.192.0,15412
15763,85.22.0.0,255.255.0.0,6939
31643,85.28.0.0,255.255.240.0,15412
42498,85.31.36.0,255.255.252.0,8966
15672,85.31.112.0,255.255.252.0,41095
42162,85.31.152.0,255.255.248.0,35280
198225,85.31.172.0,255.255.252.0,6939
50779,85.31.220.0,255.255.255.0,35280
5429,85.89.102.0,255.255.255.0,8359
25384,85.89.224.0,255.255.224.0,35280
24822,85.90.160.0,255.255.224.0,6939
34245,85.91.0.0,255.255.224.0,15412
51553,85.91.49.0,255.255.255.0,15412
34270,85.91.224.0,255.255.224.0,6939
212057,85.93.31.0,255.255.255.0,8966
197013,85.93.160.0,255.255.224.0,6939
34362,85.94.64.0,255.255.252.0,8966
34470,85.95.128.0,255.255.224.0,15412
271689,85.113.92.0,255.255.252.0,4637
44444,85.115.32.0,255.255.255.0,4637
34803,85.115.128.0,255.255.224.0,6939
210104,85.115.212.0,255.255.252.0,6939
202975,85.116.132.0,255.255.252.0,6939
58088,85.116.140.0,255.255.252.0,6939
207594,85.116.148.0,255.255.252.0,703
42087,85.117.64.0,255.255.224.0,8359
29555,85.117.96.0,255.255.255.0,41095
203924,85.117.252.0,255.255.254.0,6939
34783,85.118.48.0,255.255.254.0,6939
47453,85.118.94.0,255.255.255.0,35280
17477,85.118.153.0,255.255.255.0,4637
48009,85.118.182.0,255.255.255.0,41095
29244,85.118.192.0,255.255.248.0,8966
35180,85.119.56.0,255.255.255.0,4637
35087,85.119.72.0,255.255.248.0,41095
209754,85.119.104.0,255.255.252.0,6939
39668,85.120.24.0,255.255.252.0,6939
56951,85.120.31.0,255.255.255.0,6939
35348,85.120.160.0,255.255.255.0,15412
48141,85.120.220.0,255.255.255.0,15412
60615,85.120.232.0,255.255.254.0,6939
62445,85.120.244.0,255.255.255.0,6939
212221,85.120.251.0,255.255.255.0,6939
202203,85.121.8.0,255.255.252.0,6939
48453,85.122.52.0,255.255.254.0,15412
49295,85.122.115.0,255.255.255.0,15412
50886,85.122.144.0,255.255.248.0,15412
394710,85.131.160.0,255.255.224.0,6939
131965,85.131.192.0,255.255.192.0,15412
39397,85.132.7.0,255.255.255.0,15412
9080,85.132.140.0,255.255.252.0,6939
215704,85.132.180.0,255.255.252.0,6939
39074,85.133.128.0,255.255.255.0,8966
204834,85.133.160.0,255.255.255.0,8966
212077,85.133.200.0,255.255.255.0,8966
204203,85.133.206.0,255.255.255.0,8966
48123,85.140.56.0,255.255.255.0,8359
28884,85.140.96.0,255.255.240.0,8359
48124,85.140.112.0,255.255.252.0,8359
202974,85.143.249.0,255.255.255.0,8966
211996,85.153.135.0,255.255.255.0,8966
214344,85.155.126.0,255.255.255.0,6939
50104,85.155.227.0,255.255.255.0,7713
208041,85.155.248.0,255.255.252.0,6939
3213,85.158.40.0,255.255.248.0,15412
35019,85.158.128.0,255.255.248.0,8966
212025,85.158.145.0,255.255.255.0,6939
57495,85.158.220.0,255.255.255.0,703
8692,85.158.224.0,255.255.248.0,6939
41007,85.159.24.0,255.255.255.0,41095
59583,85.159.29.0,255.255.255.0,41095
51230,85.159.116.0,255.255.255.0,41095
34746,85.159.152.0,255.255.248.0,15412
28725,85.162.0.0,255.254.0.0,6939
47171,85.184.96.0,255.255.224.0,15412
204274,85.184.128.0,255.255.224.0,6939
42295,85.187.16.0,255.255.255.0,6939
34577,85.187.19.0,255.255.255.0,8966
48233,85.187.192.0,255.255.248.0,15412
39396,85.187.216.0,255.255.254.0,8966
196954,85.190.248.0,255.255.252.0,6939
61124,85.193.144.0,255.255.240.0,15412
211510,85.193.189.0,255.255.255.0,703
61189,85.194.200.0,255.255.252.0,8359
49282,85.194.204.0,255.255.252.0,6939
57073,85.198.76.0,255.255.252.0,8359
57008,85.198.88.0,255.255.252.0,41095
6702,85.198.128.0,255.255.192.0,8359
206245,85.199.204.0,255.255.255.0,6939
43031,85.202.0.0,255.255.240.0,8359
208817,85.202.60.0,255.255.252.0,6939
44454,85.202.144.0,255.255.240.0,15412
44622,85.202.224.0,255.255.240.0,8359
50840,85.204.27.0,255.255.255.0,4637
62162,85.204.43.0,255.255.255.0,15412
20722,85.204.44.0,255.255.255.0,703
201213,85.204.54.0,255.255.254.0,8359
58174,85.204.68.0,255.255.255.0,15412
34916,85.204.193.0,255.255.255.0,703
201096,85.206.144.0,255.255.254.0,6939
209378,85.208.0.0,255.255.252.0,6939
209252,85.208.28.0,255.255.255.0,6939
42275,85.208.68.0,255.255.252.0,35280
57773,85.208.80.0,255.255.252.0,15412
202047,85.208.140.0,255.255.255.0,6939
35426,85.208.144.0,255.255.252.0,4637
212131,85.208.168.0,255.255.252.0,6939
200735,85.208.236.0,255.255.255.0,6939
59699,85.208.241.0,255.255.255.0,6939
41336,85.209.12.0,255.255.255.0,8966
207167,85.209.28.0,255.255.252.0,4637
197833,85.209.64.0,255.255.255.0,6939
21030,85.209.68.0,255.255.255.0,41095
198721,85.209.112.0,255.255.252.0,6939
209148,85.209.184.0,255.255.252.0,6939
49377,85.209.212.0,255.255.252.0,8359
213622,85.209.223.0,255.255.255.0,4637
205581,85.209.240.0,255.255.255.0,15412
61098,85.217.160.0,255.255.252.0,35280
31490,85.217.188.0,255.255.255.0,8966
34368,85.217.192.0,255.255.255.0,8966
34781,85.218.0.0,255.255.128.0,35280
43153,85.219.208.0,255.255.254.0,6939
197431,85.232.225.0,255.255.255.0,703
202162,85.232.236.0,255.255.255.0,703
30725,85.232.244.0,255.255.255.0,8966
29505,85.233.0.0,255.255.224.0,35280
34790,85.234.64.0,255.255.224.0,6939
59437,85.234.64.0,255.255.255.0,35280
50532,85.234.102.0,255.255.254.0,8359
35032,85.236.160.0,255.255.240.0,8359
35053,85.237.64.0,255.255.252.0,6939
249,85.237.80.0,255.255.252.0,6939
56540,85.237.192.0,255.255.254.0,4637
42962,85.237.205.0,255.255.255.0,8966
24750,85.239.157.0,255.255.255.0,703
212974,85.248.36.0,255.255.255.0,6939
64488,85.248.78.0,255.255.255.0,6939
48798,85.254.172.0,255.255.255.0,6939
25190,85.255.48.0,255.255.240.0,6939
49074,85.255.112.0,255.255.252.0,4637
43848,85.255.145.0,255.255.255.0,6939
205714,86.32.0.0,255.254.0.0,703
29384,86.36.0.0,255.254.0.0,8966
34945,86.36.20.0,255.255.252.0,8966
198651,86.38.112.0,255.255.255.0,8359
1741,86.50.0.0,255.255.0.0,8966
198121,86.54.11.0,255.255.255.0,8966
48894,86.54.86.0,255.255.255.0,6939
50427,86.62.4.0,255.255.254.0,8359
60764,86.62.12.0,255.255.255.0,8359
209281,86.62.20.0,255.255.255.0,8966
31556,86.62.44.0,255.255.254.0,8359
42385,86.62.48.0,255.255.255.0,41095
3316,86.62.49.0,255.255.255.0,8359
60426,86.63.0.0,255.255.192.0,15412
35238,86.63.224.0,255.255.224.0,15412
34560,86.104.144.0,255.255.248.0,6939
15692,86.105.0.0,255.255.255.0,15412
57060,86.105.27.0,255.255.255.0,15412
200185,86.105.48.0,255.255.252.0,4637
49169,86.105.154.0,255.255.255.0,15412
62352,86.105.199.0,255.255.255.0,703
25311,86.105.206.0,255.255.254.0,15412
48427,86.106.17.0,255.255.255.0,8966
39543,86.106.81.0,255.255.255.0,15412
204213,86.106.142.0,255.255.255.0,8966
24749,86.106.188.0,255.255.252.0,6939
57142,86.107.30.0,255.255.255.0,39120
34847,86.107.76.0,255.255.255.0,15412
35263,86.109.64.0,255.255.248.0,6939
6882,86.109.128.0,255.255.224.0,8966
12348,86.109.224.0,255.255.224.0,15412
197140,86.110.211.0,255.255.255.0,15412
29545,86.111.32.0,255.255.248.0,15412
44472,86.111.52.0,255.255.254.0,6939
39608,86.111.88.0,255.255.248.0,8359
30923,86.111.96.0,255.255.224.0,6939
42877,86.111.200.0,255.255.255.0,6939
26478,86.117.47.0,255.255.255.0,4637
62044,87.58.66.0,255.255.254.0,8359
50716,87.76.0.0,255.255.240.0,8966
9205,87.76.128.0,255.255.128.0,8359
35760,87.101.16.0,255.255.240.0,6939
42266,87.101.32.0,255.255.248.0,6939
59102,87.101.96.0,255.255.248.0,4637
62367,87.107.134.0,255.255.254.0,8966
47697,87.118.141.0,255.255.255.0,8966
8470,87.118.192.0,255.255.192.0,8966
213887,87.120.92.0,255.255.255.0,41095
43548,87.120.99.0,255.255.255.0,8966
198890,87.120.100.0,255.255.252.0,703
16045,87.120.125.0,255.255.255.0,15412
263065,87.120.130.0,255.255.255.0,4637
41624,87.120.152.0,255.255.252.0,8966
42446,87.120.197.0,255.255.255.0,8966
60202,87.120.230.0,255.255.255.0,8966
215904,87.121.85.0,255.255.255.0,6939
132876,87.124.0.0,255.255.255.0,4637
41201,87.199.0.0,255.255.192.0,6939
59484,87.227.140.0,255.255.255.0,15412
44213,87.229.14.0,255.255.255.0,8966
44999,87.236.8.0,255.255.252.0,8359
206660,87.236.34.0,255.255.255.0,15412
35399,87.236.56.0,255.255.248.0,6939
210885,87.236.149.0,255.255.255.0,703
15886,87.236.184.0,255.255.248.0,8966
35834,87.237.32.0,255.255.254.0,4637
35768,87.237.40.0,255.255.248.0,8966
38936,87.237.74.0,255.255.255.0,4637
206141,87.237.160.0,255.255.252.0,6939
41047,87.237.165.0,255.255.255.0,6939
39311,87.237.200.0,255.255.255.0,8966
39029,87.238.32.0,255.255.224.0,8966
31084,87.238.72.0,255.255.248.0,6939
39151,87.238.112.0,255.255.248.0,4637
51776,87.238.137.0,255.255.255.0,8966
38942,87.239.40.0,255.255.248.0,6939
202513,87.239.52.0,255.255.252.0,6939
43558,87.239.120.0,255.255.255.0,8966
31298,87.239.152.0,255.255.248.0,8966
39489,87.239.176.0,255.255.248.0,6939
35311,87.242.0.0,255.255.192.0,6939
35401,87.244.0.0,255.255.248.0,8966
201996,87.246.41.0,255.255.255.0,35280
12346,87.246.224.0,255.255.240.0,6939
137989,87.247.160.0,255.255.248.0,9304
35807,87.248.224.0,255.255.224.0,6939
41925,87.249.192.0,255.255.224.0,8966
35558,87.249.224.0,255.255.224.0,8966
3226,87.250.0.0,255.255.224.0,15412
25488,87.250.64.0,255.255.224.0,6939
208573,87.250.212.0,255.255.255.0,8359
207978,87.250.222.0,255.255.255.0,8359
49993,87.251.76.0,255.255.255.0,8359
41187,87.251.92.0,255.255.254.0,8359
35729,87.252.96.0,255.255.248.0,8966
31143,87.252.225.0,255.255.255.0,8359
60337,87.252.240.0,255.255.255.0,8359
206813,87.253.188.0,255.255.255.0,15412
15925,87.253.248.0,255.255.248.0,6939
20915,87.254.0.0,255.255.224.0,6939
34683,87.254.96.0,255.255.224.0,6939
38930,87.255.32.0,255.255.224.0,15412
38917,87.255.224.0,255.255.224.0,8966
48579,88.80.8.0,255.255.252.0,6939
20657,88.80.131.0,255.255.255.0,8966
31127,88.80.224.0,255.255.224.0,6939
41549,88.84.0.0,255.255.224.0,6939
47680,88.87.160.0,255.255.224.0,35280
41307,88.133.192.0,255.255.224.0,15412
35129,88.135.0.0,255.255.240.0,41095
12403,88.135.80.0,255.255.240.0,8359
50188,88.135.160.0,255.255.240.0,6939
198004,88.135.180.0,255.255.252.0,6939
200668,88.135.184.0,255.255.255.0,6939
205392,88.135.185.0,255.255.255.0,6939
51101,88.135.186.0,255.255.255.0,703
206455,88.135.187.0,255.255.255.0,6939
30779,88.135.224.0,255.255.224.0,8359
8839,88.151.14.0,255.255.255.0,6939
210062,88.151.43.0,255.255.255.0,8966
44700,88.151.64.0,255.255.248.0,703
202293,88.151.118.0,255.255.255.0,41095
198352,88.151.120.0,255.255.248.0,6939
200176,88.199.53.0,255.255.255.0,703
200574,88.199.101.0,255.255.255.0,6939
2107,88.200.0.0,255.255.128.0,4637
44811,88.204.110.0,255.255.254.0,15412
16316,88.209.0.0,255.255.192.0,35280
30815,88.209.128.0,255.255.252.0,8966
206361,88.209.193.0,255.255.255.0,6939
25308,88.210.1.0,255.255.255.0,8359
205784,88.210.29.0,255.255.255.0,8359
42841,88.212.0.0,255.255.192.0,6939
35042,88.214.25.0,255.255.255.0,6939
209275,88.214.40.0,255.255.255.0,35280
214128,88.214.55.0,255.255.255.0,6939
213953,88.218.16.0,255.255.255.0,8966
48988,88.218.68.0,255.255.252.0,41095
60733,88.218.136.0,255.255.255.0,8966
13004,88.218.139.0,255.255.255.0,8966
211025,88.220.58.0,255.255.255.0,4637
39599,88.220.116.0,255.255.255.0,703
201113,88.220.154.0,255.255.255.0,6939
31108,88.221.82.0,255.255.255.0,8359
50226,89.16.192.0,255.255.255.0,6939
41651,89.17.160.0,255.255.255.0,8966
43923,89.17.162.0,255.255.255.0,8966
41454,89.18.32.0,255.255.254.0,703
41401,89.18.96.0,255.255.224.0,15412
15930,89.18.128.0,255.255.224.0,8966
25505,89.19.96.0,255.255.240.0,8359
21312,89.19.120.0,255.255.248.0,8359
62314,89.20.37.0,255.255.255.0,41095
41480,89.20.64.0,255.255.224.0,6939
205771,89.21.65.0,255.255.255.0,6939
44894,89.21.76.0,255.255.255.0,8359
41695,89.21.224.0,255.255.224.0,6939
57055,89.22.32.0,255.255.248.0,6939
29382,89.22.40.0,255.255.248.0,4637
59693,89.22.52.0,255.255.252.0,8359
212325,89.22.64.0,255.255.224.0,4637
49893,89.22.128.0,255.255.224.0,8359
213669,89.22.195.0,255.255.255.0,6939
57101,89.22.208.0,255.255.248.0,6939
34858,89.23.121.0,255.255.255.0,8966
211134,89.23.122.0,255.255.255.0,8359
204949,89.23.125.0,255.255.255.0,6939
42541,89.23.224.0,255.255.224.0,6939
49737,89.25.32.0,255.255.255.0,4637
13065,89.28.224.0,255.255.248.0,6939
216003,89.29.252.0,255.255.255.0,6939
60331,89.30.106.0,255.255.255.0,8966
16278,89.30.224.0,255.255.252.0,4637
41639,89.31.80.0,255.255.248.0,8359
206173,89.31.214.0,255.255.254.0,6939
262182,89.32.178.0,255.255.255.0,6939
39277,89.32.216.0,255.255.248.0,6939
35584,89.33.96.0,255.255.252.0,15412
59703,89.33.129.0,255.255.255.0,8966
39391,89.33.176.0,255.255.255.0,15412
39205,89.33.253.0,255.255.255.0,15412
209267,89.34.174.0,255.255.255.0,6939
197212,89.35.36.0,255.255.254.0,6939
51095,89.35.237.0,255.255.255.0,8966
41913,89.36.170.0,255.255.254.0,41095
60907,89.36.174.0,255.255.255.0,6939
206382,89.36.192.0,255.255.255.0,6939
203929,89.37.56.0,255.255.255.0,15412
50424,89.37.141.0,255.255.255.0,6939
34740,89.38.48.0,255.255.255.0,703
212699,89.38.105.0,255.255.255.0,6939
44974,89.38.112.0,255.255.254.0,6939
212394,89.38.154.0,255.255.255.0,8966
200773,89.38.176.0,255.255.248.0,8966
41635,89.38.208.0,255.255.252.0,6939
204373,89.39.108.0,255.255.255.0,703
200125,89.39.168.0,255.255.252.0,6939
33823,89.39.203.0,255.255.255.0,6939
61279,89.40.20.0,255.255.255.0,15412
214418,89.40.27.0,255.255.255.0,6939
197483,89.40.80.0,255.255.255.0,8966
48537,89.40.184.0,255.255.248.0,6939
41953,89.40.196.0,255.255.252.0,15412
60118,89.42.26.0,255.255.255.0,6939
203230,89.42.160.0,255.255.254.0,6939
204930,89.42.163.0,255.255.255.0,6939
42405,89.42.200.0,255.255.252.0,15412
61250,89.43.14.0,255.255.254.0,8966
41151,89.43.16.0,255.255.252.0,6939
42786,89.43.175.0,255.255.255.0,6939
13287,89.44.33.0,255.255.255.0,6939
207752,89.44.140.0,255.255.255.0,6939
12842,89.44.160.0,255.255.255.0,6939
214330,89.44.246.0,255.255.255.0,15412
24592,89.45.36.0,255.255.252.0,6939
205139,89.45.216.0,255.255.252.0,6939
51492,89.46.121.0,255.255.255.0,35280
44826,89.46.208.0,255.255.248.0,6939
199451,89.47.171.0,255.255.255.0,6939
5430,89.58.120.0,255.255.248.0,4637
39033,89.104.114.0,255.255.255.0,8359
51346,89.104.121.0,255.255.255.0,8359
16186,89.105.48.0,255.255.240.0,6939
39785,89.105.136.0,255.255.248.0,8359
39555,89.105.160.0,255.255.224.0,6939
42248,89.106.96.0,255.255.255.0,6939
50554,89.106.160.0,255.255.248.0,6939
8677,89.106.184.0,255.255.255.0,4637
44895,89.106.192.0,255.255.248.0,8359
202269,89.106.206.0,255.255.255.0,8966
39837,89.106.208.0,255.255.248.0,6939
48638,89.106.240.0,255.255.248.0,6939
39808,89.107.88.0,255.255.248.0,6939
39821,89.107.120.0,255.255.248.0,8359
24989,89.110.128.0,255.255.192.0,35280
39791,89.111.64.0,255.255.192.0,6939
50919,89.116.175.0,255.255.255.0,703
202660,89.126.208.0,255.255.252.0,8359
132847,89.147.120.0,255.255.252.0,4637
21502,89.157.88.0,255.255.248.0,15412
39375,89.161.0.0,255.255.252.0,6939
13046,89.164.0.0,255.255.0.0,703
216322,89.169.64.0,255.255.240.0,41095
48061,89.169.92.0,255.255.252.0,8359
212312,89.184.58.0,255.255.255.0,4637
60860,89.185.8.0,255.255.255.0,8359
39735,89.185.64.0,255.255.255.0,8359
57842,89.185.65.0,255.255.255.0,8359
41678,89.185.128.0,255.255.248.0,6939
39766,89.185.192.0,255.255.224.0,703
39716,89.186.0.0,255.255.254.0,703
42667,89.186.2.0,255.255.255.0,6939
213804,89.186.23.0,255.255.255.0,6939
39810,89.187.0.0,255.255.254.0,4637
47860,89.188.160.0,255.255.255.0,41095
59574,89.188.168.0,255.255.252.0,8966
199319,89.188.222.0,255.255.254.0,703
8371,89.189.0.0,255.255.224.0,8966
41349,89.189.96.0,255.255.224.0,8359
199087,89.190.0.0,255.255.224.0,6939
210139,89.190.32.0,255.255.248.0,6939
49489,89.190.144.0,255.255.252.0,35280
12831,89.191.160.0,255.255.240.0,6939
30753,89.200.144.0,255.255.248.0,703
49021,89.200.245.0,255.255.255.0,6939
34312,89.200.248.0,255.255.248.0,8359
29649,89.206.0.0,255.255.192.0,6939
201863,89.207.12.0,255.255.255.0,35280
41073,89.207.56.0,255.255.248.0,6939
41160,89.207.104.0,255.255.255.0,15412
21215,89.207.192.0,255.255.248.0,6939
196810,89.207.232.0,255.255.248.0,35280
213780,89.208.119.0,255.255.255.0,41095
42569,89.208.120.0,255.255.254.0,8359
262725,89.213.41.0,255.255.255.0,8966
42596,89.221.0.0,255.255.240.0,8966
50733,89.221.80.0,255.255.252.0,8966
41881,89.221.84.0,255.255.252.0,8966
34123,89.222.128.0,255.255.128.0,8359
50668,89.222.180.0,255.255.252.0,41095
31576,89.234.129.0,255.255.255.0,15412
198978,89.234.130.0,255.255.255.0,15412
199881,89.234.132.0,255.255.255.0,6939
199396,89.234.136.0,255.255.254.0,6939
200162,89.234.152.0,255.255.255.0,35280
197422,89.234.156.0,255.255.254.0,6939
205669,89.234.160.0,255.255.255.0,4637
206059,89.234.188.0,255.255.255.0,35280
41006,89.234.192.0,255.255.240.0,4637
203362,89.234.207.0,255.255.255.0,6939
39571,89.235.64.0,255.255.252.0,8966
41356,89.238.0.0,255.255.192.0,6939
50087,89.248.72.0,255.255.248.0,6939
48348,89.248.96.0,255.255.240.0,6939
200044,89.249.16.0,255.255.240.0,8966
2848,89.249.160.0,255.255.240.0,8359
47709,89.249.239.0,255.255.255.0,8359
31370,89.249.240.0,255.255.240.0,8359
29303,89.250.208.0,255.255.248.0,8966
41469,89.250.224.0,255.255.240.0,8359
41453,89.250.240.0,255.255.240.0,6939
42332,89.251.112.0,255.255.252.0,35280
30892,89.251.224.0,255.255.240.0,35280
205343,89.252.206.0,255.255.255.0,8966
41601,89.255.64.0,255.255.224.0,8966
13215,89.255.96.0,255.255.255.0,8966
54238,89.255.208.0,255.255.248.0,8966
59865,89.255.216.0,255.255.248.0,4637
2280,90.84.11.0,255.255.255.0,6939
137,90.147.0.0,255.255.0.0,4637
59620,90.154.224.0,255.255.255.0,703
44578,90.156.220.0,255.255.254.0,8966
9021,90.158.0.0,255.255.0.0,8966
41631,91.90.8.0,255.255.248.0,8359
13307,91.90.16.0,255.255.248.0,8359
42039,91.90.56.0,255.255.248.0,6939
49787,91.90.112.0,255.255.248.0,6939
33901,91.90.160.0,255.255.255.0,6939
15372,91.90.167.0,255.255.255.0,6939
12496,91.90.171.0,255.255.255.0,15412
206066,91.90.198.0,255.255.254.0,41095
57487,91.90.212.0,255.255.252.0,8966
62106,91.92.55.0,255.255.255.0,15412
204281,91.92.162.0,255.255.254.0,8966
41741,91.102.24.0,255.255.248.0,8966
8518,91.102.96.0,255.255.248.0,8966
41904,91.102.216.0,255.255.252.0,8359
196659,91.102.232.0,255.255.255.0,8966
28693,91.103.8.0,255.255.255.0,6939
41935,91.103.40.0,255.255.255.0,4637
24689,91.103.72.0,255.255.248.0,41095
50468,91.103.84.0,255.255.255.0,15412
209694,91.103.87.0,255.255.255.0,6939
51399,91.103.144.0,255.255.252.0,6939
205111,91.103.153.0,255.255.255.0,8966
42000,91.103.160.0,255.255.248.0,6939
42009,91.103.176.0,255.255.248.0,8966
25511,91.103.196.0,255.255.252.0,8359
211157,91.105.192.0,255.255.254.0,6939
199103,91.105.200.0,255.255.252.0,6939
205430,91.106.28.0,255.255.255.0,6939
198930,91.106.128.0,255.255.192.0,6939
58326,91.106.208.0,255.255.248.0,35280
26356,91.106.220.0,255.255.255.0,15412
48781,91.107.0.0,255.255.192.0,8966
62041,91.108.4.0,255.255.252.0,6939
59930,91.108.12.0,255.255.252.0,6939
62014,91.108.16.0,255.255.252.0,24482
44907,91.108.20.0,255.255.252.0,15412
57246,91.108.41.0,255.255.255.0,8966
43106,91.108.44.0,255.255.252.0,8966
201664,91.108.190.0,255.255.255.0,8966
49779,91.109.64.0,255.255.224.0,41095
58308,91.109.120.0,255.255.248.0,6939
57300,91.109.168.0,255.255.255.0,4637
49924,91.109.192.0,255.255.248.0,15412
58310,91.109.224.0,255.255.254.0,8966
59953,91.109.232.0,255.255.248.0,6939
8302,91.123.96.0,255.255.240.0,6939
51792,91.123.176.0,255.255.240.0,6939
51648,91.123.179.0,255.255.255.0,6939
213615,91.124.1.0,255.255.255.0,6939
209474,91.124.63.0,255.255.255.0,4637
205678,91.132.8.0,255.255.252.0,35280
201983,91.132.52.0,255.255.252.0,6939
209707,91.132.76.0,255.255.252.0,703
51904,91.132.104.0,255.255.252.0,8359
57511,91.132.164.0,255.255.255.0,4637
199758,91.132.252.0,255.255.252.0,4637
41898,91.135.16.0,255.255.240.0,6939
204672,91.137.80.0,255.255.252.0,6939
3225,91.140.128.0,255.255.128.0,8966
42344,91.142.32.0,255.255.240.0,6939
43843,91.142.64.0,255.255.248.0,6939
41722,91.142.80.0,255.255.255.0,8966
28994,91.142.160.0,255.255.240.0,8359
60213,91.145.32.0,255.255.224.0,15412
49711,91.149.171.0,255.255.255.0,8359
208407,91.149.176.0,255.255.255.0,8359
42673,91.150.160.0,255.255.240.0,6939
203086,91.150.190.0,255.255.255.0,6939
50061,91.151.24.0,255.255.248.0,6939
42852,91.151.224.0,255.255.252.0,703
34225,91.184.32.0,255.255.240.0,6939
41828,91.185.192.0,255.255.224.0,6939
13092,91.187.128.0,255.255.224.0,4637
12903,91.188.192.0,255.255.255.0,8966
140736,91.188.204.0,255.255.252.0,4637
200513,91.188.245.0,255.255.255.0,8359
42227,91.189.64.0,255.255.248.0,6939
35602,91.189.128.0,255.255.255.0,6939
201250,91.190.64.0,255.255.240.0,8359
34102,91.190.112.0,255.255.240.0,8966
42291,91.192.20.0,255.255.252.0,41095
34393,91.192.56.0,255.255.252.0,6939
42377,91.192.68.0,255.255.252.0,8359
35824,91.192.72.0,255.255.255.0,41095
211392,91.192.107.0,255.255.255.0,8966
47143,91.192.116.0,255.255.252.0,703
31633,91.192.128.0,255.255.252.0,8359
57478,91.192.144.0,255.255.252.0,6939
42518,91.192.188.0,255.255.252.0,6939
42552,91.192.204.0,255.255.252.0,6939
42576,91.192.224.0,255.255.255.0,8966
48157,91.192.228.0,255.255.252.0,6939
62290,91.193.54.0,255.255.255.0,6939
198884,91.193.73.0,255.255.255.0,8966
42723,91.193.80.0,255.255.252.0,8359
62119,91.193.91.0,255.255.255.0,35280
33951,91.193.96.0,255.255.252.0,6939
50812,91.193.106.0,255.255.254.0,6939
42798,91.193.124.0,255.255.252.0,8359
42555,91.193.156.0,255.255.252.0,15412
29491,91.193.164.0,255.255.252.0,4637
215699,91.193.195.0,255.255.255.0,8359
42914,91.193.208.0,255.255.252.0,6939
42892,91.193.220.0,255.255.252.0,8359
42916,91.193.236.0,255.255.252.0,8966
58188,91.193.244.0,255.255.252.0,6939
199408,91.194.0.0,255.255.254.0,15412
51520,91.194.2.0,255.255.254.0,8359
44504,91.194.68.0,255.255.255.0,6939
201434,91.194.138.0,255.255.255.0,6939
61078,91.194.156.0,255.255.254.0,6939
28761,91.194.163.0,255.255.255.0,8966
12509,91.194.176.0,255.255.255.0,35280
50636,91.194.184.0,255.255.255.0,8966
8308,91.194.210.0,255.255.254.0,8966
43366,91.194.224.0,255.255.254.0,6939
43399,91.194.226.0,255.255.254.0,8359
48293,91.194.246.0,255.255.254.0,8359
42352,91.194.250.0,255.255.254.0,6939
52191,91.195.10.0,255.255.254.0,4637
43473,91.195.14.0,255.255.254.0,6939
60092,91.195.24.0,255.255.255.0,703
203741,91.195.46.0,255.255.254.0,6939
60777,91.195.69.0,255.255.255.0,8359
43623,91.195.78.0,255.255.254.0,6939
59545,91.195.118.0,255.255.254.0,6939
43712,91.195.128.0,255.255.254.0,8966
43798,91.195.170.0,255.255.255.0,8359
43896,91.195.215.0,255.255.255.0,8359
16190,91.195.255.0,255.255.255.0,41095
42981,91.196.8.0,255.255.252.0,6939
42991,91.196.36.0,255.255.252.0,8966
39464,91.196.44.0,255.255.252.0,6939
198909,91.196.56.0,255.255.252.0,6939
43060,91.196.76.0,255.255.254.0,8359
43067,91.196.80.0,255.255.252.0,6939
24812,91.196.96.0,255.255.252.0,8359
201637,91.196.108.0,255.255.252.0,6939
35795,91.196.120.0,255.255.252.0,4637
43133,91.196.132.0,255.255.255.0,4637
49321,91.196.155.0,255.255.255.0,6939
43418,91.197.48.0,255.255.255.0,6939
35025,91.197.64.0,255.255.252.0,15412
43465,91.197.76.0,255.255.252.0,41095
43495,91.197.88.0,255.255.252.0,15412
57753,91.197.104.0,255.255.252.0,8966
8870,91.197.128.0,255.255.254.0,4637
43576,91.197.144.0,255.255.252.0,8359
12963,91.197.168.0,255.255.252.0,4637
43668,91.197.184.0,255.255.252.0,8359
199201,91.197.224.0,255.255.252.0,6939
200363,91.197.232.0,255.255.255.0,4637
56441,91.197.241.0,255.255.255.0,6939
198018,91.198.24.0,255.255.255.0,8966
43306,91.198.34.0,255.255.255.0,8359
43405,91.198.36.0,255.255.255.0,6939
201754,91.198.56.0,255.255.255.0,6939
43656,91.198.83.0,255.255.255.0,6939
43625,91.198.84.0,255.255.255.0,4637
201661,91.198.94.0,255.255.255.0,6939
50607,91.198.97.0,255.255.255.0,6939
8489,91.198.114.0,255.255.255.0,4637
200553,91.198.141.0,255.255.255.0,6939
41618,91.198.150.0,255.255.255.0,6939
56368,91.198.172.0,255.255.255.0,6939
43941,91.198.186.0,255.255.255.0,8966
201647,91.198.191.0,255.255.255.0,6939
43858,91.198.199.0,255.255.255.0,4637
49743,91.198.209.0,255.255.255.0,4637
198216,91.198.217.0,255.255.255.0,8966
48648,91.198.233.0,255.255.255.0,4637
206924,91.198.241.0,255.255.255.0,15412
203684,91.199.9.0,255.255.255.0,8966
47267,91.199.17.0,255.255.255.0,8966
25373,91.199.31.0,255.255.255.0,6939
204453,91.199.54.0,255.255.255.0,8359
210626,91.199.70.0,255.255.255.0,6939
44306,91.199.77.0,255.255.255.0,6939
34485,91.199.80.0,255.255.255.0,8966
20552,91.199.97.0,255.255.255.0,6939
198249,91.199.98.0,255.255.255.0,6939
206002,91.199.103.0,255.255.255.0,35280
204922,91.199.113.0,255.255.255.0,703
47828,91.199.134.0,255.255.255.0,4637
44482,91.199.138.0,255.255.255.0,6939
44495,91.199.139.0,255.255.255.0,8359
215205,91.199.146.0,255.255.255.0,6939
31462,91.199.156.0,255.255.255.0,8966
44608,91.199.177.0,255.255.255.0,6939
44595,91.199.178.0,255.255.255.0,41095
39399,91.199.194.0,255.255.255.0,8359
35723,91.199.196.0,255.255.255.0,8966
12732,91.199.214.0,255.255.255.0,15412
57118,91.199.218.0,255.255.255.0,35280
44842,91.199.234.0,255.255.255.0,6939
44401,91.200.62.0,255.255.255.0,8359
199250,91.200.68.0,255.255.255.0,703
43803,91.200.76.0,255.255.254.0,6939
197217,91.200.78.0,255.255.254.0,6939
198317,91.200.104.0,255.255.252.0,6939
48957,91.200.113.0,255.255.255.0,8359
43942,91.200.128.0,255.255.252.0,6939
202165,91.200.158.0,255.255.255.0,8359
44000,91.200.204.0,255.255.252.0,6939
44027,91.200.216.0,255.255.252.0,8359
22160,91.200.221.0,255.255.255.0,55720
44041,91.200.224.0,255.255.252.0,41095
197672,91.200.236.0,255.255.252.0,6939
47618,91.201.26.0,255.255.255.0,8359
41600,91.201.36.0,255.255.252.0,4637
44157,91.201.80.0,255.255.255.0,15412
29031,91.201.108.0,255.255.254.0,41095
44278,91.201.132.0,255.255.252.0,8966
35213,91.201.168.0,255.255.255.0,6939
44383,91.201.180.0,255.255.252.0,8359
44411,91.201.188.0,255.255.252.0,8359
202779,91.201.220.0,255.255.255.0,6939
44484,91.201.228.0,255.255.252.0,8966
59577,91.201.232.0,255.255.252.0,6939
31725,91.201.240.0,255.255.252.0,8359
29443,91.202.0.0,255.255.252.0,8359
44532,91.202.36.0,255.255.255.0,8359
44640,91.202.44.0,255.255.252.0,41095
20609,91.202.52.0,255.255.252.0,6939
44655,91.202.124.0,255.255.252.0,6939
13032,91.202.128.0,255.255.252.0,4637
213996,91.202.132.0,255.255.252.0,15412
44664,91.202.144.0,255.255.252.0,4637
44674,91.202.148.0,255.255.252.0,15412
57717,91.202.208.0,255.255.255.0,6939
35787,91.202.228.0,255.255.252.0,703
200593,91.202.233.0,255.255.255.0,41095
44827,91.203.24.0,255.255.252.0,8359
62255,91.203.28.0,255.255.255.0,41095
203347,91.203.100.0,255.255.252.0,6939
47283,91.203.164.0,255.255.252.0,15412
47133,91.203.188.0,255.255.255.0,8966
202994,91.203.221.0,255.255.255.0,6939
57239,91.203.223.0,255.255.255.0,8966
31371,91.204.4.0,255.255.252.0,6939
13178,91.204.20.0,255.255.255.0,41095
60195,91.204.28.0,255.255.252.0,6939
47363,91.204.56.0,255.255.252.0,8359
47333,91.204.68.0,255.255.252.0,8966
20292,91.204.73.0,255.255.255.0,6939
41930,91.204.88.0,255.255.252.0,8966
47379,91.204.108.0,255.255.252.0,8359
42765,91.204.148.0,255.255.252.0,8966
206314,91.204.152.0,255.255.252.0,6939
41554,91.204.164.0,255.255.252.0,41095
48151,91.204.192.0,255.255.252.0,6939
205960,91.204.224.0,255.255.255.0,9304
8788,91.205.16.0,255.255.252.0,8359
60809,91.205.20.0,255.255.252.0,6939
6833,91.205.28.0,255.255.252.0,15412
62298,91.205.40.0,255.255.255.0,6939
41508,91.205.72.0,255.255.252.0,703
47850,91.205.88.0,255.255.252.0,15412
47820,91.205.116.0,255.255.254.0,6939
47923,91.205.144.0,255.255.252.0,8359
48004,91.205.157.0,255.255.255.0,8359
51880,91.205.160.0,255.255.255.0,8966
204267,91.205.198.0,255.255.255.0,8966
58309,91.205.204.0,255.255.252.0,8359
48043,91.205.236.0,255.255.252.0,15412
43380,91.206.3.0,255.255.255.0,6939
29074,91.206.4.0,255.255.254.0,4637
47302,91.206.24.0,255.255.254.0,15412
42331,91.206.30.0,255.255.254.0,8359
60052,91.206.35.0,255.255.255.0,7713
20889,91.206.38.0,255.255.254.0,6939
57501,91.206.58.0,255.255.255.0,41095
34241,91.206.66.0,255.255.254.0,8966
41108,91.206.76.0,255.255.254.0,15412
47613,91.206.88.0,255.255.254.0,8359
47656,91.206.148.0,255.255.254.0,8966
47657,91.206.150.0,255.255.255.0,6939
50767,91.206.154.0,255.255.254.0,6939
47698,91.206.174.0,255.255.254.0,15412
47790,91.206.210.0,255.255.255.0,703
47809,91.206.218.0,255.255.254.0,8359
209428,91.206.229.0,255.255.255.0,703
207606,91.206.231.0,255.255.255.0,6939
47884,91.206.244.0,255.255.254.0,703
47955,91.206.248.0,255.255.255.0,8966
52112,91.207.13.0,255.255.255.0,6939
48742,91.207.68.0,255.255.254.0,6939
48339,91.207.134.0,255.255.254.0,15412
51241,91.207.138.0,255.255.254.0,8966
21150,91.207.162.0,255.255.254.0,6939
57643,91.207.166.0,255.255.254.0,6939
59622,91.207.178.0,255.255.255.0,15412
203821,91.207.184.0,255.255.255.0,703
205206,91.207.214.0,255.255.254.0,6939
207114,91.207.249.0,255.255.255.0,6939
56418,91.208.6.0,255.255.255.0,6939
8283,91.208.34.0,255.255.255.0,6939
47957,91.208.51.0,255.255.255.0,4637
47705,91.208.97.0,255.255.255.0,4637
47810,91.208.144.0,255.255.255.0,8966
49408,91.208.148.0,255.255.255.0,7713
199624,91.208.171.0,255.255.255.0,41095
47836,91.208.175.0,255.255.255.0,4637
47900,91.208.194.0,255.255.255.0,4637
47919,91.208.198.0,255.255.255.0,8359
138398,91.208.208.0,255.255.255.0,4637
8587,91.208.251.0,255.255.255.0,6939
48115,91.209.8.0,255.255.255.0,8966
48094,91.209.11.0,255.255.255.0,8359
212073,91.209.16.0,255.255.255.0,15412
48239,91.209.51.0,255.255.255.0,6939
48229,91.209.55.0,255.255.255.0,8359
48488,91.209.91.0,255.255.255.0,41095
211000,91.209.94.0,255.255.255.0,15412
207697,91.209.97.0,255.255.255.0,8966
211430,91.209.105.0,255.255.255.0,6939
43048,91.209.119.0,255.255.255.0,41095
48349,91.209.122.0,255.255.255.0,8359
48366,91.209.124.0,255.255.255.0,6939
48408,91.209.133.0,255.255.255.0,6939
48428,91.209.152.0,255.255.255.0,8966
47127,91.209.191.0,255.255.255.0,6939
50399,91.209.213.0,255.255.255.0,6939
51780,91.209.233.0,255.255.255.0,41095
62313,91.209.240.0,255.255.255.0,4637
42934,91.209.255.0,255.255.255.0,15412
25538,91.210.72.0,255.255.252.0,35280
50712,91.210.96.0,255.255.252.0,8966
204288,91.210.110.0,255.255.255.0,8359
48243,91.210.116.0,255.255.252.0,6939
203447,91.210.117.0,255.255.255.0,8359
57780,91.210.153.0,255.255.255.0,6939
48354,91.210.204.0,255.255.252.0,8966
48371,91.210.228.0,255.255.252.0,8359
216029,91.210.236.0,255.255.255.0,6939
203765,91.210.238.0,255.255.255.0,6939
41835,91.210.244.0,255.255.252.0,703
48480,91.211.48.0,255.255.252.0,703
48507,91.211.56.0,255.255.252.0,8359
199020,91.211.92.0,255.255.252.0,8966
48634,91.211.156.0,255.255.252.0,8966
12565,91.211.164.0,255.255.252.0,4637
48719,91.211.208.0,255.255.252.0,8966
48720,91.211.216.0,255.255.252.0,8359
39566,91.211.220.0,255.255.252.0,6939
13172,91.211.232.0,255.255.255.0,8966
199236,91.211.240.0,255.255.255.0,15412
61053,91.211.244.0,255.255.252.0,8966
31129,91.211.252.0,255.255.252.0,8966
42100,91.212.13.0,255.255.255.0,15412
201953,91.212.25.0,255.255.255.0,6939
44386,91.212.64.0,255.255.255.0,8966
35115,91.212.84.0,255.255.255.0,6939
30885,91.212.110.0,255.255.255.0,6939
49983,91.212.196.0,255.255.255.0,6939
49359,91.212.214.0,255.255.255.0,4637
49370,91.212.223.0,255.255.255.0,6939
49420,91.212.242.0,255.255.255.0,8966
213576,91.213.28.0,255.255.255.0,8966
49638,91.213.30.0,255.255.255.0,4637
24776,91.213.41.0,255.255.255.0,8966
51028,91.213.44.0,255.255.255.0,8359
48559,91.213.108.0,255.255.255.0,703
39928,91.213.149.0,255.255.255.0,15412
43201,91.213.155.0,255.255.255.0,41095
49730,91.213.169.0,255.255.255.0,8359
48099,91.213.176.0,255.255.255.0,41095
49883,91.213.187.0,255.255.255.0,8359
203596,91.213.223.0,255.255.255.0,6939
204881,91.213.235.0,255.255.255.0,6939
61430,91.213.252.0,255.255.255.0,6939
50349,91.214.0.0,255.255.252.0,6939
196705,91.214.128.0,255.255.252.0,8359
47898,91.214.136.0,255.255.252.0,8359
49531,91.214.204.0,255.255.252.0,8359
196610,91.214.253.0,255.255.255.0,6939
57981,91.215.56.0,255.255.252.0,8359
43407,91.215.100.0,255.255.255.0,6939
43270,91.215.108.0,255.255.252.0,8966
41082,91.215.128.0,255.255.252.0,8359
34612,91.215.148.0,255.255.252.0,6939
41477,91.215.164.0,255.255.252.0,4637
48757,91.215.172.0,255.255.252.0,8966
49070,91.215.196.0,255.255.252.0,41095
49724,91.215.220.0,255.255.252.0,8966
49722,91.215.224.0,255.255.252.0,41095
196776,91.215.236.0,255.255.252.0,6939
50171,91.216.0.0,255.255.255.0,7713
50893,91.216.1.0,255.255.255.0,6939
8375,91.216.33.0,255.255.255.0,15412
208772,91.216.35.0,255.255.255.0,15412
48303,91.216.44.0,255.255.255.0,6939
205229,91.216.71.0,255.255.255.0,4637
50991,91.216.78.0,255.255.255.0,6939
41666,91.216.79.0,255.255.255.0,4637
196967,91.216.111.0,255.255.255.0,6939
51094,91.216.144.0,255.255.255.0,4637
197099,91.216.149.0,255.255.255.0,6939
59415,91.216.194.0,255.255.255.0,6939
13273,91.216.209.0,255.255.255.0,6939
197181,91.216.213.0,255.255.255.0,703
51224,91.216.216.0,255.255.255.0,4637
51240,91.216.225.0,255.255.255.0,15412
50446,91.216.234.0,255.255.255.0,4637
62239,91.216.247.0,255.255.255.0,15412
51413,91.216.249.0,255.255.255.0,15412
39728,91.217.4.0,255.255.254.0,8359
197218,91.217.12.0,255.255.254.0,8359
201603,91.217.32.0,255.255.254.0,4637
197251,91.217.58.0,255.255.255.0,8359
51460,91.217.64.0,255.255.254.0,8966
51589,91.217.104.0,255.255.254.0,6939
21449,91.217.128.0,255.255.255.0,35280
198333,91.217.141.0,255.255.255.0,35280
196945,91.217.155.0,255.255.255.0,6939
210685,91.217.163.0,255.255.255.0,8966
51517,91.217.208.0,255.255.255.0,35280
198463,91.217.209.0,255.255.255.0,6939
202933,91.217.213.0,255.255.255.0,35280
39255,91.217.217.0,255.255.255.0,6939
197273,91.217.220.0,255.255.255.0,8359
197274,91.217.224.0,255.255.255.0,6939
213172,91.217.240.0,255.255.255.0,6939
197648,91.217.246.0,255.255.255.0,41095
29655,91.217.247.0,255.255.255.0,6939
51225,91.218.4.0,255.255.252.0,41095
211186,91.218.22.0,255.255.255.0,6939
2613,91.218.38.0,255.255.255.0,35280
197162,91.218.60.0,255.255.252.0,6939
198001,91.218.68.0,255.255.252.0,6939
39199,91.218.88.0,255.255.252.0,8359
57661,91.218.92.0,255.255.252.0,41095
51279,91.218.96.0,255.255.252.0,8359
59533,91.218.100.0,255.255.255.0,8966
35526,91.218.108.0,255.255.255.0,8966
62355,91.218.182.0,255.255.255.0,15412
51380,91.218.192.0,255.255.255.0,8359
34223,91.218.220.0,255.255.255.0,41095
50398,91.219.44.0,255.255.252.0,703
51528,91.219.52.0,255.255.252.0,8359
197275,91.219.56.0,255.255.252.0,41095
51597,91.219.80.0,255.255.252.0,6939
51612,91.219.96.0,255.255.252.0,8359
51948,91.219.104.0,255.255.252.0,6939
197318,91.219.128.0,255.255.252.0,6939
16323,91.219.160.0,255.255.255.0,41095
15461,91.219.220.0,255.255.252.0,6939
51744,91.219.244.0,255.255.252.0,4637
211671,91.220.10.0,255.255.255.0,4637
28924,91.220.29.0,255.255.255.0,6939
200200,91.220.41.0,255.255.255.0,703
51677,91.220.45.0,255.255.255.0,4637
51689,91.220.48.0,255.255.255.0,15412
197357,91.220.63.0,255.255.255.0,15412
9208,91.220.68.0,255.255.255.0,4637
59905,91.220.77.0,255.255.255.0,6939
51752,91.220.88.0,255.255.255.0,6939
51768,91.220.99.0,255.255.255.0,35280
57508,91.220.110.0,255.255.255.0,6939
212030,91.220.112.0,255.255.255.0,8359
50311,91.220.131.0,255.255.255.0,6939
51823,91.220.132.0,255.255.255.0,6939
205998,91.220.146.0,255.255.255.0,41095
29186,91.220.174.0,255.255.255.0,8359
197447,91.220.205.0,255.255.255.0,703
215174,91.220.212.0,255.255.255.0,41095
197473,91.220.228.0,255.255.255.0,35280
50864,91.220.235.0,255.255.255.0,8359
51635,91.221.0.0,255.255.254.0,8966
42787,91.221.24.0,255.255.254.0,8966
50916,91.221.48.0,255.255.254.0,8359
49168,91.221.74.0,255.255.254.0,4637
36791,91.221.94.0,255.255.254.0,8966
51839,91.221.104.0,255.255.254.0,6939
51903,91.221.124.0,255.255.254.0,8359
51957,91.221.156.0,255.255.254.0,8359
52008,91.221.176.0,255.255.254.0,8966
52003,91.221.178.0,255.255.255.0,4637
13094,91.221.180.0,255.255.254.0,6939
52010,91.221.189.0,255.255.255.0,8966
197482,91.221.198.0,255.255.254.0,8359
208072,91.221.240.0,255.255.255.0,8966
56699,91.221.242.0,255.255.254.0,15412
51874,91.222.16.0,255.255.252.0,8359
51960,91.222.24.0,255.255.252.0,15412
198346,91.222.52.0,255.255.255.0,6939
43113,91.222.56.0,255.255.252.0,6939
51972,91.222.60.0,255.255.252.0,8359
52078,91.222.124.0,255.255.252.0,8966
197479,91.222.144.0,255.255.252.0,6939
197502,91.222.160.0,255.255.252.0,6939
41247,91.222.184.0,255.255.255.0,8966
52153,91.222.192.0,255.255.252.0,15412
52180,91.222.244.0,255.255.252.0,8359
59670,91.223.4.0,255.255.255.0,6939
61159,91.223.19.0,255.255.255.0,8359
60191,91.223.31.0,255.255.255.0,703
197551,91.223.40.0,255.255.255.0,6939
199381,91.223.57.0,255.255.255.0,6939
35199,91.223.64.0,255.255.255.0,15412
200565,91.223.87.0,255.255.255.0,6939
196863,91.223.88.0,255.255.255.0,8359
56358,91.223.98.0,255.255.255.0,8966
197579,91.223.113.0,255.255.255.0,6939
50057,91.223.146.0,255.255.255.0,8966
5404,91.223.147.0,255.255.255.0,6939
56475,91.223.175.0,255.255.255.0,6939
56743,91.223.179.0,255.255.255.0,35280
30931,91.223.203.0,255.255.255.0,8966
197645,91.223.212.0,255.255.255.0,6939
48345,91.223.220.0,255.255.255.0,8966
207349,91.223.222.0,255.255.255.0,6939
196645,91.223.223.0,255.255.255.0,6939
197733,91.223.224.0,255.255.255.0,15412
56543,91.223.227.0,255.255.255.0,8359
198857,91.223.250.0,255.255.255.0,6939
5531,91.224.2.0,255.255.255.0,8359
41297,91.224.28.0,255.255.254.0,8966
59945,91.224.46.0,255.255.255.0,6939
206907,91.224.68.0,255.255.254.0,4637
209605,91.224.92.0,255.255.255.0,9304
56354,91.224.96.0,255.255.255.0,6939
197632,91.224.124.0,255.255.254.0,41095
205154,91.224.165.0,255.255.255.0,4637
56451,91.224.166.0,255.255.255.0,8359
56522,91.224.200.0,255.255.254.0,8359
56493,91.224.206.0,255.255.254.0,8359
42093,91.224.242.0,255.255.254.0,6939
199520,91.224.246.0,255.255.255.0,6939
210165,91.225.1.0,255.255.255.0,6939
60534,91.225.8.0,255.255.252.0,6939
29522,91.225.28.0,255.255.254.0,24482
197035,91.225.36.0,255.255.255.0,6939
56932,91.225.48.0,255.255.252.0,8359
56344,91.225.84.0,255.255.255.0,6939
197572,91.225.132.0,255.255.252.0,703
56399,91.225.164.0,255.255.252.0,4637
56401,91.225.168.0,255.255.252.0,8359
5396,91.225.180.0,255.255.252.0,8966
197592,91.225.188.0,255.255.252.0,4637
56462,91.225.236.0,255.255.252.0,6939
197747,91.226.22.0,255.255.254.0,6939
210576,91.226.57.0,255.255.255.0,4637
206948,91.226.78.0,255.255.255.0,6939
205485,91.226.96.0,255.255.255.0,6939
196851,91.226.139.0,255.255.255.0,8359
216275,91.226.144.0,255.255.254.0,6939
56690,91.226.172.0,255.255.252.0,41095
56705,91.226.208.0,255.255.252.0,8359
56712,91.226.228.0,255.255.252.0,6939
204766,91.226.232.0,255.255.254.0,6939
16044,91.226.252.0,255.255.252.0,8359
215120,91.227.33.0,255.255.255.0,8966
58307,91.227.61.0,255.255.255.0,6939
200750,91.227.63.0,255.255.255.0,6939
199943,91.227.102.0,255.255.255.0,6939
56754,91.227.109.0,255.255.255.0,15412
197809,91.227.116.0,255.255.252.0,703
198921,91.227.122.0,255.255.254.0,15412
41249,91.227.128.0,255.255.255.0,15412
56783,91.227.156.0,255.255.252.0,6939
197826,91.227.188.0,255.255.252.0,8359
197844,91.227.196.0,255.255.254.0,703
197840,91.227.216.0,255.255.252.0,6939
197838,91.228.8.0,255.255.254.0,6939
56838,91.228.32.0,255.255.252.0,6939
48452,91.228.38.0,255.255.255.0,8966
56847,91.228.84.0,255.255.252.0,6939
197849,91.228.89.0,255.255.255.0,6939
56874,91.228.118.0,255.255.255.0,8966
44932,91.228.132.0,255.255.255.0,8966
207170,91.228.157.0,255.255.255.0,6939
49320,91.228.178.0,255.255.255.0,41095
56930,91.228.208.0,255.255.252.0,8359
57018,91.228.230.0,255.255.255.0,41095
198030,91.228.236.0,255.255.255.0,8359
197669,91.228.242.0,255.255.255.0,6939
56955,91.228.244.0,255.255.254.0,6939
43046,91.229.0.0,255.255.254.0,15412
56926,91.229.28.0,255.255.254.0,8966
56949,91.229.84.0,255.255.252.0,4637
51058,91.229.194.0,255.255.254.0,8966
49381,91.229.196.0,255.255.252.0,8966
216458,91.229.202.0,255.255.255.0,4637
28978,91.229.213.0,255.255.255.0,8966
57007,91.229.252.0,255.255.252.0,6939
52163,91.230.10.0,255.255.254.0,8359
60625,91.230.23.0,255.255.255.0,8359
197678,91.230.24.0,255.255.255.0,8966
57049,91.230.25.0,255.255.255.0,8359
57029,91.230.51.0,255.255.255.0,6939
197936,91.230.58.0,255.255.254.0,6939
197294,91.230.116.0,255.255.255.0,15412
49102,91.230.120.0,255.255.255.0,15412
398700,91.230.128.0,255.255.252.0,4637
31004,91.230.140.0,255.255.254.0,35280
57109,91.230.184.0,255.255.252.0,41095
57102,91.230.198.0,255.255.254.0,8359
8496,91.230.210.0,255.255.255.0,8359
57121,91.230.221.0,255.255.255.0,6939
57159,91.230.242.0,255.255.255.0,6939
57153,91.230.252.0,255.255.254.0,8359
60471,91.230.254.0,255.255.254.0,6939
57890,91.231.19.0,255.255.255.0,6939
207739,91.231.53.0,255.255.255.0,8966
198158,91.231.60.0,255.255.254.0,6939
57285,91.231.69.0,255.255.255.0,8359
199978,91.231.74.0,255.255.254.0,6939
197726,91.231.84.0,255.255.254.0,4637
15624,91.231.100.0,255.255.252.0,6939
198067,91.231.110.0,255.255.254.0,703
198098,91.231.118.0,255.255.254.0,6939
198072,91.231.120.0,255.255.252.0,15412
198081,91.231.152.0,255.255.255.0,6939
21485,91.231.153.0,255.255.255.0,6939
197295,91.231.168.0,255.255.254.0,6939
214379,91.231.182.0,255.255.255.0,4637
44439,91.231.184.0,255.255.255.0,6939
198611,91.231.205.0,255.255.255.0,15412
57354,91.231.218.0,255.255.255.0,8966
51357,91.232.0.0,255.255.252.0,15412
211664,91.232.22.0,255.255.255.0,35280
198896,91.232.90.0,255.255.254.0,15412
50466,91.232.108.0,255.255.252.0,8359
59778,91.232.124.0,255.255.254.0,15412
49627,91.232.130.0,255.255.255.0,6939
198214,91.232.140.0,255.255.252.0,6939
201068,91.232.143.0,255.255.255.0,6939
198227,91.232.158.0,255.255.254.0,8359
198263,91.232.164.0,255.255.252.0,6939
198232,91.232.175.0,255.255.255.0,6939
60036,91.232.181.0,255.255.255.0,6939
61026,91.232.187.0,255.255.255.0,4637
57536,91.232.190.0,255.255.254.0,703
198251,91.232.240.0,255.255.255.0,6939
34911,91.232.247.0,255.255.255.0,6939
42353,91.233.5.0,255.255.255.0,6939
198334,91.233.6.0,255.255.255.0,6939
57569,91.233.18.0,255.255.255.0,6939
57583,91.233.44.0,255.255.252.0,41095
57593,91.233.60.0,255.255.255.0,6939
57586,91.233.62.0,255.255.255.0,8359
50265,91.233.88.0,255.255.255.0,8359
203768,91.233.191.0,255.255.255.0,6939
212932,91.233.196.0,255.255.255.0,15412
198040,91.233.204.0,255.255.254.0,6939
197964,91.233.227.0,255.255.255.0,8966
57723,91.233.228.0,255.255.254.0,6939
198374,91.233.250.0,255.255.254.0,703
34691,91.233.252.0,255.255.254.0,6939
215307,91.234.11.0,255.255.255.0,8359
198356,91.234.24.0,255.255.255.0,6939
196957,91.234.40.0,255.255.252.0,4637
198367,91.234.60.0,255.255.252.0,8359
42374,91.234.66.0,255.255.254.0,6939
198083,91.234.96.0,255.255.254.0,8359
198397,91.234.124.0,255.255.252.0,6939
198424,91.234.128.0,255.255.252.0,6939
210126,91.234.200.0,255.255.255.0,8359
211451,91.234.233.0,255.255.255.0,6939
57766,91.235.7.0,255.255.255.0,8359
215654,91.235.12.0,255.255.255.0,8359
201160,91.235.64.0,255.255.255.0,4637
57812,91.235.80.0,255.255.254.0,8359
198493,91.235.124.0,255.255.254.0,6939
50584,91.235.160.0,255.255.254.0,6939
198498,91.235.192.0,255.255.252.0,6939
3165,91.235.238.0,255.255.254.0,703
20682,91.235.248.0,255.255.255.0,15412
198524,91.236.1.0,255.255.255.0,703
198525,91.236.4.0,255.255.252.0,6939
198529,91.236.20.0,255.255.254.0,6939
58279,91.236.22.0,255.255.254.0,41095
198595,91.236.57.0,255.255.255.0,15412
8778,91.236.68.0,255.255.252.0,4637
198269,91.236.72.0,255.255.255.0,6939
60624,91.236.84.0,255.255.254.0,6939
42237,91.236.116.0,255.255.255.0,6939
198560,91.236.128.0,255.255.255.0,6939
198518,91.236.132.0,255.255.254.0,6939
198891,91.236.137.0,255.255.255.0,6939
20986,91.236.153.0,255.255.255.0,6939
15682,91.236.171.0,255.255.255.0,8966
49720,91.236.224.0,255.255.255.0,8966
57945,91.236.233.0,255.255.255.0,6939
57944,91.236.248.0,255.255.252.0,6939
57962,91.237.40.0,255.255.254.0,8359
42717,91.237.60.0,255.255.254.0,6939
39394,91.237.65.0,255.255.255.0,15412
1921,91.237.67.0,255.255.255.0,49544
29479,91.237.78.0,255.255.255.0,6939
60219,91.237.79.0,255.255.255.0,8359
57966,91.237.80.0,255.255.254.0,703
198604,91.237.84.0,255.255.254.0,6939
15669,91.237.102.0,255.255.254.0,8966
198713,91.237.112.0,255.255.254.0,6939
201562,91.237.136.0,255.255.254.0,6939
34891,91.237.138.0,255.255.254.0,6939
198327,91.237.160.0,255.255.254.0,6939
211724,91.237.163.0,255.255.255.0,41095
35493,91.237.168.0,255.255.254.0,8966
50392,91.237.244.0,255.255.252.0,8359
60510,91.238.34.0,255.255.254.0,8359
56621,91.238.88.0,255.255.252.0,15412
214385,91.238.96.0,255.255.255.0,41095
58066,91.238.103.0,255.255.255.0,8359
34182,91.238.144.0,255.255.255.0,15412
199857,91.238.178.0,255.255.254.0,6939
47486,91.238.248.0,255.255.255.0,8966
58138,91.239.32.0,255.255.254.0,6939
206082,91.239.38.0,255.255.254.0,6939
25143,91.239.48.0,255.255.255.0,8359
205344,91.239.54.0,255.255.255.0,35280
216265,91.239.55.0,255.255.255.0,6939
58221,91.239.80.0,255.255.252.0,8359
59497,91.239.104.0,255.255.252.0,8359
29196,91.239.112.0,255.255.255.0,8966
60466,91.239.113.0,255.255.255.0,703
198927,91.239.180.0,255.255.252.0,6939
60606,91.239.200.0,255.255.252.0,6939
201786,91.239.227.0,255.255.255.0,8359
58239,91.239.236.0,255.255.254.0,6939
198948,91.239.248.0,255.255.255.0,6939
198851,91.239.254.0,255.255.255.0,6939
58254,91.240.12.0,255.255.252.0,8359
201126,91.240.17.0,255.255.255.0,15412
58278,91.240.36.0,255.255.255.0,8359
50489,91.240.47.0,255.255.255.0,15412
51950,91.240.48.0,255.255.252.0,8359
199214,91.240.74.0,255.255.254.0,8359
198910,91.240.100.0,255.255.254.0,6939
59424,91.240.120.0,255.255.252.0,8966
200442,91.240.124.0,255.255.252.0,8966
198975,91.240.130.0,255.255.255.0,6939
59439,91.240.178.0,255.255.255.0,6939
198982,91.240.223.0,255.255.255.0,6939
21101,91.240.230.0,255.255.255.0,6939
43013,91.241.0.0,255.255.254.0,6939
59460,91.241.32.0,255.255.252.0,15412
199113,91.242.56.0,255.255.248.0,703
35346,91.242.78.0,255.255.254.0,4637
199070,91.242.170.0,255.255.254.0,8966
216251,91.242.253.0,255.255.255.0,6939
215226,91.242.255.0,255.255.255.0,8359
198091,91.243.66.0,255.255.254.0,6939
61360,91.243.96.0,255.255.240.0,8966
61960,91.243.120.0,255.255.254.0,703
59573,91.243.160.0,255.255.240.0,8966
50092,91.244.64.0,255.255.252.0,41095
44837,91.244.69.0,255.255.255.0,8359
49749,91.244.72.0,255.255.248.0,8966
59591,91.244.112.0,255.255.252.0,8359
59636,91.244.124.0,255.255.255.0,8359
59600,91.244.168.0,255.255.248.0,8966
199121,91.244.180.0,255.255.255.0,8966
203416,91.244.192.0,255.255.252.0,6939
203058,91.244.200.0,255.255.252.0,6939
197375,91.244.230.0,255.255.254.0,703
199125,91.244.238.0,255.255.255.0,4637
28825,91.245.32.0,255.255.255.0,8966
197394,91.245.33.0,255.255.255.0,8966
59611,91.245.80.0,255.255.248.0,6939
47914,91.245.128.0,255.255.224.0,8359
28676,91.245.216.0,255.255.254.0,35280
49485,91.246.10.0,255.255.255.0,6939
44086,91.246.13.0,255.255.255.0,15412
56905,91.246.60.0,255.255.255.0,6939
210612,91.246.61.0,255.255.255.0,6939
59990,91.246.76.0,255.255.255.0,8966
198133,91.246.208.0,255.255.248.0,6939
210593,91.247.175.0,255.255.255.0,8966
35644,91.247.220.0,255.255.255.0,41095
29588,91.247.248.0,255.255.252.0,8359
197520,92.38.22.0,255.255.254.0,6939
198803,92.38.28.0,255.255.255.0,41095
209954,92.38.92.0,255.255.255.0,8966
21051,92.38.244.0,255.255.252.0,8359
44741,92.39.144.0,255.255.255.0,6939
206067,92.40.0.0,255.254.0.0,6939
42176,92.42.80.0,255.255.252.0,35280
51345,92.42.101.0,255.255.255.0,35280
44295,92.42.176.0,255.255.248.0,15412
33835,92.42.216.0,255.255.248.0,6939
47949,92.43.24.0,255.255.248.0,6939
49322,92.43.96.0,255.255.248.0,6939
60730,92.43.155.0,255.255.255.0,8966
62340,92.43.166.0,255.255.254.0,8966
25563,92.43.216.0,255.255.248.0,6939
16128,92.43.248.0,255.255.248.0,6939
62051,92.52.216.0,255.255.255.0,6939
51956,92.53.236.0,255.255.252.0,6939
203760,92.55.204.0,255.255.254.0,4637
44185,92.60.48.0,255.255.252.0,6939
8903,92.60.171.0,255.255.255.0,4637
44765,92.61.60.0,255.255.252.0,35280
44302,92.61.112.0,255.255.240.0,6939
44334,92.61.160.0,255.255.248.0,6939
44384,92.61.192.0,255.255.240.0,6939
29061,92.62.64.0,255.255.240.0,8359
39823,92.62.96.0,255.255.240.0,6939
47684,92.62.144.0,255.255.240.0,8966
49633,92.63.32.0,255.255.240.0,6939
216182,92.114.4.0,255.255.255.0,4637
56684,92.114.106.0,255.255.255.0,15412
205479,92.118.28.0,255.255.252.0,8966
50869,92.119.38.0,255.255.255.0,35280
42005,92.240.224.0,255.255.255.0,4637
60823,92.243.70.0,255.255.255.0,6939
203568,92.243.76.0,255.255.252.0,6939
60296,92.245.28.0,255.255.252.0,4637
43364,92.245.164.0,255.255.252.0,8966
21086,92.245.188.0,255.255.255.0,8966
202999,92.246.77.0,255.255.255.0,8359
47723,92.246.148.0,255.255.252.0,8966
202112,92.249.27.0,255.255.255.0,15412
209067,92.253.200.0,255.255.255.0,8966
47806,93.88.28.0,255.255.252.0,6939
44973,93.88.224.0,255.255.252.0,6939
198813,93.89.96.0,255.255.240.0,4637
201328,93.89.192.0,255.255.240.0,6939
45010,93.90.48.0,255.255.240.0,6939
45055,93.90.80.0,255.255.255.0,8359
62023,93.91.80.0,255.255.240.0,6939
43097,93.92.64.0,255.255.255.0,15412
44923,93.92.200.0,255.255.248.0,8966
48092,93.93.136.0,255.255.248.0,15412
997,93.93.244.0,255.255.255.0,9304
15960,93.94.80.0,255.255.248.0,15412
42998,93.94.152.0,255.255.248.0,41095
29434,93.94.192.0,255.255.255.0,8966
47123,93.94.248.0,255.255.255.0,35280
44902,93.95.56.0,255.255.248.0,6939
60690,93.95.72.0,255.255.248.0,6939
196737,93.95.80.0,255.255.248.0,35280
24594,93.95.120.0,255.255.248.0,15412
31499,93.95.168.0,255.255.248.0,8359
44913,93.95.192.0,255.255.248.0,8966
204773,93.95.210.0,255.255.255.0,8966
39175,93.95.211.0,255.255.255.0,15412
41090,93.95.232.0,255.255.248.0,6939
207163,93.96.192.0,255.255.224.0,15412
210019,93.105.75.0,255.255.255.0,6939
20879,93.113.90.0,255.255.254.0,15412
48067,93.113.192.0,255.255.248.0,4637
48948,93.114.160.0,255.255.255.0,6939
44854,93.114.180.0,255.255.255.0,35280
49298,93.119.172.0,255.255.252.0,15412
208389,93.123.0.0,255.255.254.0,8966
20665,93.123.7.0,255.255.255.0,8966
43068,93.123.48.0,255.255.240.0,8966
60330,93.125.20.0,255.255.252.0,8966
21062,93.125.39.0,255.255.255.0,8966
51276,93.125.70.0,255.255.255.0,6939
35530,93.126.64.0,255.255.252.0,6939
12773,93.157.13.0,255.255.255.0,8359
47370,93.157.40.0,255.255.248.0,8359
199023,93.157.69.0,255.255.255.0,6939
40961,93.157.72.0,255.255.248.0,6939
41714,93.157.80.0,255.255.248.0,15412
212855,93.157.140.0,255.255.255.0,8966
201819,93.157.152.0,255.255.248.0,6939
49403,93.157.168.0,255.255.248.0,41095
47866,93.158.0.0,255.255.192.0,6939
60503,93.158.236.0,255.255.252.0,8966
62201,93.159.183.0,255.255.255.0,6939
199774,93.159.184.0,255.255.255.0,6939
60754,93.170.1.0,255.255.255.0,8359
35325,93.170.40.0,255.255.252.0,4637
57197,93.170.44.0,255.255.254.0,8359
205264,93.170.74.0,255.255.255.0,8359
209863,93.170.78.0,255.255.255.0,15412
16066,93.170.81.0,255.255.255.0,6939
62247,93.170.82.0,255.255.255.0,6939
201069,93.170.96.0,255.255.255.0,8359
50043,93.170.136.0,255.255.254.0,8359
40983,93.170.216.0,255.255.255.0,8359
41119,93.170.219.0,255.255.255.0,8359
50182,93.170.246.0,255.255.254.0,8359
59718,93.171.139.0,255.255.255.0,8359
57371,93.171.144.0,255.255.248.0,8359
215032,93.171.180.0,255.255.255.0,8966
212118,93.171.212.0,255.255.255.0,8359
51495,93.171.220.0,255.255.252.0,15412
49150,93.174.161.0,255.255.255.0,6939
5467,93.175.0.0,255.255.240.0,8359
47702,93.175.192.0,255.255.240.0,8359
203848,93.175.248.0,255.255.255.0,6939
213113,93.177.80.0,255.255.255.0,6939
213111,93.177.82.0,255.255.255.0,6939
209059,93.177.126.0,255.255.255.0,41095
213175,93.179.67.0,255.255.255.0,8966
197965,93.180.72.0,255.255.248.0,6939
41802,93.182.0.0,255.255.192.0,8966
47155,93.182.128.0,255.255.192.0,6939
34527,93.184.164.0,255.255.254.0,41095
56456,93.185.0.0,255.255.240.0,6939
198468,93.185.163.0,255.255.255.0,6939
60771,93.187.97.0,255.255.255.0,8359
48223,93.187.184.0,255.255.248.0,8966
47617,93.187.208.0,255.255.248.0,35280
39570,93.188.0.0,255.255.255.0,4637
199421,93.188.60.0,255.255.252.0,6939
47178,93.188.112.0,255.255.248.0,15412
47181,93.188.188.0,255.255.252.0,41095
39458,93.189.0.0,255.255.248.0,15412
15378,93.189.48.0,255.255.248.0,15412
12347,93.189.64.0,255.255.248.0,35280
41430,93.189.87.0,255.255.255.0,8359
47138,93.189.168.0,255.255.255.0,6939
29430,93.189.232.0,255.255.248.0,35280
6881,93.190.128.0,255.255.248.0,6939
47227,93.190.168.0,255.255.248.0,15412
47236,93.190.200.0,255.255.248.0,8966
47372,93.191.160.0,255.255.248.0,6939
47147,94.16.25.0,255.255.255.0,15412
44068,94.26.128.0,255.255.192.0,8966
201036,94.42.102.0,255.255.255.0,6939
41305,94.45.96.0,255.255.240.0,8359
199631,94.46.238.0,255.255.255.0,6939
59989,94.72.152.0,255.255.252.0,6939
47588,94.100.48.0,255.255.255.0,8966
47942,94.102.192.0,255.255.240.0,15412
47881,94.102.224.0,255.255.240.0,8966
47917,94.103.64.0,255.255.240.0,703
49457,94.103.96.0,255.255.240.0,703
209674,94.103.116.0,255.255.254.0,35280
45815,94.103.163.0,255.255.255.0,4637
47875,94.124.32.0,255.255.252.0,8966
48451,94.124.40.0,255.255.248.0,6939
201372,94.124.56.0,255.255.248.0,6939
206052,94.124.76.0,255.255.255.0,6939
47724,94.124.200.0,255.255.254.0,8966
48417,94.125.22.0,255.255.255.0,15412
47833,94.125.104.0,255.255.248.0,35280
12593,94.125.120.0,255.255.248.0,4637
47944,94.125.200.0,255.255.248.0,6939
59721,94.126.112.0,255.255.255.0,15412
47989,94.126.152.0,255.255.248.0,8966
48070,94.126.232.0,255.255.255.0,15412
202895,94.127.128.0,255.255.248.0,6939
8772,94.131.21.0,255.255.255.0,6939
61371,94.131.196.0,255.255.254.0,8359
6798,94.136.96.0,255.255.240.0,6939
205741,94.136.176.0,255.255.252.0,6939
47645,94.137.64.0,255.255.248.0,41095
64433,94.137.74.0,255.255.254.0,8359
210281,94.137.89.0,255.255.255.0,8359
8804,94.137.152.0,255.255.248.0,6939
49530,94.138.148.0,255.255.255.0,8966
12046,94.138.224.0,255.255.224.0,4637
43028,94.140.104.0,255.255.254.0,8359
56669,94.140.216.0,255.255.255.0,8966
39853,94.140.218.0,255.255.255.0,8966
197382,94.141.121.0,255.255.255.0,41095
51696,94.142.134.0,255.255.254.0,15412
48685,94.142.152.0,255.255.248.0,6939
213063,94.142.176.0,255.255.255.0,6939
13247,94.142.216.0,255.255.248.0,6939
209659,94.142.251.0,255.255.255.0,6939
196816,94.143.24.0,255.255.248.0,6939
47258,94.143.48.0,255.255.248.0,8359
35046,94.143.232.0,255.255.248.0,6939
16164,94.143.248.0,255.255.248.0,8966
13282,94.154.0.0,255.255.255.0,15412
207261,94.154.13.0,255.255.255.0,6939
208014,94.154.15.0,255.255.255.0,6939
204455,94.154.47.0,255.255.255.0,15412
197837,94.154.56.0,255.255.248.0,8966
47909,94.154.80.0,255.255.248.0,8359
197892,94.154.96.0,255.255.248.0,6939
215804,94.156.67.0,255.255.255.0,6939
59723,94.156.78.0,255.255.255.0,8966
57463,94.156.226.0,255.255.255.0,6939
202619,94.158.32.0,255.255.248.0,8359
48036,94.158.96.0,255.255.240.0,703
211914,94.158.208.0,255.255.248.0,703
58175,94.176.7.0,255.255.255.0,15412
211448,94.176.160.0,255.255.255.0,4637
201601,94.177.25.0,255.255.255.0,15412
206162,94.177.132.0,255.255.255.0,6939
48434,94.184.92.0,255.255.254.0,8966
12796,94.190.128.0,255.255.252.0,15412
1140,94.198.152.0,255.255.248.0,8966
202265,94.199.1.0,255.255.255.0,4637
48298,94.199.40.0,255.255.248.0,6939
30836,94.199.48.0,255.255.248.0,6939
39319,94.199.224.0,255.255.248.0,6939
57187,94.207.32.0,255.255.248.0,8966
47998,94.228.64.0,255.255.240.0,15412
48467,94.228.160.0,255.255.255.0,6939
214697,94.228.166.0,255.255.255.0,8966
41938,94.229.20.0,255.255.255.0,15412
201966,94.229.83.0,255.255.255.0,15412
48462,94.229.240.0,255.255.240.0,8966
48464,94.230.16.0,255.255.240.0,6939
48484,94.230.48.0,255.255.240.0,6939
48670,94.230.160.0,255.255.240.0,8966
49732,94.230.240.0,255.255.240.0,8359
41841,94.231.0.0,255.255.240.0,6939
48971,94.231.80.0,255.255.240.0,6939
48089,94.232.56.0,255.255.248.0,8966
48128,94.232.64.0,255.255.248.0,41095
39893,94.232.144.0,255.255.248.0,6939
39067,94.232.224.0,255.255.248.0,6939
47223,94.240.0.0,255.255.255.0,15412
49715,94.240.8.0,255.255.252.0,6939
203985,94.240.12.0,255.255.255.0,6939
198389,94.240.13.0,255.255.255.0,6939
202563,94.240.15.0,255.255.255.0,6939
199238,94.240.22.0,255.255.255.0,6939
200253,94.240.26.0,255.255.255.0,6939
205447,94.240.27.0,255.255.255.0,6939
200302,94.242.0.0,255.255.224.0,8966
49350,94.243.20.0,255.255.255.0,8359
48249,94.243.128.0,255.255.192.0,8359
48278,94.244.0.0,255.255.252.0,6939
33923,94.246.128.0,255.255.192.0,6939
48394,94.247.8.0,255.255.248.0,15412
48441,94.247.56.0,255.255.248.0,8359
49673,94.247.104.0,255.255.248.0,8359
209133,94.247.108.0,255.255.255.0,8359
48483,94.247.112.0,255.255.255.0,4637
44219,94.247.184.0,255.255.254.0,6939
214556,94.249.215.0,255.255.255.0,4637
214929,94.249.228.0,255.255.255.0,8966
216309,94.249.231.0,255.255.255.0,8966
210442,95.46.72.0,255.255.255.0,8359
208941,95.46.73.0,255.255.255.0,8359
56639,95.46.143.0,255.255.255.0,8359
201147,95.46.176.0,255.255.248.0,8966
204020,95.46.209.0,255.255.255.0,6939
41967,95.47.148.0,255.255.252.0,6939
204671,95.47.173.0,255.255.255.0,6939
47845,95.47.246.0,255.255.255.0,8966
35645,95.66.128.0,255.255.224.0,8359
34867,95.67.0.0,255.255.128.0,4637
20661,95.85.96.0,255.255.224.0,8359
214891,95.85.240.0,255.255.255.0,41095
34876,95.86.128.0,255.255.255.0,15412
38924,95.87.0.0,255.255.192.0,703
47237,95.87.64.0,255.255.248.0,8359
15966,95.128.0.0,255.255.248.0,15412
31178,95.128.72.0,255.255.248.0,6939
48825,95.128.128.0,255.255.248.0,4637
9104,95.128.153.0,255.255.255.0,8966
207227,95.128.154.0,255.255.255.0,6939
48823,95.129.48.0,255.255.248.0,6939
35339,95.129.200.0,255.255.248.0,6939
201514,95.130.4.0,255.255.252.0,6939
39839,95.130.208.0,255.255.248.0,6939
48972,95.130.232.0,255.255.248.0,6939
49044,95.131.128.0,255.255.248.0,4637
6894,95.131.152.0,255.255.248.0,8966
215706,95.131.203.0,255.255.255.0,6939
199536,95.131.206.0,255.255.255.0,6939
48739,95.140.16.0,255.255.240.0,41095
208117,95.140.82.0,255.255.255.0,8966
57207,95.140.122.0,255.255.255.0,6939
2593,95.140.128.0,255.255.248.0,8966
202089,95.141.112.0,255.255.240.0,4637
44158,95.141.192.0,255.255.240.0,41095
204866,95.142.104.0,255.255.255.0,6939
34766,95.142.110.0,255.255.255.0,15412
28709,95.142.201.0,255.255.255.0,8359
47542,95.142.204.0,255.255.254.0,6939
60476,95.142.206.0,255.255.255.0,6939
49888,95.143.240.0,255.255.240.0,703
211096,95.156.203.0,255.255.255.0,35280
197697,95.156.240.0,255.255.248.0,6939
51018,95.159.64.0,255.255.192.0,8966
212566,95.161.83.0,255.255.255.0,8966
211613,95.161.92.0,255.255.254.0,8966
35005,95.161.140.0,255.255.254.0,41095
50952,95.161.252.0,255.255.255.0,8966
39598,95.161.253.0,255.255.255.0,8966
206539,95.169.64.0,255.255.248.0,8966
48822,95.171.0.0,255.255.224.0,8359
60879,95.172.128.0,255.255.248.0,8359
61111,95.172.136.0,255.255.255.0,8966
50166,95.172.138.0,255.255.255.0,8359
8291,95.173.128.0,255.255.248.0,15412
43797,95.173.144.0,255.255.252.0,15412
49025,95.173.200.0,255.255.254.0,6939
59443,95.182.0.0,255.255.248.0,41095
209307,95.183.42.0,255.255.255.0,8359
209788,95.183.44.0,255.255.254.0,8359
56834,95.214.12.0,255.255.252.0,8359
62009,95.214.88.0,255.255.252.0,6939
203395,95.214.119.0,255.255.255.0,41095
49761,95.215.76.0,255.255.252.0,6939
39805,95.215.152.0,255.255.252.0,8966
57174,95.215.176.0,255.255.248.0,41095
51758,95.215.184.0,255.255.248.0,6939
59482,95.215.228.0,255.255.255.0,41095
199846,95.215.232.0,255.255.255.0,6939
200005,96.7.200.0,255.255.255.0,8359
19008,96.31.192.0,255.255.240.0,703
21659,96.126.70.0,255.255.255.0,15412
395176,97.65.222.0,255.255.255.0,8966
19366,97.107.0.0,255.255.240.0,15412
36001,97.107.32.0,255.255.240.0,15412
6391,97.107.176.0,255.255.240.0,8966
54735,97.107.237.0,255.255.255.0,703
31844,97.107.240.0,255.255.255.0,15412
137280,98.98.216.0,255.255.255.0,8966
153259,98.98.224.0,255.255.255.0,8966
16428,98.100.114.0,255.255.255.0,6939
32881,98.124.60.0,255.255.252.0,6939
25816,98.142.112.0,255.255.255.0,8966
12189,98.143.32.0,255.255.255.0,4637
400514,98.158.224.0,255.255.254.0,4637
12050,99.193.28.0,255.255.254.0,703
15128,99.217.128.0,255.255.192.0,4637
55670,101.0.4.0,255.255.255.0,7713
151326,101.1.7.0,255.255.255.0,9304
38592,101.2.160.0,255.255.248.0,8966
55707,101.2.168.0,255.255.255.0,4637
24155,101.36.84.0,255.255.255.0,4637
4787,101.50.16.0,255.255.248.0,7713
18283,101.50.32.0,255.255.240.0,4637
7511,101.50.60.0,255.255.252.0,4637
24173,101.53.0.0,255.255.255.0,41095
4711,101.53.96.0,255.255.252.0,4637
210278,101.56.0.0,255.254.0.0,6939
63804,101.78.4.0,255.255.254.0,55720
45680,101.78.6.0,255.255.255.0,55720
38738,101.96.12.0,255.255.252.0,4637
139006,101.97.36.0,255.255.255.0,4637
3605,101.99.128.0,255.255.128.0,6939
17492,101.100.0.0,255.255.128.0,4637
138384,101.102.0.0,255.255.192.0,6939
131960,101.102.96.0,255.255.252.0,15412
133612,101.112.0.0,255.248.0.0,35280
55992,101.197.0.0,255.255.0.0,8966
54890,101.203.84.0,255.255.254.0,15412
136041,101.234.4.0,255.255.254.0,9304
7473,101.234.31.0,255.255.255.0,35280
10207,101.234.128.0,255.255.254.0,35280
45577,101.234.132.0,255.255.254.0,35280
327907,102.22.64.0,255.255.255.0,15412
328170,102.22.80.0,255.255.252.0,8966
328598,102.22.88.0,255.255.248.0,8966
328575,102.22.124.0,255.255.255.0,4637
328317,102.22.192.0,255.255.255.0,8966
328271,102.22.208.0,255.255.248.0,4637
328589,102.22.236.0,255.255.252.0,6939
328576,102.22.240.0,255.255.248.0,8966
328631,102.22.248.0,255.255.248.0,4637
328568,102.23.88.0,255.255.252.0,4637
327733,102.23.92.0,255.255.252.0,8966
328562,102.23.144.0,255.255.240.0,6939
329122,102.23.160.0,255.255.252.0,8966
328242,102.23.168.0,255.255.248.0,6939
328137,102.23.176.0,255.255.255.0,6939
328473,102.23.183.0,255.255.255.0,6939
327751,102.23.184.0,255.255.248.0,6939
328548,102.23.192.0,255.255.240.0,4637
328748,102.23.207.0,255.255.255.0,4637
328547,102.23.208.0,255.255.248.0,8966
327782,102.32.0.0,255.254.0.0,8966
327687,102.34.0.0,255.255.0.0,9304
328556,102.36.132.0,255.255.252.0,4637
328583,102.36.140.0,255.255.252.0,703
37682,102.36.148.0,255.255.255.0,6939
328538,102.36.152.0,255.255.252.0,4637
328544,102.36.156.0,255.255.252.0,4637
328528,102.36.160.0,255.255.255.0,4637
327932,102.36.224.0,255.255.252.0,8966
328567,102.36.240.0,255.255.252.0,4637
328164,102.36.248.0,255.255.252.0,4637
328519,102.36.252.0,255.255.252.0,6939
328510,102.38.64.0,255.255.224.0,4637
328512,102.64.16.0,255.255.240.0,8966
327991,102.64.32.0,255.255.240.0,8966
328536,102.64.56.0,255.255.255.0,8966
328514,102.64.64.0,255.255.248.0,6939
328498,102.64.92.0,255.255.254.0,4637
328501,102.64.112.0,255.255.254.0,8966
328505,102.64.114.0,255.255.254.0,8966
328474,102.67.56.0,255.255.255.0,4637
328468,102.67.64.0,255.255.224.0,4637
37721,102.67.96.0,255.255.248.0,15412
328467,102.67.128.0,255.255.248.0,4637
328482,102.67.152.0,255.255.252.0,4637
328483,102.67.184.0,255.255.252.0,8966
328461,102.68.0.0,255.255.252.0,8966
328469,102.68.16.0,255.255.255.0,9304
328441,102.68.24.0,255.255.248.0,8966
328434,102.68.40.0,255.255.248.0,8966
328490,102.68.76.0,255.255.252.0,8966
327813,102.68.80.0,255.255.255.0,4637
37662,102.68.112.0,255.255.248.0,6939
328480,102.68.120.0,255.255.252.0,15412
328578,102.68.141.0,255.255.255.0,8966
328523,102.68.156.0,255.255.254.0,8966
328423,102.68.180.0,255.255.252.0,4637
328431,102.69.128.0,255.255.240.0,8966
60171,102.69.152.0,255.255.252.0,4637
328418,102.69.156.0,255.255.255.0,6939
328436,102.69.164.0,255.255.252.0,9304
327791,102.69.184.0,255.255.252.0,8966
37549,102.69.192.0,255.255.240.0,6939
328517,102.69.208.0,255.255.252.0,4637
328507,102.69.216.0,255.255.252.0,4637
328475,102.69.224.0,255.255.248.0,6939
328479,102.69.232.0,255.255.252.0,6939
328457,102.69.240.0,255.255.255.0,4637
328456,102.69.244.0,255.255.254.0,8966
328320,102.128.80.0,255.255.240.0,6939
37563,102.128.128.0,255.255.255.0,9304
328210,102.128.144.0,255.255.240.0,15412
328222,102.128.160.0,255.255.252.0,4637
328176,102.128.172.0,255.255.255.0,8966
328444,102.128.184.0,255.255.255.0,6939
328397,102.129.40.0,255.255.248.0,4637
37451,102.129.64.0,255.255.255.0,8966
37150,102.129.96.0,255.255.224.0,4637
329184,102.129.165.0,255.255.255.0,8966
328417,102.130.12.0,255.255.252.0,6939
328388,102.130.16.0,255.255.240.0,6939
328386,102.130.72.0,255.255.248.0,6939
328375,102.130.80.0,255.255.255.0,8966
327808,102.130.96.0,255.255.255.0,8966
328401,102.130.103.0,255.255.255.0,4637
328068,102.130.104.0,255.255.254.0,4637
328364,102.130.112.0,255.255.255.0,8966
37634,102.130.128.0,255.255.252.0,6939
37645,102.130.192.0,255.255.248.0,8966
328391,102.130.236.0,255.255.252.0,8966
328426,102.130.240.0,255.255.248.0,8966
37474,102.130.254.0,255.255.254.0,4637
328361,102.131.20.0,255.255.252.0,6939
328356,102.131.28.0,255.255.255.0,6939
328373,102.131.60.0,255.255.255.0,6939
328350,102.132.0.0,255.255.240.0,8966
327996,102.132.32.0,255.255.224.0,6939
328347,102.132.80.0,255.255.252.0,6939
63293,102.132.112.0,255.255.255.0,39120
37680,102.132.128.0,255.255.128.0,8966
328346,102.134.24.0,255.255.252.0,6939
328337,102.134.64.0,255.255.248.0,8966
328384,102.134.80.0,255.255.252.0,8966
328334,102.134.88.0,255.255.252.0,6939
329153,102.134.92.0,255.255.252.0,8966
328437,102.134.116.0,255.255.252.0,6939
328333,102.134.120.0,255.255.248.0,4637
328336,102.134.132.0,255.255.252.0,6939
328331,102.135.168.0,255.255.255.0,6939
328335,102.135.190.0,255.255.255.0,6939
328266,102.135.240.0,255.255.248.0,8966
328327,102.140.64.0,255.255.252.0,8966
328351,102.140.112.0,255.255.248.0,8966
25250,102.140.128.0,255.255.224.0,4637
37720,102.140.160.0,255.255.240.0,8966
328638,102.141.64.0,255.255.224.0,4637
328216,102.141.96.0,255.255.240.0,8966
328323,102.141.120.0,255.255.248.0,6939
328816,102.141.208.0,255.255.252.0,8966
328313,102.141.235.0,255.255.255.0,8966
327962,102.141.240.0,255.255.240.0,4637
33788,102.143.128.0,255.255.128.0,15412
328341,102.164.0.0,255.255.224.0,8966
140595,102.164.56.0,255.255.252.0,9304
328296,102.164.60.0,255.255.255.0,6939
328285,102.164.64.0,255.255.240.0,6939
328315,102.164.80.0,255.255.240.0,6939
328287,102.164.104.0,255.255.248.0,6939
37649,102.164.128.0,255.255.192.0,4637
37529,102.164.248.0,255.255.252.0,4637
270353,102.165.46.0,255.255.255.0,4637
328278,102.165.64.0,255.255.224.0,4637
328275,102.165.120.0,255.255.252.0,8966
37521,102.165.124.0,255.255.255.0,4637
327897,102.165.160.0,255.255.248.0,6939
328270,102.165.168.0,255.255.248.0,6939
328316,102.176.176.0,255.255.252.0,15412
327984,102.176.192.0,255.255.224.0,8966
328260,102.176.251.0,255.255.255.0,4637
37356,102.177.0.0,255.255.192.0,8966
328262,102.177.64.0,255.255.248.0,6939
328269,102.177.72.0,255.255.252.0,8966
140867,102.177.178.0,255.255.255.0,9304
37577,102.178.0.0,255.255.252.0,15412
329006,102.204.48.0,255.255.252.0,6939
327966,102.204.56.0,255.255.252.0,4637
329643,102.204.60.0,255.255.252.0,4637
328178,102.204.92.0,255.255.252.0,4637
329622,102.204.148.0,255.255.252.0,8966
329618,102.204.196.0,255.255.252.0,8966
329608,102.204.244.0,255.255.252.0,4637
329597,102.205.28.0,255.255.252.0,15412
214354,102.205.44.0,255.255.255.0,8966
329583,102.205.80.0,255.255.252.0,4637
329582,102.205.84.0,255.255.252.0,6939
329562,102.205.148.0,255.255.252.0,8966
329558,102.205.164.0,255.255.255.0,4637
329552,102.205.188.0,255.255.254.0,4637
329546,102.205.206.0,255.255.255.0,6939
329541,102.205.212.0,255.255.254.0,8966
329539,102.205.216.0,255.255.252.0,4637
329535,102.205.236.0,255.255.252.0,8966
213481,102.205.240.0,255.255.254.0,4637
329527,102.206.12.0,255.255.252.0,8966
328974,102.206.84.0,255.255.252.0,4637
329126,102.206.92.0,255.255.252.0,4637
328888,102.206.100.0,255.255.254.0,4637
328987,102.206.112.0,255.255.252.0,8966
328939,102.206.128.0,255.255.252.0,9304
329478,102.206.160.0,255.255.252.0,4637
328977,102.206.164.0,255.255.252.0,8966
207113,102.206.164.0,255.255.255.0,8966
328780,102.206.200.0,255.255.255.0,4637
329174,102.206.204.0,255.255.252.0,4637
329039,102.206.212.0,255.255.252.0,8966
329289,102.206.236.0,255.255.252.0,15412
327992,102.207.4.0,255.255.252.0,4637
329518,102.207.44.0,255.255.252.0,8966
329206,102.207.60.0,255.255.252.0,15412
329303,102.207.92.0,255.255.255.0,4637
329510,102.207.120.0,255.255.254.0,6939
328061,102.207.176.0,255.255.252.0,9304
329497,102.207.191.0,255.255.255.0,8966
328722,102.207.244.0,255.255.255.0,4637
329481,102.208.8.0,255.255.255.0,8966
328464,102.208.12.0,255.255.255.0,4637
328223,102.208.16.0,255.255.252.0,4637
328659,102.208.20.0,255.255.255.0,8966
329474,102.208.36.0,255.255.252.0,8966
329467,102.208.64.0,255.255.252.0,4637
329465,102.208.83.0,255.255.255.0,4637
329009,102.208.88.0,255.255.255.0,4637
328988,102.208.96.0,255.255.252.0,9304
329455,102.208.140.0,255.255.255.0,703
329471,102.208.176.0,255.255.252.0,4637
329451,102.208.180.0,255.255.252.0,4637
329446,102.208.196.0,255.255.252.0,6939
327812,102.208.200.0,255.255.252.0,6939
328964,102.208.204.0,255.255.254.0,8966
329443,102.208.212.0,255.255.255.0,8966
328882,102.208.228.0,255.255.255.0,6939
329438,102.208.252.0,255.255.252.0,8966
329433,102.209.12.0,255.255.252.0,4637
328668,102.209.44.0,255.255.255.0,4637
328745,102.209.48.0,255.255.255.0,4637
328856,102.209.56.0,255.255.252.0,8966
329424,102.209.68.0,255.255.255.0,6939
329415,102.209.108.0,255.255.252.0,6939
329414,102.209.124.0,255.255.252.0,4637
329411,102.209.136.0,255.255.252.0,4637
329371,102.209.144.0,255.255.252.0,4637
329408,102.209.156.0,255.255.252.0,6939
329402,102.209.191.0,255.255.255.0,6939
329401,102.209.192.0,255.255.252.0,8966
327724,102.209.200.0,255.255.252.0,8966
37222,102.209.224.0,255.255.254.0,6939
328732,102.209.232.0,255.255.252.0,6939
329386,102.209.242.0,255.255.255.0,4637
329392,102.210.0.0,255.255.252.0,8966
329391,102.210.8.0,255.255.255.0,6939
329390,102.210.24.0,255.255.252.0,15412
329014,102.210.28.0,255.255.255.0,6939
329504,102.210.29.0,255.255.255.0,6939
329388,102.210.36.0,255.255.252.0,8966
329387,102.210.40.0,255.255.252.0,15412
329360,102.210.48.0,255.255.252.0,4637
327814,102.210.60.0,255.255.252.0,4637
37697,102.210.72.0,255.255.252.0,8966
328196,102.210.76.0,255.255.252.0,4637
329379,102.210.100.0,255.255.254.0,8966
329373,102.210.124.0,255.255.252.0,6939
37497,102.210.145.0,255.255.255.0,8966
328652,102.210.173.0,255.255.255.0,6939
329350,102.210.210.0,255.255.254.0,8966
37738,102.210.212.0,255.255.255.0,6939
328858,102.210.220.0,255.255.252.0,8966
329346,102.210.243.0,255.255.255.0,6939
329340,102.210.248.0,255.255.252.0,8966
328735,102.211.44.0,255.255.252.0,6939
329317,102.211.92.0,255.255.252.0,4637
329305,102.211.116.0,255.255.255.0,6939
328917,102.211.124.0,255.255.252.0,4637
329148,102.211.164.0,255.255.255.0,6939
327727,102.211.168.0,255.255.255.0,4637
329166,102.211.204.0,255.255.252.0,6939
329288,102.211.212.0,255.255.252.0,8966
37129,102.211.216.0,255.255.252.0,8966
329286,102.211.224.0,255.255.252.0,8966
329291,102.211.230.0,255.255.254.0,8966
329266,102.212.0.0,255.255.252.0,8966
212001,102.212.6.0,255.255.255.0,24482
329248,102.212.32.0,255.255.252.0,8966
328672,102.212.36.0,255.255.255.0,8966
329243,102.212.44.0,255.255.252.0,15412
329240,102.212.52.0,255.255.252.0,15412
329276,102.212.60.0,255.255.254.0,8966
329237,102.212.64.0,255.255.254.0,6939
329279,102.212.120.0,255.255.252.0,4637
329233,102.212.140.0,255.255.255.0,6939
329222,102.212.144.0,255.255.255.0,6939
329290,102.212.162.0,255.255.255.0,8966
328963,102.212.164.0,255.255.252.0,8966
329239,102.212.230.0,255.255.255.0,8966
329215,102.212.232.0,255.255.255.0,6939
329230,102.212.252.0,255.255.254.0,4637
328658,102.212.255.0,255.255.255.0,4637
327872,102.213.0.0,255.255.252.0,4637
329242,102.213.16.0,255.255.254.0,9304
329202,102.213.24.0,255.255.252.0,4637
328154,102.213.32.0,255.255.252.0,8966
329258,102.213.76.0,255.255.255.0,6939
329212,102.213.80.0,255.255.252.0,6939
329182,102.213.88.0,255.255.255.0,4637
329183,102.213.92.0,255.255.252.0,8966
37114,102.213.168.0,255.255.255.0,4637
329253,102.213.192.0,255.255.252.0,6939
328916,102.213.200.0,255.255.252.0,6939
329177,102.213.208.0,255.255.252.0,4637
329198,102.213.216.0,255.255.252.0,6939
329224,102.213.244.0,255.255.255.0,8966
327871,102.214.40.0,255.255.252.0,15412
329135,102.214.84.0,255.255.252.0,6939
329151,102.214.89.0,255.255.255.0,8966
37722,102.214.100.0,255.255.255.0,4637
329125,102.214.152.0,255.255.255.0,6939
327767,102.214.182.0,255.255.254.0,4637
329159,102.214.200.0,255.255.252.0,4637
329144,102.214.204.0,255.255.252.0,8966
329121,102.214.232.0,255.255.252.0,6939
329110,102.214.252.0,255.255.252.0,6939
328803,102.215.20.0,255.255.255.0,15412
329029,102.215.32.0,255.255.252.0,4637
329111,102.215.40.0,255.255.252.0,6939
329098,102.215.64.0,255.255.252.0,6939
328661,102.215.72.0,255.255.252.0,8966
329101,102.215.76.0,255.255.252.0,4637
329095,102.215.99.0,255.255.255.0,4637
329063,102.215.132.0,255.255.252.0,6939
329084,102.215.152.0,255.255.255.0,8966
209179,102.215.224.0,255.255.255.0,15412
329049,102.215.240.0,255.255.252.0,6939
329058,102.215.244.0,255.255.252.0,4637
329062,102.216.0.0,255.255.252.0,4637
329057,102.216.8.0,255.255.254.0,6939
329046,102.216.22.0,255.255.255.0,6939
329053,102.216.28.0,255.255.252.0,703
329064,102.216.40.0,255.255.252.0,8966
329033,102.216.64.0,255.255.252.0,8966
329028,102.216.72.0,255.255.252.0,4637
329038,102.216.112.0,255.255.252.0,8966
329021,102.216.116.0,255.255.254.0,8966
327983,102.216.124.0,255.255.252.0,8966
328111,102.216.168.0,255.255.252.0,8966
329032,102.216.176.0,255.255.252.0,6939
329024,102.216.180.0,255.255.252.0,4637
329036,102.216.188.0,255.255.252.0,8966
329099,102.216.236.0,255.255.254.0,6939
329109,102.216.238.0,255.255.254.0,4637
328999,102.217.8.0,255.255.255.0,8966
328991,102.217.44.0,255.255.255.0,6939
328994,102.217.100.0,255.255.252.0,6939
328993,102.217.120.0,255.255.254.0,8966
328989,102.217.124.0,255.255.252.0,8966
12556,102.217.132.0,255.255.252.0,8966
327906,102.217.144.0,255.255.252.0,8966
328884,102.217.152.0,255.255.255.0,8966
328986,102.217.172.0,255.255.255.0,6939
328633,102.217.184.0,255.255.252.0,4637
328970,102.217.188.0,255.255.252.0,4637
37659,102.217.213.0,255.255.255.0,4637
24757,102.218.0.0,255.255.252.0,9304
328952,102.218.8.0,255.255.254.0,8966
328948,102.218.16.0,255.255.254.0,8966
328942,102.218.40.0,255.255.254.0,6939
328946,102.218.44.0,255.255.252.0,6939
328016,102.218.64.0,255.255.252.0,4637
328950,102.218.72.0,255.255.255.0,4637
328975,102.218.124.0,255.255.252.0,4637
328826,102.218.192.0,255.255.252.0,8966
328918,102.218.200.0,255.255.252.0,6939
328915,102.218.204.0,255.255.255.0,4637
328719,102.219.16.0,255.255.252.0,4637
328935,102.219.56.0,255.255.252.0,6939
328870,102.219.108.0,255.255.252.0,6939
328874,102.219.136.0,255.255.254.0,6939
328894,102.219.138.0,255.255.255.0,8966
327960,102.219.144.0,255.255.252.0,8966
328931,102.219.148.0,255.255.255.0,4637
328848,102.219.228.0,255.255.252.0,8966
328855,102.219.232.0,255.255.255.0,8966
328868,102.219.240.0,255.255.255.0,8966
328691,102.219.252.0,255.255.252.0,8966
328846,102.220.20.0,255.255.255.0,8966
328837,102.220.53.0,255.255.255.0,4637
328839,102.220.68.0,255.255.252.0,4637
328825,102.220.96.0,255.255.255.0,6939
37599,102.220.102.0,255.255.254.0,8966
328820,102.220.104.0,255.255.255.0,8966
328911,102.220.120.0,255.255.254.0,6939
328929,102.220.122.0,255.255.254.0,8966
328912,102.220.127.0,255.255.255.0,8966
328818,102.220.132.0,255.255.252.0,6939
327921,102.220.141.0,255.255.255.0,703
328822,102.220.144.0,255.255.252.0,4637
328835,102.220.168.0,255.255.252.0,4637
328829,102.220.176.0,255.255.252.0,6939
328160,102.220.188.0,255.255.255.0,8966
328842,102.220.223.0,255.255.255.0,6939
328806,102.220.248.0,255.255.255.0,4637
328795,102.220.252.0,255.255.252.0,6939
328763,102.221.0.0,255.255.255.0,4637
328810,102.221.12.0,255.255.252.0,8966
328841,102.221.48.0,255.255.254.0,8966
328790,102.221.60.0,255.255.252.0,8966
328779,102.221.88.0,255.255.255.0,6939
328777,102.221.92.0,255.255.252.0,6939
328761,102.221.112.0,255.255.254.0,8966
328714,102.221.118.0,255.255.254.0,4637
328744,102.221.168.0,255.255.252.0,6939
328772,102.221.180.0,255.255.254.0,4637
328742,102.221.184.0,255.255.252.0,4637
328730,102.221.196.0,255.255.252.0,4637
328750,102.221.204.0,255.255.252.0,6939
328760,102.221.248.0,255.255.252.0,4637
328767,102.222.12.0,255.255.252.0,6939
328718,102.222.16.0,255.255.252.0,8966
328728,102.222.25.0,255.255.255.0,8966
327817,102.222.28.0,255.255.252.0,6939
328749,102.222.62.0,255.255.254.0,4637
37724,102.222.66.0,255.255.254.0,4637
328706,102.222.73.0,255.255.255.0,8966
328365,102.222.100.0,255.255.254.0,8966
328699,102.222.104.0,255.255.254.0,4637
328720,102.222.108.0,255.255.252.0,6939
37542,102.222.128.0,255.255.252.0,4637
328693,102.222.164.0,255.255.255.0,4637
328698,102.222.184.0,255.255.252.0,6939
328677,102.222.188.0,255.255.252.0,8966
328674,102.222.208.0,255.255.255.0,4637
37316,102.223.4.0,255.255.255.0,8966
328656,102.223.40.0,255.255.252.0,6939
328657,102.223.62.0,255.255.255.0,6939
328643,102.223.114.0,255.255.254.0,15412
328624,102.223.140.0,255.255.252.0,6939
329042,102.223.182.0,255.255.254.0,4637
327822,102.223.200.0,255.255.252.0,15412
328616,102.223.216.0,255.255.252.0,6939
328622,102.223.232.0,255.255.252.0,4637
327896,102.223.236.0,255.255.252.0,8966
328644,102.223.251.0,255.255.255.0,6939
5438,102.240.128.0,255.255.255.0,6939
131074,103.0.0.0,255.255.0.0,4637
56172,103.1.5.0,255.255.255.0,8966
55567,103.1.7.0,255.255.255.0,15412
131267,103.1.28.0,255.255.252.0,4637
142352,103.1.50.0,255.255.255.0,7713
150318,103.1.159.0,255.255.255.0,8966
4621,103.1.160.0,255.255.252.0,4637
5087,103.1.176.0,255.255.255.0,8966
58507,103.1.188.0,255.255.252.0,4637
23627,103.1.252.0,255.255.252.0,6939
24257,103.2.8.0,255.255.254.0,4637
24259,103.2.32.0,255.255.252.0,6939
7505,103.2.60.0,255.255.252.0,4637
150172,103.2.80.0,255.255.255.0,55720
45891,103.2.88.0,255.255.252.0,9304
17958,103.2.96.0,255.255.252.0,4637
38639,103.2.128.0,255.255.252.0,6939
38896,103.2.144.0,255.255.252.0,24482
131210,103.2.232.0,255.255.255.0,15412
10030,103.3.20.0,255.255.252.0,703
24282,103.3.48.0,255.255.252.0,4637
135477,103.3.58.0,255.255.255.0,7713
45325,103.3.68.0,255.255.255.0,7713
56262,103.3.80.0,255.255.252.0,17639
7595,103.3.164.0,255.255.255.0,35280
7506,103.3.188.0,255.255.252.0,4637
139994,103.3.220.0,255.255.252.0,4637
134860,103.3.234.0,255.255.254.0,35280
150216,103.4.76.0,255.255.254.0,7713
150204,103.4.80.0,255.255.255.0,18106
141934,103.4.82.0,255.255.254.0,8966
138823,103.4.100.0,255.255.254.0,7713
140607,103.4.102.0,255.255.255.0,8966
131316,103.4.122.0,255.255.255.0,4637
131455,103.4.132.0,255.255.255.0,35280
149684,103.4.240.0,255.255.255.0,7713
56252,103.4.243.0,255.255.255.0,41095
55350,103.4.244.0,255.255.252.0,9304
132021,103.5.0.0,255.255.254.0,9304
58381,103.5.50.0,255.255.254.0,7713
45499,103.5.60.0,255.255.255.0,4637
55575,103.5.77.0,255.255.255.0,35280
134753,103.5.79.0,255.255.255.0,9304
141226,103.5.108.0,255.255.255.0,4637
17408,103.5.116.0,255.255.252.0,15412
131160,103.5.140.0,255.255.252.0,8966
149938,103.5.149.0,255.255.255.0,7713
38207,103.5.188.0,255.255.252.0,15412
135516,103.5.212.0,255.255.254.0,4637
24441,103.5.230.0,255.255.254.0,9304
23864,103.5.240.0,255.255.255.0,4637
136968,103.5.241.0,255.255.255.0,6939
134148,103.5.242.0,255.255.255.0,4637
32242,103.6.4.0,255.255.255.0,9304
7604,103.6.12.0,255.255.252.0,4637
134041,103.6.90.0,255.255.255.0,35280
132164,103.6.117.0,255.255.255.0,8966
140586,103.6.119.0,255.255.255.0,4637
138311,103.6.120.0,255.255.255.0,15412
153800,103.6.123.0,255.255.255.0,8966
150768,103.6.124.0,255.255.254.0,8966
10214,103.6.208.0,255.255.254.0,4637
152992,103.6.234.0,255.255.254.0,8966
131310,103.6.236.0,255.255.252.0,15412
131693,103.7.12.0,255.255.255.0,7713
131694,103.7.84.0,255.255.252.0,7713
4768,103.7.96.0,255.255.255.0,4637
149994,103.7.123.0,255.255.255.0,8966
24192,103.7.168.0,255.255.252.0,4637
137352,103.7.186.0,255.255.255.0,24482
135406,103.7.188.0,255.255.254.0,4637
10075,103.7.248.0,255.255.252.0,8966
58580,103.8.28.0,255.255.255.0,35280
45707,103.8.56.0,255.255.255.0,7713
132240,103.8.72.0,255.255.254.0,4637
45320,103.8.76.0,255.255.254.0,7713
17450,103.8.96.0,255.255.252.0,7713
703,103.8.138.0,255.255.255.0,35280
58589,103.8.229.0,255.255.255.0,4637
136463,103.9.42.0,255.255.255.0,4637
132468,103.9.50.0,255.255.255.0,4637
45152,103.9.56.0,255.255.252.0,4637
55789,103.9.116.0,255.255.255.0,4637
9832,103.9.132.0,255.255.252.0,8966
132267,103.9.136.0,255.255.255.0,35280
131713,103.9.144.0,255.255.252.0,8966
135302,103.9.160.0,255.255.252.0,4637
58616,103.9.184.0,255.255.255.0,8966
9245,103.9.216.0,255.255.252.0,4637
132309,103.9.240.0,255.255.252.0,35280
134688,103.10.72.0,255.255.252.0,4637
17473,103.10.82.0,255.255.255.0,4637
56246,103.10.120.0,255.255.252.0,8966
17671,103.10.136.0,255.255.252.0,7713
37908,103.10.164.0,255.255.252.0,4637
45559,103.10.200.0,255.255.255.0,4637
24305,103.11.9.0,255.255.255.0,4637
58430,103.11.12.0,255.255.255.0,4637
132046,103.11.40.0,255.255.255.0,9304
9976,103.11.44.0,255.255.252.0,9304
9387,103.11.60.0,255.255.255.0,8966
45561,103.11.72.0,255.255.254.0,9304
24334,103.11.88.0,255.255.252.0,9304
58453,103.11.109.0,255.255.255.0,15412
58392,103.11.134.0,255.255.254.0,7713
38456,103.11.160.0,255.255.255.0,4637
38505,103.11.186.0,255.255.254.0,4637
132080,103.11.216.0,255.255.252.0,9304
45910,103.11.228.0,255.255.255.0,9304
18400,103.11.241.0,255.255.255.0,4637
137366,103.12.12.0,255.255.254.0,35280
140646,103.12.36.0,255.255.252.0,35280
58629,103.12.72.0,255.255.252.0,8966
142295,103.12.79.0,255.255.255.0,8966
131728,103.12.114.0,255.255.255.0,8966
58655,103.12.172.0,255.255.252.0,8966
58656,103.12.178.0,255.255.255.0,8966
136969,103.12.196.0,255.255.255.0,8966
38611,103.12.201.0,255.255.255.0,4637
134034,103.13.40.0,255.255.255.0,15412
146902,103.13.42.0,255.255.255.0,15412
131284,103.13.64.0,255.255.255.0,8359
136792,103.13.69.0,255.255.255.0,4637
132111,103.13.75.0,255.255.255.0,24482
23918,103.13.83.64,255.255.255.240,4637
4769,103.13.120.0,255.255.254.0,35280
55405,103.13.122.0,255.255.254.0,35280
138886,103.13.137.0,255.255.255.0,7713
150215,103.13.138.0,255.255.255.0,7713
150329,103.13.166.0,255.255.255.0,35280
58645,103.13.168.0,255.255.252.0,8966
56197,103.13.172.0,255.255.255.0,4637
134802,103.13.184.0,255.255.255.0,9304
136141,103.13.192.0,255.255.255.0,8966
138608,103.13.206.0,255.255.255.0,8966
58625,103.14.36.0,255.255.252.0,4637
147314,103.14.151.0,255.255.255.0,6939
150029,103.14.152.0,255.255.255.0,15412
132354,103.14.184.0,255.255.255.0,15412
131732,103.14.195.0,255.255.255.0,8966
58499,103.15.36.0,255.255.254.0,24482
55353,103.15.64.0,255.255.255.0,35280
18094,103.15.92.0,255.255.254.0,6939
17939,103.15.188.0,255.255.252.0,8966
131735,103.15.240.0,255.255.255.0,7713
132599,103.16.60.0,255.255.252.0,9304
134303,103.16.76.0,255.255.255.0,4637
131772,103.16.78.0,255.255.255.0,9304
131769,103.16.132.0,255.255.255.0,7713
38716,103.16.134.0,255.255.254.0,4637
132768,103.16.144.0,255.255.252.0,15412
132602,103.16.152.0,255.255.252.0,15412
131775,103.16.198.0,255.255.255.0,8966
150345,103.17.6.0,255.255.255.0,4637
150593,103.17.12.0,255.255.255.0,35280
55779,103.17.18.0,255.255.255.0,15412
150229,103.17.34.0,255.255.255.0,7713
56055,103.17.44.0,255.255.252.0,4637
24514,103.17.78.0,255.255.255.0,18106
131782,103.17.79.0,255.255.255.0,7713
56209,103.17.80.0,255.255.255.0,35280
56301,103.17.108.0,255.255.254.0,8966
58826,103.17.180.0,255.255.255.0,8966
38165,103.17.182.0,255.255.254.0,7713
135895,103.17.232.0,255.255.252.0,15412
131421,103.17.236.0,255.255.254.0,9304
150973,103.17.248.0,255.255.255.0,24482
45581,103.17.249.0,255.255.255.0,4637
23778,103.18.24.0,255.255.252.0,8966
150275,103.18.44.0,255.255.254.0,8966
24289,103.18.60.0,255.255.252.0,15412
142339,103.18.112.0,255.255.255.0,7713
45287,103.18.114.0,255.255.254.0,7713
7532,103.18.128.0,255.255.252.0,8966
58817,103.18.144.0,255.255.252.0,41095
150230,103.18.184.0,255.255.255.0,7713
134371,103.18.204.0,255.255.255.0,6939
45711,103.18.236.0,255.255.252.0,8966
56028,103.19.4.0,255.255.252.0,4637
23930,103.19.16.0,255.255.255.0,4637
150371,103.19.48.0,255.255.255.0,8966
132637,103.19.56.0,255.255.255.0,41095
132639,103.19.80.0,255.255.255.0,7713
132722,103.19.100.0,255.255.255.0,4637
150063,103.19.120.0,255.255.254.0,15412
55923,103.19.192.0,255.255.255.0,4637
24039,103.19.218.0,255.255.255.0,35280
132668,103.19.228.0,255.255.255.0,8966
149963,103.20.16.0,255.255.255.0,6939
132394,103.20.20.0,255.255.255.0,140627
55996,103.20.34.0,255.255.254.0,9304
38843,103.20.40.0,255.255.252.0,4637
17828,103.20.76.0,255.255.252.0,4637
150187,103.20.88.0,255.255.255.0,7713
14413,103.20.92.0,255.255.255.0,15412
154217,103.20.108.0,255.255.255.0,7713
149707,103.20.109.0,255.255.255.0,7713
10022,103.20.136.0,255.255.252.0,4637
45552,103.20.144.0,255.255.252.0,4637
58688,103.20.180.0,255.255.252.0,6939
58553,103.20.184.0,255.255.255.0,7713
55685,103.20.188.0,255.255.255.0,41095
58708,103.20.236.0,255.255.255.0,24482
132448,103.21.17.0,255.255.255.0,35280
132434,103.21.32.0,255.255.252.0,4637
132435,103.21.44.0,255.255.252.0,6939
132445,103.21.53.0,255.255.255.0,35280
45295,103.21.92.0,255.255.255.0,7713
132453,103.21.184.0,255.255.252.0,15412
149967,103.21.195.0,255.255.255.0,8966
131746,103.21.204.0,255.255.252.0,7713
9905,103.21.216.0,255.255.252.0,7713
131330,103.22.148.0,255.255.255.0,4637
45504,103.22.156.0,255.255.255.0,4637
134640,103.22.204.0,255.255.252.0,24482
134967,103.22.244.0,255.255.252.0,4637
132040,103.23.16.0,255.255.252.0,4637
45796,103.23.120.0,255.255.255.0,4637
133200,103.23.136.0,255.255.255.0,8966
58463,103.23.180.0,255.255.255.0,15412
132094,103.23.184.0,255.255.252.0,15412
58464,103.23.188.0,255.255.252.0,15412
131705,103.23.196.0,255.255.255.0,7713
134928,103.23.239.0,255.255.255.0,35280
140045,103.23.252.0,255.255.255.0,8966
132730,103.24.32.0,255.255.252.0,9304
46052,103.24.56.0,255.255.255.0,7713
58914,103.24.64.0,255.255.252.0,4637
46061,103.24.72.0,255.255.252.0,7713
55651,103.24.120.0,255.255.255.0,6939
133680,103.24.135.0,255.255.255.0,15412
9303,103.24.136.0,255.255.255.0,4637
9622,103.24.168.0,255.255.252.0,4637
132530,103.24.192.0,255.255.255.0,6939
132649,103.24.212.0,255.255.255.0,24482
132652,103.25.192.0,255.255.255.0,7713
59143,103.25.196.0,255.255.254.0,7713
132816,103.25.200.0,255.255.252.0,4637
132653,103.25.208.0,255.255.252.0,41095
18159,103.26.16.0,255.255.254.0,4637
9587,103.26.20.0,255.255.252.0,4637
7690,103.26.24.0,255.255.254.0,4637
150369,103.26.26.0,255.255.254.0,4637
132667,103.26.102.0,255.255.255.0,7713
132774,103.26.108.0,255.255.252.0,15412
141664,103.26.128.0,255.255.255.0,7713
58821,103.26.176.0,255.255.255.0,7713
142308,103.26.179.0,255.255.255.0,7713
142319,103.26.188.0,255.255.254.0,7713
132884,103.26.244.0,255.255.255.0,15412
136374,103.27.2.0,255.255.255.0,35280
133333,103.27.28.0,255.255.252.0,4637
58989,103.27.38.0,255.255.255.0,15412
132881,103.27.52.0,255.255.255.0,4637
132890,103.27.104.0,255.255.252.0,15412
10158,103.27.150.0,255.255.254.0,4637
132895,103.27.172.0,255.255.254.0,4637
150262,103.27.192.0,255.255.254.0,7713
132898,103.27.216.0,255.255.252.0,4637
132372,103.27.255.0,255.255.255.0,6939
139285,103.28.0.0,255.255.252.0,8966
150452,103.28.68.0,255.255.255.0,9304
58473,103.28.72.0,255.255.255.0,15412
133800,103.28.75.0,255.255.255.0,7713
58504,103.28.84.0,255.255.255.0,35280
56258,103.28.93.0,255.255.255.0,8966
63961,103.28.120.0,255.255.252.0,4637
131314,103.28.144.0,255.255.255.0,8966
45931,103.29.88.0,255.255.255.0,4637
131442,103.29.116.0,255.255.255.0,15412
56261,103.29.170.0,255.255.255.0,8966
58378,103.29.171.0,255.255.255.0,7713
38883,103.29.200.0,255.255.252.0,35280
45326,103.30.28.0,255.255.255.0,8966
18424,103.30.44.0,255.255.255.0,4637
56067,103.30.124.0,255.255.252.0,4637
58648,103.30.164.0,255.255.252.0,4637
45302,103.30.180.0,255.255.252.0,7713
150257,103.30.192.0,255.255.254.0,6939
38148,103.30.220.0,255.255.255.0,4637
150106,103.31.8.0,255.255.255.0,35280
131749,103.31.132.0,255.255.252.0,24482
132499,103.31.136.0,255.255.252.0,8966
38496,103.31.156.0,255.255.255.0,4637
45718,103.31.206.0,255.255.255.0,8966
212237,103.31.236.0,255.255.254.0,4637
139952,103.31.240.0,255.255.255.0,7713
131911,103.31.244.0,255.255.252.0,4637
134509,103.35.96.0,255.255.252.0,9304
23991,103.35.108.0,255.255.252.0,8966
9430,103.35.120.0,255.255.255.0,4637
134521,103.35.124.0,255.255.255.0,6939
63399,103.35.126.0,255.255.255.0,8966
64018,103.35.168.0,255.255.255.0,8966
62597,103.35.248.0,255.255.255.0,24482
133930,103.36.4.0,255.255.252.0,4637
7575,103.36.12.0,255.255.255.0,35280
133364,103.36.14.0,255.255.254.0,8966
133623,103.36.16.0,255.255.252.0,9304
133361,103.36.68.0,255.255.255.0,7713
131091,103.36.112.0,255.255.252.0,6939
136759,103.36.255.0,255.255.255.0,8966
150419,103.37.62.0,255.255.254.0,4637
153258,103.37.98.0,255.255.254.0,35280
63494,103.37.168.0,255.255.255.0,24482
133597,103.38.4.0,255.255.255.0,4637
133633,103.38.16.0,255.255.255.0,8966
138346,103.38.54.0,255.255.255.0,8966
38524,103.38.100.0,255.255.252.0,8966
151567,103.38.104.0,255.255.255.0,7713
152009,103.38.106.0,255.255.255.0,7713
151559,103.38.108.0,255.255.254.0,24482
133326,103.38.120.0,255.255.252.0,35280
137591,103.38.124.0,255.255.255.0,35280
140813,103.38.180.0,255.255.255.0,9304
140171,103.38.182.0,255.255.254.0,35280
150359,103.38.210.0,255.255.254.0,4637
150423,103.38.250.0,255.255.255.0,9304
150488,103.39.72.0,255.255.255.0,7713
150272,103.39.74.0,255.255.254.0,4637
133694,103.39.132.0,255.255.255.0,35280
59267,103.39.138.0,255.255.255.0,4637
131574,103.39.200.0,255.255.252.0,8966
59256,103.39.238.0,255.255.255.0,15412
208932,103.40.79.0,255.255.255.0,9304
24012,103.40.87.0,255.255.255.0,35280
133120,103.40.109.0,255.255.255.0,35280
63508,103.40.120.0,255.255.255.0,7713
23808,103.40.128.0,255.255.252.0,6939
135345,103.41.8.0,255.255.255.0,17639
59103,103.41.61.0,255.255.255.0,41095
136093,103.41.78.0,255.255.255.0,7713
139983,103.41.120.0,255.255.252.0,7713
136841,103.41.248.0,255.255.255.0,7713
147181,103.42.4.0,255.255.255.0,4637
150446,103.42.63.0,255.255.255.0,4637
139195,103.42.73.0,255.255.255.0,4637
24519,103.42.118.0,255.255.254.0,41095
133799,103.42.252.0,255.255.252.0,7713
133793,103.43.20.0,255.255.255.0,24482
137207,103.43.28.0,255.255.252.0,4637
134021,103.43.65.0,255.255.255.0,35280
56038,103.43.116.0,255.255.255.0,8966
63945,103.43.144.0,255.255.255.0,4637
11870,103.44.17.0,255.255.255.0,24482
150191,103.44.19.0,255.255.255.0,8966
63919,103.44.24.0,255.255.255.0,35280
138685,103.44.44.0,255.255.255.0,4637
133803,103.44.149.0,255.255.255.0,8966
63927,103.44.232.0,255.255.252.0,4637
150462,103.46.186.0,255.255.254.0,8966
141618,103.46.198.0,255.255.255.0,7713
18149,103.47.2.0,255.255.255.0,8966
59273,103.47.10.0,255.255.254.0,41095
396388,103.47.62.0,255.255.255.0,6939
133114,103.47.154.0,255.255.255.0,4637
133692,103.47.216.0,255.255.252.0,35280
63931,103.47.246.0,255.255.254.0,4637
133918,103.47.252.0,255.255.252.0,15412
59105,103.48.31.0,255.255.255.0,41095
136696,103.48.108.0,255.255.255.0,35280
63861,103.48.128.0,255.255.252.0,7713
136634,103.48.147.0,255.255.255.0,4637
133934,103.48.208.0,255.255.255.0,4637
133936,103.49.24.0,255.255.255.0,24482
63862,103.49.28.0,255.255.254.0,41095
141262,103.49.48.0,255.255.255.0,4637
150480,103.49.50.0,255.255.254.0,24482
59110,103.49.140.0,255.255.252.0,4637
3661,103.49.160.0,255.255.252.0,4637
141317,103.49.164.0,255.255.255.0,35280
153870,103.49.167.0,255.255.255.0,15412
136215,103.49.201.0,255.255.255.0,8966
133950,103.49.205.0,255.255.255.0,4637
24211,103.49.220.0,255.255.254.0,7713
63868,103.49.228.0,255.255.255.0,4637
150586,103.49.236.0,255.255.255.0,35280
133953,103.49.246.0,255.255.254.0,9304
134907,103.49.252.0,255.255.255.0,4637
132784,103.49.254.0,255.255.255.0,4637
141324,103.50.22.0,255.255.254.0,35280
133809,103.50.128.0,255.255.252.0,7713
134001,103.50.152.0,255.255.255.0,35280
134066,103.50.164.0,255.255.252.0,9304
133819,103.51.44.0,255.255.255.0,7713
10204,103.51.50.0,255.255.254.0,4637
131657,103.51.90.0,255.255.255.0,8359
63741,103.51.120.0,255.255.255.0,9304
152718,103.51.128.0,255.255.255.0,8966
141898,103.51.206.0,255.255.255.0,7713
135852,103.51.222.0,255.255.255.0,35280
150202,103.52.6.0,255.255.255.0,7713
133811,103.52.16.0,255.255.255.0,35280
133815,103.52.44.0,255.255.252.0,7713
138881,103.52.60.0,255.255.255.0,24482
59183,103.52.138.0,255.255.255.0,15412
63872,103.52.170.0,255.255.254.0,7713
139955,103.53.28.0,255.255.254.0,7713
23862,103.53.58.0,255.255.255.0,17639
133817,103.53.76.0,255.255.255.0,7713
150683,103.53.162.0,255.255.255.0,8966
63874,103.53.184.0,255.255.255.0,7713
55697,103.54.0.0,255.255.255.0,7713
140411,103.54.1.0,255.255.255.0,8966
134119,103.54.68.0,255.255.252.0,15412
38516,103.54.92.0,255.255.255.0,4637
135848,103.54.100.0,255.255.252.0,4637
136978,103.54.110.0,255.255.255.0,15412
141071,103.54.171.0,255.255.255.0,7713
58824,103.54.172.0,255.255.255.0,7713
150577,103.54.176.0,255.255.255.0,15412
140096,103.55.4.0,255.255.255.0,8966
150487,103.55.28.0,255.255.254.0,24482
133989,103.55.104.0,255.255.255.0,35280
138828,103.55.159.0,255.255.255.0,7713
134147,103.55.162.0,255.255.254.0,4637
150482,103.55.224.0,255.255.254.0,8966
134658,103.55.227.0,255.255.255.0,7713
9230,103.56.3.0,255.255.255.0,8966
152000,103.56.80.0,255.255.255.0,24482
210897,103.56.172.0,255.255.255.0,4637
149946,103.57.8.0,255.255.255.0,7713
136373,103.57.66.0,255.255.255.0,35280
137083,103.57.96.0,255.255.255.0,4637
134187,103.57.156.0,255.255.252.0,6939
134840,103.57.204.0,255.255.255.0,8966
140499,103.57.225.0,255.255.255.0,8966
201246,103.58.8.0,255.255.252.0,6939
134012,103.58.96.0,255.255.252.0,4637
59278,103.58.160.0,255.255.252.0,7713
24373,103.59.48.0,255.255.255.0,8966
150692,103.59.162.0,255.255.255.0,9304
136900,103.60.20.0,255.255.255.0,35280
134232,103.60.24.0,255.255.252.0,15412
64095,103.60.99.0,255.255.255.0,4637
7546,103.60.200.0,255.255.252.0,140627
150696,103.60.204.0,255.255.255.0,8966
134305,103.60.212.0,255.255.255.0,15412
150515,103.61.6.0,255.255.255.0,41095
45734,103.61.71.0,255.255.255.0,8966
134363,103.61.192.0,255.255.254.0,24482
134788,103.62.152.0,255.255.252.0,9304
63883,103.62.202.0,255.255.254.0,7713
38193,103.62.234.0,255.255.254.0,8966
138089,103.63.26.0,255.255.255.0,7713
139049,103.63.156.0,255.255.252.0,15412
150609,103.64.128.0,255.255.254.0,35280
150704,103.65.116.0,255.255.254.0,9304
151967,103.65.138.0,255.255.255.0,8966
153346,103.65.141.0,255.255.255.0,4637
142333,103.65.142.0,255.255.255.0,7713
135553,103.65.188.0,255.255.255.0,24482
135449,103.65.212.0,255.255.255.0,7713
135512,103.65.233.0,255.255.255.0,15412
58470,103.65.248.0,255.255.255.0,8966
135688,103.66.4.0,255.255.255.0,15412
141277,103.66.19.0,255.255.255.0,4637
45240,103.66.26.0,255.255.254.0,4637
135565,103.66.37.0,255.255.255.0,4637
135234,103.66.48.0,255.255.255.0,15412
139982,103.66.62.0,255.255.254.0,8966
133840,103.66.70.0,255.255.255.0,41095
141549,103.66.76.0,255.255.252.0,4637
141107,103.66.86.0,255.255.255.0,7713
140170,103.66.120.0,255.255.255.0,4637
9507,103.66.132.0,255.255.254.0,4637
38680,103.66.188.0,255.255.252.0,9304
150605,103.66.236.0,255.255.255.0,35280
151976,103.67.56.0,255.255.254.0,4637
151996,103.67.88.0,255.255.255.0,7713
152005,103.67.90.0,255.255.255.0,7713
135760,103.67.96.0,255.255.255.0,35280
9915,103.67.160.0,255.255.255.0,4637
131910,103.67.220.0,255.255.252.0,4637
140687,103.67.236.0,255.255.255.0,35280
24225,103.67.240.0,255.255.254.0,7713
150265,103.68.2.0,255.255.255.0,7713
135722,103.68.8.0,255.255.252.0,15412
135799,103.68.28.0,255.255.252.0,35280
135775,103.68.36.0,255.255.255.0,15412
135777,103.68.52.0,255.255.255.0,4637
131219,103.68.94.0,255.255.255.0,8966
151552,103.68.106.0,255.255.255.0,9304
131299,103.68.112.0,255.255.255.0,15412
131273,103.68.138.0,255.255.255.0,15412
131270,103.68.160.0,255.255.252.0,35280
7628,103.68.202.0,255.255.255.0,35280
150517,103.68.214.0,255.255.254.0,24482
131296,103.68.228.0,255.255.252.0,4637
150541,103.68.232.0,255.255.254.0,7713
138257,103.69.4.0,255.255.255.0,15412
135686,103.69.44.0,255.255.252.0,15412
150529,103.69.60.0,255.255.255.0,35280
18351,103.69.64.0,255.255.252.0,7713
135158,103.69.78.0,255.255.255.0,4637
151203,103.69.104.0,255.255.254.0,4637
147087,103.69.106.0,255.255.254.0,7713
23966,103.69.110.0,255.255.254.0,8966
131464,103.69.148.0,255.255.252.0,8966
135445,103.69.177.0,255.255.255.0,4637
23913,103.69.198.0,255.255.255.0,4637
132006,103.69.204.0,255.255.252.0,6939
131996,103.69.208.0,255.255.255.0,4637
132337,103.69.212.0,255.255.255.0,132337
150240,103.69.233.0,255.255.255.0,41095
150267,103.69.255.0,255.255.255.0,8966
45809,103.70.24.0,255.255.252.0,4637
135464,103.70.68.0,255.255.255.0,7713
149400,103.70.94.0,255.255.255.0,8966
150980,103.70.122.0,255.255.255.0,24482
134262,103.70.128.0,255.255.255.0,15412
135763,103.70.152.0,255.255.252.0,15412
55366,103.70.172.0,255.255.252.0,35280
135712,103.70.204.0,255.255.255.0,35280
134149,103.70.232.0,255.255.255.0,4637
59123,103.70.240.0,255.255.252.0,8966
132148,103.70.249.0,255.255.255.0,9304
138771,103.71.16.0,255.255.255.0,35280
135705,103.71.64.0,255.255.252.0,15412
139981,103.71.160.0,255.255.254.0,41095
135690,103.71.168.0,255.255.252.0,15412
135380,103.71.220.0,255.255.254.0,4637
9875,103.71.224.0,255.255.255.0,8966
141342,103.72.0.0,255.255.255.0,8966
147302,103.72.3.0,255.255.255.0,8966
151729,103.72.8.0,255.255.252.0,15412
151788,103.72.58.0,255.255.254.0,9304
150235,103.72.89.0,255.255.255.0,7713
133112,103.72.136.0,255.255.255.0,6939
151685,103.72.140.0,255.255.255.0,4637
18196,103.72.204.0,255.255.255.0,15412
133075,103.72.208.0,255.255.254.0,4637
206230,103.73.34.0,255.255.255.0,8966
132436,103.73.36.0,255.255.255.0,8966
132476,103.73.57.0,255.255.255.0,35280
132464,103.73.58.0,255.255.255.0,9304
18187,103.73.68.0,255.255.252.0,4637
135468,103.73.72.0,255.255.252.0,8966
135474,103.73.76.0,255.255.255.0,7713
23686,103.73.83.0,255.255.255.0,4637
132491,103.73.84.0,255.255.254.0,15412
132298,103.73.104.0,255.255.255.0,8966
132528,103.73.108.0,255.255.252.0,4637
132686,103.73.238.0,255.255.255.0,8966
38090,103.74.0.0,255.255.252.0,8966
135444,103.74.5.0,255.255.255.0,7713
147006,103.74.11.0,255.255.255.0,8966
132799,103.74.14.0,255.255.254.0,35280
139879,103.74.20.0,255.255.255.0,8966
132808,103.74.66.0,255.255.254.0,4637
46034,103.74.143.0,255.255.255.0,7713
149515,103.74.188.0,255.255.255.0,24482
148968,103.74.190.0,255.255.254.0,24482
4851,103.74.216.0,255.255.252.0,4637
135697,103.74.227.0,255.255.255.0,15412
9825,103.74.229.0,255.255.255.0,8966
135693,103.74.244.0,255.255.252.0,35280
133045,103.75.4.0,255.255.252.0,4637
149268,103.75.40.0,255.255.255.0,15412
135476,103.75.50.0,255.255.255.0,35280
136873,103.75.84.0,255.255.254.0,7713
133206,103.75.134.0,255.255.254.0,4637
38166,103.75.175.0,255.255.255.0,8966
133483,103.75.202.0,255.255.255.0,4637
135239,103.75.224.0,255.255.255.0,35280
138466,103.76.40.0,255.255.252.0,4637
150242,103.76.91.0,255.255.255.0,4637
151589,103.76.104.0,255.255.255.0,7713
151576,103.76.108.0,255.255.255.0,8966
150639,103.76.118.0,255.255.255.0,4637
141890,103.76.178.0,255.255.255.0,8966
135307,103.76.179.0,255.255.255.0,4637
135480,103.76.200.0,255.255.252.0,8966
58610,103.76.205.0,255.255.255.0,4637
135628,103.77.17.0,255.255.255.0,15412
150596,103.77.42.0,255.255.255.0,4637
38229,103.77.64.0,255.255.252.0,8966
134832,103.77.70.0,255.255.254.0,35280
63631,103.77.72.0,255.255.255.0,9304
135636,103.77.76.0,255.255.255.0,7713
146872,103.77.80.0,255.255.255.0,35280
140810,103.77.172.0,255.255.254.0,4637
151799,103.77.180.0,255.255.254.0,4637
131765,103.77.185.0,255.255.255.0,7713
10222,103.77.192.0,255.255.254.0,4637
64297,103.77.204.0,255.255.252.0,8966
151797,103.77.210.0,255.255.254.0,4637
135811,103.78.20.0,255.255.255.0,4637
55482,103.78.32.0,255.255.255.0,15412
150256,103.78.51.0,255.255.255.0,7713
135654,103.78.52.0,255.255.255.0,8966
135662,103.78.108.0,255.255.254.0,15412
58650,103.78.118.0,255.255.254.0,4637
135668,103.78.136.0,255.255.255.0,4637
135810,103.78.137.0,255.255.255.0,35280
146932,103.78.170.0,255.255.255.0,15412
150021,103.78.186.0,255.255.255.0,35280
64302,103.78.232.0,255.255.255.0,4637
139029,103.78.255.0,255.255.255.0,8966
135806,103.79.8.0,255.255.252.0,15412
138453,103.79.17.0,255.255.255.0,8966
135889,103.79.23.0,255.255.255.0,4637
7540,103.79.92.0,255.255.255.0,41095
134932,103.79.100.0,255.255.255.0,15412
136001,103.79.124.0,255.255.252.0,4637
139951,103.79.128.0,255.255.255.0,7713
9232,103.79.187.0,255.255.255.0,9304
131262,103.79.220.0,255.255.252.0,15412
136014,103.80.0.0,255.255.252.0,8966
136784,103.80.8.0,255.255.254.0,15412
137655,103.80.54.0,255.255.255.0,35280
135863,103.80.68.0,255.255.255.0,15412
135526,103.80.69.0,255.255.255.0,4637
64313,103.80.92.0,255.255.254.0,8966
9821,103.80.140.0,255.255.252.0,17639
23953,103.80.189.0,255.255.255.0,7713
153092,103.80.214.0,255.255.254.0,7713
151582,103.80.230.0,255.255.255.0,7713
64315,103.80.236.0,255.255.255.0,7713
136054,103.80.240.0,255.255.255.0,7713
135422,103.80.248.0,255.255.255.0,15412
132430,103.80.251.0,255.255.255.0,4637
137163,103.81.24.0,255.255.252.0,15412
136055,103.81.64.0,255.255.255.0,8966
138797,103.81.77.0,255.255.255.0,35280
150383,103.81.103.0,255.255.255.0,15412
150958,103.81.110.0,255.255.255.0,7713
135851,103.81.116.0,255.255.255.0,35280
59126,103.81.144.0,255.255.252.0,4637
150553,103.81.254.0,255.255.255.0,8966
18274,103.82.88.0,255.255.252.0,8966
135782,103.82.96.0,255.255.255.0,4637
7551,103.82.108.0,255.255.255.0,4637
136161,103.82.124.0,255.255.255.0,4637
136065,103.82.126.0,255.255.254.0,7713
135964,103.82.204.0,255.255.254.0,9304
137969,103.82.218.0,255.255.255.0,9304
136168,103.82.232.0,255.255.255.0,9304
142370,103.82.246.0,255.255.255.0,24482
150750,103.83.30.0,255.255.255.0,8966
135826,103.83.80.0,255.255.255.0,15412
136184,103.83.89.0,255.255.255.0,8966
136078,103.83.96.0,255.255.255.0,7713
150748,103.83.134.0,255.255.254.0,8966
131241,103.83.162.0,255.255.254.0,9304
58971,103.83.244.0,255.255.252.0,35280
141421,103.84.56.0,255.255.255.0,8966
24086,103.84.76.0,255.255.252.0,4637
136237,103.84.136.0,255.255.252.0,9304
137995,103.84.137.0,255.255.255.0,4637
136075,103.84.208.0,255.255.255.0,7713
138096,103.85.15.0,255.255.255.0,7713
8360,103.85.135.0,255.255.255.0,4637
139901,103.85.236.0,255.255.252.0,8966
136312,103.86.4.0,255.255.254.0,35280
134612,103.86.24.0,255.255.254.0,7713
138655,103.86.39.0,255.255.255.0,8966
136398,103.86.102.0,255.255.255.0,4637
150552,103.86.116.0,255.255.254.0,7713
136400,103.86.124.0,255.255.255.0,8966
136284,103.86.180.0,255.255.255.0,35280
135107,103.86.188.0,255.255.254.0,6939
149765,103.86.195.0,255.255.255.0,8966
45489,103.87.124.0,255.255.254.0,4637
38765,103.87.160.0,255.255.255.0,7713
136106,103.87.184.0,255.255.252.0,35280
151983,103.87.194.0,255.255.255.0,8966
150259,103.87.202.0,255.255.255.0,24482
133189,103.87.218.0,255.255.254.0,4637
136088,103.87.228.0,255.255.255.0,8966
4622,103.88.88.0,255.255.255.0,41095
134942,103.88.132.0,255.255.254.0,15412
136499,103.88.147.0,255.255.255.0,4637
38209,103.88.155.0,255.255.255.0,9304
134806,103.89.27.0,255.255.255.0,8966
150636,103.89.46.0,255.255.255.0,4637
61327,103.89.144.0,255.255.252.0,41095
56099,103.89.236.0,255.255.252.0,17639
150137,103.90.12.0,255.255.255.0,4637
59129,103.90.16.0,255.255.254.0,15412
63497,103.90.25.0,255.255.255.0,7713
135425,103.90.58.0,255.255.254.0,4637
136493,103.90.76.0,255.255.255.0,6939
131915,103.90.164.0,255.255.252.0,4637
136362,103.90.180.0,255.255.252.0,15412
131767,103.90.196.0,255.255.255.0,8966
136300,103.90.200.0,255.255.255.0,15412
136103,103.90.210.0,255.255.255.0,7713
133271,103.90.211.0,255.255.255.0,35280
142453,103.90.236.0,255.255.252.0,15412
131916,103.91.4.0,255.255.252.0,6939
38158,103.91.20.0,255.255.252.0,7713
136105,103.91.44.0,255.255.252.0,8966
136356,103.91.62.0,255.255.255.0,35280
136361,103.91.92.0,255.255.252.0,35280
136360,103.91.96.0,255.255.254.0,15412
136514,103.91.128.0,255.255.255.0,8966
136515,103.91.140.0,255.255.252.0,4637
139967,103.91.149.0,255.255.255.0,7713
45637,103.91.172.0,255.255.252.0,4637
136524,103.91.196.0,255.255.252.0,4637
976,103.91.219.0,255.255.255.0,8966
136303,103.91.220.0,255.255.255.0,35280
150570,103.91.224.0,255.255.255.0,4637
136533,103.91.240.0,255.255.252.0,7713
150022,103.92.106.0,255.255.255.0,4637
136552,103.92.148.0,255.255.255.0,703
136306,103.92.162.0,255.255.255.0,15412
136823,103.92.224.0,255.255.252.0,8966
18278,103.92.228.0,255.255.252.0,8966
136343,103.93.9.0,255.255.255.0,4637
134785,103.93.32.0,255.255.255.0,8966
136323,103.93.36.0,255.255.255.0,35280
136322,103.93.48.0,255.255.254.0,15412
131918,103.93.60.0,255.255.252.0,6939
61414,103.93.76.0,255.255.255.0,6939
135060,103.93.150.0,255.255.255.0,4637
136116,103.93.158.0,255.255.254.0,7713
136357,103.93.200.0,255.255.255.0,15412
139623,103.93.232.0,255.255.255.0,4637
63490,103.93.236.0,255.255.255.0,7713
45722,103.94.8.0,255.255.252.0,4637
138244,103.94.27.0,255.255.255.0,4637
136617,103.94.68.0,255.255.252.0,8966
138277,103.94.81.0,255.255.255.0,15412
136119,103.94.168.0,255.255.255.0,8966
136733,103.94.224.0,255.255.255.0,24482
63878,103.94.248.0,255.255.255.0,41095
138884,103.94.250.0,255.255.255.0,7713
136741,103.95.0.0,255.255.252.0,4637
131923,103.95.104.0,255.255.252.0,4637
63770,103.95.184.0,255.255.252.0,41095
136785,103.95.215.0,255.255.255.0,6939
136654,103.96.12.0,255.255.252.0,4637
38029,103.96.30.0,255.255.255.0,8359
17981,103.96.78.0,255.255.255.0,9304
134153,103.96.104.0,255.255.254.0,8966
136797,103.96.110.0,255.255.255.0,4637
9607,103.96.112.0,255.255.252.0,4637
136805,103.96.141.0,255.255.255.0,4637
63773,103.96.229.0,255.255.255.0,15412
135277,103.96.242.0,255.255.254.0,4637
136127,103.97.4.0,255.255.255.0,41095
136131,103.97.77.0,255.255.255.0,6939
58820,103.97.111.0,255.255.255.0,7713
150923,103.97.224.0,255.255.255.0,7713
141846,103.97.226.0,255.255.255.0,15412
134578,103.98.15.0,255.255.255.0,55720
136820,103.98.116.0,255.255.254.0,7713
136828,103.98.120.0,255.255.255.0,8966
149781,103.98.192.0,255.255.255.0,15412
136920,103.99.26.0,255.255.255.0,7713
150279,103.99.27.0,255.255.255.0,7713
150723,103.99.35.0,255.255.255.0,6939
63772,103.99.80.0,255.255.252.0,15412
150315,103.99.132.0,255.255.255.0,8966
151575,103.99.136.0,255.255.255.0,7713
135139,103.99.148.0,255.255.252.0,4637
54415,103.99.168.0,255.255.255.0,6939
136837,103.99.214.0,255.255.255.0,8966
136948,103.99.249.0,255.255.255.0,8966
137819,103.100.75.0,255.255.255.0,35280
136838,103.100.96.0,255.255.255.0,35280
133527,103.100.112.0,255.255.252.0,8966
17911,103.100.188.0,255.255.255.0,8966
137050,103.100.204.0,255.255.255.0,9304
136664,103.100.216.0,255.255.252.0,35280
136972,103.100.224.0,255.255.252.0,4637
136975,103.101.16.0,255.255.255.0,4637
135860,103.101.92.0,255.255.255.0,15412
136636,103.101.108.0,255.255.252.0,8966
23951,103.101.138.0,255.255.254.0,7713
136994,103.101.168.0,255.255.252.0,4637
136998,103.101.208.0,255.255.255.0,4637
150941,103.101.216.0,255.255.255.0,7713
142347,103.101.218.0,255.255.255.0,7713
135523,103.101.232.0,255.255.255.0,8966
136865,103.102.12.0,255.255.254.0,7713
137331,103.102.15.0,255.255.255.0,7713
150925,103.102.16.0,255.255.254.0,7713
136700,103.102.96.0,255.255.255.0,15412
142601,103.102.108.0,255.255.255.0,41095
136856,103.102.112.0,255.255.254.0,41095
45158,103.102.118.0,255.255.255.0,15412
136854,103.102.140.0,255.255.255.0,8966
137032,103.102.164.0,255.255.255.0,4637
14907,103.102.166.0,255.255.255.0,4637
137042,103.102.222.0,255.255.255.0,35280
210456,103.102.231.0,255.255.255.0,4637
9255,103.102.235.0,255.255.255.0,4637
136708,103.103.8.0,255.255.252.0,15412
137047,103.103.42.0,255.255.255.0,8966
150467,103.103.115.0,255.255.255.0,8966
135928,103.103.116.0,255.255.252.0,8966
136671,103.103.120.0,255.255.255.0,15412
138818,103.103.136.0,255.255.255.0,7713
136861,103.103.144.0,255.255.255.0,24482
23747,103.103.148.0,255.255.255.0,4637
136847,103.103.180.0,255.255.255.0,7713
137955,103.103.194.0,255.255.255.0,4637
136714,103.104.44.0,255.255.252.0,35280
136869,103.104.204.0,255.255.252.0,41095
141815,103.104.231.0,255.255.255.0,4637
137495,103.105.20.0,255.255.254.0,4637
150942,103.105.56.0,255.255.255.0,41095
150945,103.105.92.0,255.255.255.0,24482
141887,103.105.114.0,255.255.255.0,7713
17727,103.105.128.0,255.255.255.0,4637
38858,103.105.145.0,255.255.255.0,4637
137239,103.105.212.0,255.255.252.0,9304
141137,103.105.217.0,255.255.255.0,24482
136885,103.105.252.0,255.255.255.0,7713
38047,103.106.52.0,255.255.255.0,9304
137267,103.106.110.0,255.255.255.0,4637
136880,103.106.112.0,255.255.255.0,8966
131928,103.106.124.0,255.255.252.0,4637
137157,103.106.136.0,255.255.255.0,15412
18207,103.106.160.0,255.255.252.0,9304
136888,103.106.173.0,255.255.255.0,8966
137090,103.106.180.0,255.255.255.0,4637
137329,103.106.216.0,255.255.255.0,24482
4796,103.107.4.0,255.255.252.0,7713
137388,103.107.39.0,255.255.255.0,4637
137404,103.107.80.0,255.255.252.0,9304
150932,103.107.136.0,255.255.255.0,24482
150948,103.107.138.0,255.255.254.0,41095
137094,103.107.150.0,255.255.255.0,15412
38515,103.107.248.0,255.255.252.0,7713
137102,103.107.252.0,255.255.255.0,15412
147224,103.108.45.0,255.255.255.0,35280
137425,103.108.60.0,255.255.255.0,8966
137426,103.108.68.0,255.255.254.0,4637
24436,103.108.86.0,255.255.255.0,35280
137150,103.108.98.0,255.255.255.0,4637
137104,103.108.118.0,255.255.255.0,15412
137107,103.108.152.0,255.255.255.0,35280
37988,103.108.228.0,255.255.255.0,4637
131929,103.108.232.0,255.255.252.0,6939
46024,103.108.254.0,255.255.255.0,7713
137310,103.109.0.0,255.255.255.0,7713
137109,103.109.12.0,255.255.255.0,15412
137311,103.109.24.0,255.255.255.0,7713
134734,103.109.97.0,255.255.255.0,8966
137316,103.109.124.0,255.255.255.0,7713
141805,103.109.137.0,255.255.255.0,35280
137315,103.109.210.0,255.255.255.0,7713
137491,103.110.96.0,255.255.252.0,15412
137562,103.110.142.0,255.255.255.0,15412
135269,103.110.166.0,255.255.255.0,35280
17494,103.110.215.0,255.255.255.0,6939
137535,103.110.220.0,255.255.254.0,8966
134877,103.110.236.0,255.255.252.0,15412
146904,103.111.6.0,255.255.254.0,35280
137118,103.111.108.0,255.255.255.0,35280
149951,103.111.118.0,255.255.255.0,24482
23947,103.111.144.0,255.255.255.0,8966
137678,103.111.158.0,255.255.255.0,35280
137922,103.111.180.0,255.255.254.0,8966
59149,103.111.248.0,255.255.255.0,7713
137532,103.112.64.0,255.255.255.0,8966
137327,103.112.122.0,255.255.254.0,8966
151043,103.112.138.0,255.255.255.0,7713
18117,103.112.188.0,255.255.255.0,35280
137332,103.112.189.0,255.255.255.0,7713
135059,103.112.191.0,255.255.255.0,4637
138109,103.112.194.0,255.255.255.0,7713
150744,103.112.205.0,255.255.255.0,8966
137172,103.112.212.0,255.255.252.0,15412
137171,103.113.0.0,255.255.255.0,35280
138165,103.113.1.0,255.255.255.0,35280
137557,103.113.44.0,255.255.255.0,9304
63774,103.113.56.0,255.255.255.0,41095
135110,103.113.60.0,255.255.255.0,9304
135943,103.113.80.0,255.255.255.0,41095
137561,103.113.100.0,255.255.255.0,8966
137566,103.113.176.0,255.255.252.0,4637
137567,103.113.184.0,255.255.252.0,9304
135859,103.113.188.0,255.255.252.0,15412
24556,103.113.196.0,255.255.255.0,8966
136342,103.113.228.0,255.255.252.0,15412
137575,103.113.244.0,255.255.255.0,4637
24263,103.113.246.0,255.255.255.0,6939
138787,103.113.252.0,255.255.255.0,15412
137576,103.114.12.0,255.255.252.0,4637
137360,103.114.35.0,255.255.255.0,7713
137349,103.114.52.0,255.255.255.0,7713
137351,103.114.144.0,255.255.255.0,18106
137905,103.114.146.0,255.255.254.0,4637
137815,103.114.170.0,255.255.255.0,8966
23618,103.114.184.0,255.255.252.0,4637
139719,103.115.4.0,255.255.254.0,4637
137823,103.115.24.0,255.255.252.0,8966
137359,103.115.36.0,255.255.252.0,41095
137831,103.115.79.0,255.255.255.0,4637
150363,103.115.84.0,255.255.254.0,4637
137841,103.115.112.0,255.255.255.0,35280
135223,103.115.124.0,255.255.255.0,35280
137847,103.115.136.0,255.255.252.0,4637
138131,103.115.164.0,255.255.255.0,7713
141959,103.115.176.0,255.255.252.0,4637
23676,103.115.192.0,255.255.255.0,140627
152605,103.115.196.0,255.255.255.0,8966
134922,103.116.136.0,255.255.254.0,35280
137363,103.116.172.0,255.255.252.0,24482
4770,103.116.188.0,255.255.254.0,4637
62062,103.116.199.0,255.255.255.0,41095
137945,103.116.240.0,255.255.255.0,4637
150478,103.117.10.0,255.255.255.0,8966
137913,103.117.24.0,255.255.252.0,24482
137609,103.117.32.0,255.255.255.0,15412
150954,103.117.58.0,255.255.254.0,35280
137681,103.117.60.0,255.255.255.0,4637
151358,103.117.116.0,255.255.255.0,8966
148992,103.117.176.0,255.255.255.0,35280
139460,103.117.205.0,255.255.255.0,7713
137677,103.117.236.0,255.255.255.0,35280
135947,103.117.240.0,255.255.255.0,9304
134152,103.118.20.0,255.255.252.0,15412
131937,103.118.92.0,255.255.252.0,6939
137376,103.118.124.0,255.255.252.0,4637
137375,103.118.184.0,255.255.252.0,7713
63782,103.119.88.0,255.255.252.0,4637
137378,103.119.116.0,255.255.255.0,4637
137990,103.119.128.0,255.255.252.0,9304
133007,103.119.198.0,255.255.255.0,15412
151586,103.119.236.0,255.255.254.0,24482
141253,103.119.240.0,255.255.255.0,35280
138025,103.120.69.0,255.255.255.0,4637
150501,103.120.76.0,255.255.255.0,7713
138033,103.120.84.0,255.255.255.0,6939
135419,103.120.112.0,255.255.252.0,9304
138117,103.120.124.0,255.255.254.0,6939
134883,103.120.208.0,255.255.255.0,15412
138045,103.120.233.0,255.255.255.0,7713
134592,103.120.246.0,255.255.255.0,4637
138926,103.121.6.0,255.255.255.0,8966
138147,103.121.81.0,255.255.255.0,17639
23943,103.121.124.0,255.255.252.0,35280
149710,103.121.196.0,255.255.255.0,7713
137661,103.122.36.0,255.255.255.0,4637
138189,103.122.40.0,255.255.255.0,4637
136659,103.122.128.0,255.255.252.0,4637
140407,103.122.152.0,255.255.252.0,41095
38493,103.123.8.0,255.255.252.0,8966
138069,103.123.16.0,255.255.254.0,7713
138076,103.123.39.0,255.255.255.0,7713
38553,103.123.40.0,255.255.255.0,8966
139922,103.123.60.0,255.255.255.0,35280
138074,103.123.96.0,255.255.252.0,7713
138070,103.123.104.0,255.255.255.0,8966
135567,103.123.112.0,255.255.255.0,8966
24298,103.123.144.0,255.255.255.0,7713
63776,103.123.180.0,255.255.255.0,15412
45668,103.123.237.0,255.255.255.0,9304
138385,103.124.52.0,255.255.255.0,8966
7539,103.124.72.0,255.255.252.0,4637
14630,103.124.124.0,255.255.255.0,4637
138947,103.124.128.0,255.255.254.0,4637
131659,103.124.252.0,255.255.252.0,8966
55381,103.125.124.0,255.255.252.0,4637
139415,103.125.172.0,255.255.255.0,7713
138114,103.125.184.0,255.255.255.0,4637
138105,103.125.202.0,255.255.255.0,7713
141013,103.125.244.0,255.255.255.0,4637
138106,103.126.8.0,255.255.252.0,7713
138119,103.126.28.0,255.255.255.0,35280
138107,103.126.56.0,255.255.255.0,24482
24559,103.126.104.0,255.255.252.0,4637
139972,103.126.119.0,255.255.255.0,7713
150288,103.126.142.0,255.255.255.0,8966
138112,103.126.172.0,255.255.255.0,7713
138238,103.126.196.0,255.255.255.0,15412
138113,103.126.200.0,255.255.254.0,4637
134944,103.126.228.0,255.255.252.0,35280
150503,103.126.238.0,255.255.255.0,8966
137645,103.127.20.0,255.255.255.0,4637
9744,103.127.24.0,255.255.252.0,6939
135687,103.127.130.0,255.255.255.0,4637
138527,103.127.250.0,255.255.254.0,8966
131942,103.129.28.0,255.255.252.0,8966
135589,103.129.76.0,255.255.255.0,4637
137594,103.129.108.0,255.255.255.0,15412
151066,103.129.124.0,255.255.254.0,9304
135843,103.129.155.0,255.255.255.0,15412
151732,103.129.194.0,255.255.255.0,35280
138209,103.129.224.0,255.255.255.0,4637
138093,103.130.4.0,255.255.255.0,7713
139977,103.130.80.0,255.255.255.0,24482
138340,103.130.140.0,255.255.255.0,55720
206596,103.130.147.0,255.255.255.0,8966
138359,103.130.153.0,255.255.255.0,6939
135953,103.130.212.0,255.255.255.0,4637
150162,103.130.246.0,255.255.254.0,4637
9264,103.130.252.0,255.255.252.0,4637
138080,103.131.16.0,255.255.255.0,7713
138084,103.131.29.0,255.255.255.0,8966
138502,103.131.42.0,255.255.255.0,4637
138126,103.131.61.0,255.255.255.0,8966
38800,103.131.62.0,255.255.255.0,4637
63800,103.131.151.0,255.255.255.0,41095
153370,103.131.158.0,255.255.255.0,8966
54470,103.131.183.0,255.255.255.0,15412
2515,103.131.194.0,255.255.254.0,8966
152464,103.131.198.0,255.255.255.0,4637
134655,103.131.236.0,255.255.255.0,18106
151152,103.131.250.0,255.255.254.0,35280
138528,103.132.8.0,255.255.252.0,9304
131736,103.132.12.0,255.255.255.0,8966
140036,103.132.42.0,255.255.255.0,8966
138123,103.132.52.0,255.255.255.0,7713
135726,103.132.56.0,255.255.255.0,15412
138536,103.132.92.0,255.255.255.0,8966
58469,103.132.98.0,255.255.255.0,8359
151210,103.132.102.0,255.255.255.0,9304
59178,103.132.144.0,255.255.255.0,15412
141243,103.132.148.0,255.255.255.0,35280
138552,103.132.192.0,255.255.255.0,6939
138317,103.132.196.0,255.255.255.0,35280
133451,103.132.232.0,255.255.255.0,4637
138129,103.132.236.0,255.255.255.0,6939
138130,103.133.24.0,255.255.255.0,41095
138134,103.133.60.0,255.255.255.0,18106
138310,103.133.113.0,255.255.255.0,15412
138139,103.133.144.0,255.255.255.0,41095
133968,103.133.168.0,255.255.255.0,35280
141322,103.133.228.0,255.255.255.0,15412
139722,103.134.43.0,255.255.255.0,8966
138701,103.134.60.0,255.255.252.0,8966
138594,103.134.68.0,255.255.255.0,8966
138143,103.134.76.0,255.255.255.0,7713
134308,103.134.100.0,255.255.254.0,15412
131645,103.134.120.0,255.255.255.0,15412
138629,103.134.176.0,255.255.252.0,6939
138840,103.134.184.0,255.255.255.0,7713
138810,103.134.220.0,255.255.255.0,7713
138622,103.134.226.0,255.255.254.0,8966
150366,103.134.234.0,255.255.255.0,8966
131773,103.134.244.0,255.255.255.0,7713
138786,103.134.252.0,255.255.254.0,15412
46026,103.135.72.0,255.255.252.0,18106
138636,103.135.77.0,255.255.255.0,8966
138637,103.135.87.0,255.255.255.0,4637
59238,103.135.108.0,255.255.252.0,9304
150178,103.135.139.0,255.255.255.0,8966
138871,103.135.224.0,255.255.252.0,7713
132531,103.135.245.0,255.255.255.0,6939
138821,103.136.12.0,255.255.252.0,24482
138783,103.136.44.0,255.255.255.0,4637
153068,103.136.76.0,255.255.255.0,8966
153087,103.136.162.0,255.255.255.0,7713
138909,103.137.0.0,255.255.255.0,8966
138824,103.137.8.0,255.255.254.0,24482
138776,103.137.11.0,255.255.255.0,4637
152333,103.137.21.0,255.255.255.0,8966
138934,103.137.88.0,255.255.252.0,4637
138943,103.137.132.0,255.255.255.0,4637
138849,103.137.144.0,255.255.255.0,7713
138961,103.137.178.0,255.255.254.0,9304
138965,103.137.204.0,255.255.255.0,4637
138970,103.137.209.0,255.255.255.0,4637
131949,103.137.232.0,255.255.252.0,6939
138973,103.137.245.0,255.255.255.0,4637
138839,103.138.14.0,255.255.255.0,8966
7594,103.138.35.0,255.255.255.0,4637
149723,103.138.53.0,255.255.255.0,7713
138843,103.138.62.0,255.255.255.0,7713
138842,103.138.68.0,255.255.254.0,7713
138726,103.138.104.0,255.255.255.0,35280
139417,103.138.116.0,255.255.255.0,7713
139005,103.138.130.0,255.255.255.0,4637
139014,103.138.140.0,255.255.255.0,4637
149058,103.138.146.0,255.255.255.0,6939
139016,103.138.151.0,255.255.255.0,8966
138854,103.138.218.0,255.255.254.0,8966
149258,103.138.232.0,255.255.255.0,35280
149855,103.138.252.0,255.255.255.0,4637
132655,103.139.24.0,255.255.255.0,8966
138860,103.139.26.0,255.255.254.0,7713
153174,103.139.80.0,255.255.255.0,9304
214809,103.139.88.0,255.255.255.0,4637
138862,103.139.98.0,255.255.255.0,24482
139077,103.139.104.0,255.255.254.0,4637
63780,103.139.106.0,255.255.255.0,4637
45259,103.139.109.0,255.255.255.0,24482
149964,103.139.126.0,255.255.255.0,7713
149965,103.139.138.0,255.255.254.0,18106
139089,103.139.146.0,255.255.254.0,4637
50839,103.139.190.0,255.255.255.0,15412
150513,103.139.207.0,255.255.255.0,8966
63779,103.139.238.0,255.255.254.0,4637
151000,103.139.244.0,255.255.254.0,7713
139225,103.140.3.0,255.255.255.0,6939
135977,103.140.4.0,255.255.254.0,4637
22697,103.140.28.0,255.255.254.0,4637
138873,103.140.78.0,255.255.254.0,8966
138876,103.140.90.0,255.255.254.0,8966
58768,103.140.116.0,255.255.255.0,8966
131982,103.140.118.0,255.255.254.0,6939
138866,103.140.130.0,255.255.255.0,41095
139279,103.140.172.0,255.255.254.0,35280
139288,103.140.215.0,255.255.255.0,4637
139301,103.141.6.0,255.255.255.0,4637
138887,103.141.20.0,255.255.255.0,7713
23827,103.141.34.0,255.255.254.0,4637
131955,103.141.48.0,255.255.254.0,8966
133693,103.141.50.0,255.255.255.0,15412
140866,103.141.84.0,255.255.254.0,6939
131966,103.141.94.0,255.255.254.0,35280
138890,103.141.148.0,255.255.254.0,7713
139357,103.141.179.0,255.255.255.0,4637
136644,103.141.192.0,255.255.254.0,35280
147121,103.141.196.0,255.255.255.0,7713
139466,103.141.199.0,255.255.255.0,4637
139464,103.141.202.0,255.255.254.0,4637
139364,103.141.234.0,255.255.255.0,7713
139365,103.141.244.0,255.255.255.0,7713
138027,103.142.3.0,255.255.255.0,4637
139588,103.142.5.0,255.255.255.0,9304
18268,103.142.6.0,255.255.254.0,4637
131952,103.142.12.0,255.255.254.0,6939
132584,103.142.38.0,255.255.255.0,4637
139597,103.142.40.0,255.255.254.0,4637
139369,103.142.61.0,255.255.255.0,6939
38891,103.142.66.0,255.255.255.0,703
139370,103.142.94.0,255.255.254.0,4637
139609,103.142.98.0,255.255.255.0,4637
139620,103.142.144.0,255.255.255.0,4637
152734,103.142.150.0,255.255.254.0,9304
139521,103.142.162.0,255.255.254.0,35280
139379,103.142.200.0,255.255.255.0,7713
139378,103.142.202.0,255.255.254.0,35280
139382,103.142.240.0,255.255.255.0,7713
139380,103.142.242.0,255.255.255.0,7713
139404,103.143.4.0,255.255.254.0,8966
139431,103.143.22.0,255.255.255.0,8966
139392,103.143.95.0,255.255.255.0,8966
133838,103.143.96.0,255.255.255.0,7713
139675,103.143.126.0,255.255.255.0,8966
10080,103.143.156.0,255.255.254.0,4637
132935,103.143.212.0,255.255.255.0,35280
139412,103.143.224.0,255.255.254.0,8966
138678,103.144.0.0,255.255.255.0,7713
139718,103.144.10.0,255.255.255.0,8966
139418,103.144.18.0,255.255.255.0,24482
131666,103.144.34.0,255.255.254.0,15412
132778,103.144.36.0,255.255.255.0,35280
150724,103.144.88.0,255.255.255.0,8966
139425,103.144.90.0,255.255.254.0,41095
139421,103.144.102.0,255.255.255.0,8966
131958,103.144.122.0,255.255.254.0,4637
46065,103.144.132.0,255.255.255.0,7713
139428,103.144.146.0,255.255.255.0,7713
139762,103.144.200.0,255.255.254.0,8966
139435,103.144.250.0,255.255.254.0,24482
149105,103.145.2.0,255.255.254.0,41095
139438,103.145.14.0,255.255.254.0,41095
139449,103.145.34.0,255.255.255.0,7713
139440,103.145.66.0,255.255.254.0,7713
139799,103.145.92.0,255.255.255.0,4637
139447,103.145.125.0,255.255.255.0,7713
139809,103.145.132.0,255.255.255.0,8966
140008,103.145.146.0,255.255.254.0,8966
139831,103.145.206.0,255.255.254.0,8966
45706,103.145.220.0,255.255.254.0,7713
139526,103.146.0.0,255.255.255.0,35280
139984,103.146.26.0,255.255.255.0,7713
139870,103.146.42.0,255.255.255.0,8966
139849,103.146.66.0,255.255.254.0,8966
139863,103.146.92.0,255.255.255.0,8966
215823,103.146.102.0,255.255.255.0,6939
209735,103.146.103.0,255.255.255.0,6939
139869,103.146.106.0,255.255.255.0,35280
139900,103.146.206.0,255.255.255.0,7713
139899,103.146.226.0,255.255.254.0,703
139531,103.146.240.0,255.255.255.0,15412
18041,103.147.22.0,255.255.254.0,15412
139946,103.147.46.0,255.255.254.0,35280
139958,103.147.82.0,255.255.255.0,7713
139959,103.147.92.0,255.255.255.0,8966
139927,103.147.106.0,255.255.254.0,8966
131677,103.147.130.0,255.255.254.0,6939
139963,103.147.134.0,255.255.254.0,7713
132523,103.147.192.0,255.255.255.0,15412
150544,103.147.211.0,255.255.255.0,7713
139559,103.147.250.0,255.255.255.0,15412
134654,103.147.254.0,255.255.255.0,6939
137651,103.148.1.0,255.255.255.0,35280
140063,103.148.10.0,255.255.255.0,8966
140068,103.148.14.0,255.255.255.0,8966
139978,103.148.18.0,255.255.254.0,8966
140012,103.148.28.0,255.255.255.0,7713
24527,103.148.46.0,255.255.255.0,7713
149214,103.148.65.0,255.255.255.0,15412
140416,103.148.86.0,255.255.255.0,4637
140421,103.148.88.0,255.255.255.0,4637
139988,103.148.100.0,255.255.255.0,35280
9326,103.148.110.0,255.255.255.0,7713
139993,103.148.112.0,255.255.255.0,24482
141127,103.148.130.0,255.255.255.0,7713
140210,103.148.154.0,255.255.255.0,8966
134880,103.148.182.0,255.255.255.0,35280
140223,103.148.184.0,255.255.255.0,8966
139995,103.148.192.0,255.255.254.0,41095
140007,103.148.196.0,255.255.254.0,24482
139998,103.148.198.0,255.255.255.0,18106
140004,103.148.208.0,255.255.254.0,7713
140228,103.148.212.0,255.255.254.0,8966
140231,103.148.220.0,255.255.255.0,4637
132054,103.148.224.0,255.255.254.0,4637
59098,103.149.4.0,255.255.254.0,4637
150526,103.149.42.0,255.255.255.0,41095
137000,103.149.58.0,255.255.255.0,4637
134896,103.149.69.0,255.255.255.0,15412
140385,103.149.114.0,255.255.255.0,6939
140023,103.149.120.0,255.255.255.0,7713
151413,103.149.218.0,255.255.255.0,140627
140384,103.149.238.0,255.255.254.0,24482
140390,103.150.32.0,255.255.255.0,41095
140388,103.150.44.0,255.255.255.0,7713
140546,103.150.48.0,255.255.255.0,8966
140631,103.150.74.0,255.255.254.0,8966
140395,103.150.150.0,255.255.254.0,6939
140394,103.150.168.0,255.255.254.0,7713
38572,103.150.171.0,255.255.255.0,35280
140396,103.150.174.0,255.255.255.0,7713
140591,103.150.184.0,255.255.254.0,9304
140593,103.150.202.0,255.255.254.0,4637
150734,103.151.12.0,255.255.255.0,6939
140404,103.151.22.0,255.255.254.0,24482
140413,103.151.34.0,255.255.254.0,7713
151330,103.151.42.0,255.255.255.0,8966
140625,103.151.62.0,255.255.255.0,6939
140410,103.151.63.0,255.255.255.0,8966
140409,103.151.72.0,255.255.255.0,7713
140635,103.151.76.0,255.255.254.0,4637
140637,103.151.86.0,255.255.254.0,8966
17538,103.151.94.0,255.255.254.0,41095
140428,103.151.109.0,255.255.255.0,8966
13360,103.151.126.0,255.255.255.0,4637
150534,103.151.129.0,255.255.255.0,7713
140417,103.151.140.0,255.255.254.0,7713
140670,103.151.144.0,255.255.255.0,4637
140633,103.151.150.0,255.255.254.0,8966
45735,103.151.162.0,255.255.254.0,24482
140423,103.151.222.0,255.255.254.0,7713
140429,103.151.226.0,255.255.255.0,7713
140119,103.151.232.0,255.255.254.0,4637
140120,103.151.234.0,255.255.255.0,15412
38734,103.151.242.0,255.255.254.0,4637
140583,103.152.0.0,255.255.255.0,4637
140710,103.152.12.0,255.255.254.0,4637
140442,103.152.72.0,255.255.255.0,7713
17955,103.152.138.0,255.255.254.0,6939
17415,103.152.202.0,255.255.255.0,4637
140927,103.152.216.0,255.255.254.0,4637
9384,103.152.227.0,255.255.255.0,8966
140446,103.152.232.0,255.255.255.0,7713
140448,103.152.238.0,255.255.255.0,41095
141174,103.152.246.0,255.255.255.0,8966
140892,103.153.8.0,255.255.254.0,4637
140896,103.153.30.0,255.255.255.0,4637
140444,103.153.42.0,255.255.255.0,24482
140905,103.153.54.0,255.255.255.0,6939
140910,103.153.90.0,255.255.254.0,4637
140460,103.153.96.0,255.255.255.0,7713
152847,103.153.98.0,255.255.255.0,55720
140918,103.153.118.0,255.255.255.0,4637
45411,103.153.158.0,255.255.255.0,4637
140942,103.153.172.0,255.255.254.0,703
140947,103.153.182.0,255.255.254.0,4637
140469,103.153.190.0,255.255.254.0,7713
131970,103.153.206.0,255.255.254.0,6939
140967,103.153.238.0,255.255.254.0,4637
140475,103.153.246.0,255.255.255.0,24482
140970,103.154.10.0,255.255.255.0,6939
140478,103.154.24.0,255.255.254.0,24482
140479,103.154.52.0,255.255.255.0,7713
150129,103.154.64.0,255.255.255.0,8966
140481,103.154.76.0,255.255.255.0,7713
140985,103.154.94.0,255.255.255.0,4637
140994,103.154.154.0,255.255.254.0,4637
141054,103.154.172.0,255.255.254.0,8966
136121,103.154.230.0,255.255.254.0,8966
141014,103.154.234.0,255.255.255.0,35280
151660,103.155.36.0,255.255.255.0,6939
141049,103.155.46.0,255.255.254.0,41095
140148,103.155.54.0,255.255.255.0,4637
142381,103.155.64.0,255.255.254.0,24482
141047,103.155.68.0,255.255.255.0,35280
141152,103.155.88.0,255.255.254.0,17639
141056,103.155.116.0,255.255.254.0,41095
141480,103.155.130.0,255.255.255.0,35280
141062,103.155.156.0,255.255.255.0,41095
141064,103.155.166.0,255.255.254.0,7713
141065,103.155.168.0,255.255.254.0,24482
141181,103.155.184.0,255.255.255.0,8966
24198,103.155.186.0,255.255.254.0,7713
141067,103.155.190.0,255.255.255.0,24482
140151,103.155.194.0,255.255.255.0,35280
141073,103.155.200.0,255.255.255.0,7713
141076,103.155.221.0,255.255.255.0,41095
136289,103.155.234.0,255.255.255.0,15412
141186,103.155.242.0,255.255.255.0,6939
17884,103.155.250.0,255.255.255.0,24482
141077,103.156.16.0,255.255.255.0,7713
141081,103.156.70.0,255.255.254.0,8966
45291,103.156.72.0,255.255.255.0,7713
141082,103.156.74.0,255.255.254.0,41095
135273,103.156.76.0,255.255.255.0,703
141204,103.156.80.0,255.255.254.0,4637
141085,103.156.88.0,255.255.255.0,7713
141087,103.156.96.0,255.255.255.0,8966
141202,103.156.106.0,255.255.255.0,35280
141091,103.156.128.0,255.255.255.0,6939
149883,103.156.140.0,255.255.254.0,7713
140189,103.156.144.0,255.255.254.0,35280
141216,103.156.154.0,255.255.255.0,4637
149667,103.156.221.0,255.255.255.0,24482
141097,103.156.224.0,255.255.255.0,6939
141098,103.156.233.0,255.255.255.0,35280
38150,103.156.240.0,255.255.255.0,7713
141105,103.157.24.0,255.255.255.0,24482
56239,103.157.64.0,255.255.254.0,7713
141114,103.157.78.0,255.255.255.0,7713
141113,103.157.80.0,255.255.255.0,8966
24253,103.157.156.0,255.255.255.0,8966
131973,103.157.157.0,255.255.255.0,6939
7492,103.157.244.0,255.255.254.0,4637
134712,103.158.4.0,255.255.254.0,6939
141389,103.158.14.0,255.255.255.0,8966
141675,103.158.26.0,255.255.255.0,7713
141394,103.158.29.0,255.255.255.0,6939
38614,103.158.39.0,255.255.255.0,8966
141308,103.158.44.0,255.255.255.0,35280
141339,103.158.52.0,255.255.255.0,15412
142111,103.158.74.0,255.255.255.0,9304
141130,103.158.96.0,255.255.255.0,8966
141125,103.158.98.0,255.255.255.0,35280
141332,103.158.142.0,255.255.255.0,4637
141254,103.158.146.0,255.255.254.0,4637
141126,103.158.154.0,255.255.255.0,7713
150045,103.158.212.0,255.255.255.0,15412
38230,103.158.222.0,255.255.255.0,4637
141420,103.158.226.0,255.255.255.0,15412
23750,103.158.237.0,255.255.255.0,8966
17769,103.159.20.0,255.255.255.0,8966
138333,103.159.26.0,255.255.255.0,4637
141266,103.159.32.0,255.255.254.0,15412
141265,103.159.44.0,255.255.254.0,35280
142470,103.159.70.0,255.255.255.0,35280
141139,103.159.92.0,255.255.255.0,7713
142320,103.159.111.0,255.255.255.0,8966
141602,103.159.112.0,255.255.254.0,8966
139816,103.159.114.0,255.255.255.0,8966
38856,103.159.118.0,255.255.254.0,8966
141731,103.159.126.0,255.255.255.0,8966
132366,103.159.127.0,255.255.255.0,8966
141804,103.159.162.0,255.255.255.0,15412
140470,103.159.196.0,255.255.255.0,24482
135709,103.159.217.0,255.255.255.0,35280
141147,103.159.224.0,255.255.255.0,6939
141457,103.159.236.0,255.255.254.0,4637
141659,103.160.42.0,255.255.255.0,8966
141607,103.160.68.0,255.255.255.0,7713
141514,103.160.126.0,255.255.254.0,4637
141288,103.160.128.0,255.255.255.0,4637
58819,103.160.148.0,255.255.254.0,7713
134468,103.160.168.0,255.255.255.0,6939
150208,103.160.182.0,255.255.255.0,7713
141600,103.160.201.0,255.255.255.0,7713
141595,103.160.205.0,255.255.255.0,7713
135182,103.160.206.0,255.255.254.0,15412
149920,103.161.1.0,255.255.255.0,41095
140770,103.161.38.0,255.255.255.0,4637
134489,103.161.48.0,255.255.255.0,8966
38156,103.161.62.0,255.255.255.0,7713
141612,103.161.114.0,255.255.255.0,41095
141626,103.161.128.0,255.255.255.0,8966
141613,103.161.130.0,255.255.254.0,7713
141628,103.161.146.0,255.255.254.0,24482
151191,103.161.154.0,255.255.254.0,4637
141682,103.161.244.0,255.255.254.0,4637
141655,103.162.35.0,255.255.255.0,7713
141639,103.162.36.0,255.255.255.0,7713
141693,103.162.48.0,255.255.254.0,4637
141645,103.162.54.0,255.255.255.0,24482
141492,103.162.64.0,255.255.254.0,15412
141524,103.162.66.0,255.255.255.0,15412
141536,103.162.78.0,255.255.254.0,8966
17996,103.162.100.0,255.255.254.0,7713
141653,103.162.106.0,255.255.254.0,7713
141652,103.162.112.0,255.255.254.0,24482
141709,103.162.127.0,255.255.255.0,4637
141384,103.162.142.0,255.255.255.0,4637
141519,103.162.164.0,255.255.255.0,15412
141667,103.162.232.0,255.255.255.0,8966
17670,103.162.236.0,255.255.255.0,7713
141671,103.162.240.0,255.255.255.0,8966
141889,103.163.13.0,255.255.255.0,7713
141523,103.163.18.0,255.255.255.0,4637
135983,103.163.24.0,255.255.254.0,9304
141881,103.163.40.0,255.255.255.0,15412
38204,103.163.76.0,255.255.255.0,4637
141674,103.163.80.0,255.255.255.0,7713
141673,103.163.102.0,255.255.254.0,41095
141767,103.163.182.0,255.255.254.0,35280
142366,103.163.184.0,255.255.255.0,4637
141773,103.163.210.0,255.255.254.0,6939
141896,103.163.226.0,255.255.255.0,7713
141907,103.163.230.0,255.255.254.0,7713
141988,103.163.246.0,255.255.254.0,8966
142394,103.164.11.0,255.255.255.0,7713
141992,103.164.30.0,255.255.255.0,6939
141903,103.164.56.0,255.255.255.0,41095
131931,103.164.72.0,255.255.254.0,8966
2907,103.164.74.0,255.255.254.0,6939
141906,103.164.83.0,255.255.255.0,8966
141905,103.164.84.0,255.255.255.0,7713
141939,103.164.192.0,255.255.255.0,7713
141793,103.164.202.0,255.255.255.0,15412
142014,103.164.224.0,255.255.254.0,15412
141917,103.164.228.0,255.255.255.0,7713
142577,103.164.255.0,255.255.255.0,8966
141783,103.165.24.0,255.255.255.0,15412
24496,103.165.46.0,255.255.255.0,8966
142029,103.165.56.0,255.255.254.0,4637
149596,103.165.64.0,255.255.254.0,15412
141864,103.165.95.0,255.255.255.0,15412
141920,103.165.148.0,255.255.255.0,7713
141921,103.165.155.0,255.255.255.0,7713
142049,103.165.180.0,255.255.255.0,4637
141070,103.165.249.0,255.255.255.0,24482
141960,103.165.253.0,255.255.255.0,24482
141928,103.166.0.0,255.255.255.0,7713
141978,103.166.8.0,255.255.254.0,24482
152377,103.166.10.0,255.255.255.0,7713
141940,103.166.30.0,255.255.255.0,6939
141935,103.166.44.0,255.255.254.0,7713
141933,103.166.64.0,255.255.255.0,35280
141941,103.166.90.0,255.255.255.0,41095
141943,103.166.106.0,255.255.255.0,7713
142064,103.166.114.0,255.255.255.0,15412
141947,103.166.124.0,255.255.254.0,8966
142116,103.166.132.0,255.255.254.0,4637
142125,103.166.148.0,255.255.255.0,24482
141955,103.166.158.0,255.255.254.0,7713
141957,103.166.212.0,255.255.255.0,7713
211041,103.166.229.0,255.255.255.0,4637
141966,103.166.254.0,255.255.255.0,7713
142160,103.167.26.0,255.255.254.0,8966
131986,103.167.44.0,255.255.254.0,4637
142271,103.167.66.0,255.255.255.0,9304
142285,103.167.116.0,255.255.255.0,9304
141878,103.167.128.0,255.255.255.0,15412
150554,103.167.156.0,255.255.255.0,7713
138929,103.167.160.0,255.255.254.0,9304
141985,103.167.168.0,255.255.255.0,41095
141831,103.167.184.0,255.255.255.0,15412
142296,103.167.188.0,255.255.254.0,9304
142412,103.168.6.0,255.255.254.0,15412
142310,103.168.46.0,255.255.255.0,7713
56311,103.168.70.0,255.255.254.0,4637
141842,103.168.75.0,255.255.255.0,4637
141840,103.168.85.0,255.255.255.0,15412
140719,103.168.92.0,255.255.254.0,6939
142350,103.168.148.0,255.255.255.0,24482
142315,103.168.149.0,255.255.255.0,8966
142317,103.168.158.0,255.255.254.0,8966
142346,103.169.8.0,255.255.255.0,7713
142335,103.169.10.0,255.255.254.0,35280
142331,103.169.38.0,255.255.255.0,7713
142332,103.169.40.0,255.255.254.0,7713
142345,103.169.42.0,255.255.255.0,7713
142391,103.169.44.0,255.255.255.0,8966
38853,103.169.46.0,255.255.254.0,15412
142555,103.169.68.0,255.255.254.0,4637
38852,103.169.212.0,255.255.255.0,6939
152547,103.170.21.0,255.255.255.0,35280
149332,103.170.89.0,255.255.255.0,8966
142368,103.170.96.0,255.255.254.0,24482
142364,103.170.100.0,255.255.254.0,8966
132849,103.170.102.0,255.255.254.0,4637
131988,103.170.124.0,255.255.254.0,6939
142596,103.170.142.0,255.255.255.0,4637
142485,103.170.176.0,255.255.254.0,35280
141987,103.170.206.0,255.255.254.0,703
147228,103.170.222.0,255.255.255.0,15412
147226,103.170.228.0,255.255.254.0,35280
142615,103.170.231.0,255.255.255.0,8966
142616,103.170.232.0,255.255.254.0,8966
142628,103.171.42.0,255.255.255.0,4637
138251,103.171.54.0,255.255.255.0,4637
142373,103.171.82.0,255.255.254.0,7713
142631,103.171.104.0,255.255.254.0,41095
142451,103.171.124.0,255.255.255.0,35280
142374,103.171.184.0,255.255.255.0,7713
139543,103.171.188.0,255.255.255.0,4637
146924,103.171.202.0,255.255.255.0,15412
38771,103.171.234.0,255.255.254.0,7713
142390,103.171.240.0,255.255.255.0,7713
142383,103.172.20.0,255.255.255.0,7713
142387,103.172.24.0,255.255.255.0,8966
5068,103.172.80.0,255.255.255.0,8966
146944,103.172.88.0,255.255.255.0,15412
133434,103.172.108.0,255.255.255.0,35280
142398,103.172.120.0,255.255.254.0,7713
18428,103.172.126.0,255.255.255.0,6939
142389,103.172.144.0,255.255.255.0,7713
142400,103.172.186.0,255.255.255.0,41095
142401,103.172.240.0,255.255.255.0,7713
147072,103.172.244.0,255.255.254.0,7713
146890,103.173.20.0,255.255.254.0,35280
146887,103.173.40.0,255.255.255.0,15412
147029,103.173.60.0,255.255.254.0,8966
147039,103.173.79.0,255.255.255.0,4637
140321,103.173.84.0,255.255.254.0,6939
131242,103.173.90.0,255.255.255.0,8966
146863,103.173.92.0,255.255.254.0,35280
146870,103.173.132.0,255.255.255.0,15412
58485,103.173.140.0,255.255.255.0,7713
147090,103.173.142.0,255.255.254.0,7713
147081,103.173.164.0,255.255.255.0,7713
147056,103.173.187.0,255.255.255.0,9304
141210,103.173.188.0,255.255.255.0,17639
147089,103.173.232.0,255.255.254.0,24482
147061,103.173.235.0,255.255.255.0,4637
147170,103.174.13.0,255.255.255.0,7713
147182,103.174.48.0,255.255.254.0,35280
7676,103.174.60.0,255.255.254.0,6939
147100,103.174.116.0,255.255.255.0,7713
147097,103.174.120.0,255.255.254.0,7713
147195,103.174.144.0,255.255.254.0,15412
147101,103.174.174.0,255.255.254.0,41095
147106,103.174.236.0,255.255.254.0,7713
146972,103.175.36.0,255.255.255.0,4637
149704,103.175.80.0,255.255.255.0,7713
148979,103.175.92.0,255.255.254.0,35280
146974,103.175.110.0,255.255.254.0,4637
38562,103.175.127.0,255.255.255.0,8966
147120,103.175.156.0,255.255.254.0,7713
45353,103.175.192.0,255.255.254.0,8966
147246,103.176.64.0,255.255.254.0,15412
149364,103.176.77.0,255.255.255.0,7713
147131,103.176.96.0,255.255.254.0,7713
149019,103.176.174.0,255.255.255.0,8966
147135,103.176.177.0,255.255.255.0,24482
147133,103.176.180.0,255.255.255.0,24482
147132,103.176.182.0,255.255.255.0,24482
152373,103.176.201.0,255.255.255.0,7713
149026,103.176.218.0,255.255.254.0,35280
147154,103.176.227.0,255.255.255.0,8966
147254,103.177.4.0,255.255.255.0,4637
147137,103.177.8.0,255.255.255.0,24482
149035,103.177.54.0,255.255.255.0,8966
147145,103.177.92.0,255.255.255.0,41095
131948,103.177.117.0,255.255.255.0,6939
147155,103.177.144.0,255.255.254.0,4637
139873,103.177.160.0,255.255.255.0,4637
147264,103.177.172.0,255.255.255.0,15412
149353,103.177.188.0,255.255.255.0,7713
136956,103.177.190.0,255.255.254.0,35280
147163,103.177.214.0,255.255.255.0,41095
147168,103.178.8.0,255.255.255.0,6939
147165,103.178.12.0,255.255.254.0,24482
149319,103.178.20.0,255.255.254.0,4637
149318,103.178.84.0,255.255.255.0,7713
149320,103.178.86.0,255.255.254.0,7713
149340,103.178.146.0,255.255.254.0,6939
24530,103.178.196.0,255.255.254.0,24482
149419,103.178.216.0,255.255.255.0,8966
149202,103.178.249.0,255.255.255.0,35280
149333,103.179.26.0,255.255.254.0,7713
151332,103.179.36.0,255.255.255.0,35280
149337,103.179.68.0,255.255.255.0,7713
149251,103.179.106.0,255.255.254.0,35280
149345,103.179.180.0,255.255.255.0,7713
149446,103.179.204.0,255.255.254.0,8966
149374,103.180.126.0,255.255.255.0,7713
146979,103.180.130.0,255.255.255.0,8966
149365,103.180.166.0,255.255.255.0,7713
149369,103.180.196.0,255.255.255.0,7713
149368,103.180.198.0,255.255.254.0,35280
149224,103.180.210.0,255.255.255.0,35280
149373,103.180.250.0,255.255.254.0,15412
136641,103.181.16.0,255.255.254.0,15412
149392,103.181.78.0,255.255.255.0,7713
134337,103.181.158.0,255.255.254.0,35280
149394,103.182.52.0,255.255.255.0,8966
152828,103.182.53.0,255.255.255.0,8966
149526,103.182.132.0,255.255.254.0,15412
134282,103.182.156.0,255.255.255.0,4637
134312,103.182.216.0,255.255.255.0,4637
149404,103.183.8.0,255.255.254.0,7713
139560,103.183.44.0,255.255.255.0,4637
149405,103.183.56.0,255.255.255.0,8966
149409,103.183.58.0,255.255.255.0,7713
135248,103.183.80.0,255.255.255.0,15412
149670,103.183.100.0,255.255.255.0,7713
136964,103.183.142.0,255.255.255.0,4637
149315,103.184.16.0,255.255.255.0,18106
149675,103.184.18.0,255.255.254.0,7713
149647,103.184.32.0,255.255.254.0,4637
149672,103.184.50.0,255.255.255.0,35280
152352,103.184.57.0,255.255.255.0,6939
151636,103.184.92.0,255.255.255.0,8966
149649,103.184.94.0,255.255.254.0,8966
7387,103.184.102.0,255.255.255.0,6939
149661,103.184.167.0,255.255.255.0,7713
149655,103.184.176.0,255.255.255.0,15412
149662,103.184.178.0,255.255.255.0,35280
149546,103.184.252.0,255.255.255.0,35280
138128,103.185.36.0,255.255.254.0,18106
149671,103.185.46.0,255.255.254.0,4637
149660,103.185.222.0,255.255.254.0,8966
134283,103.186.18.0,255.255.255.0,15412
149690,103.186.32.0,255.255.255.0,7713
149687,103.186.34.0,255.255.255.0,8966
149740,103.186.94.0,255.255.254.0,24482
18423,103.186.142.0,255.255.254.0,8966
139846,103.186.144.0,255.255.255.0,9304
149570,103.186.188.0,255.255.255.0,15412
149713,103.186.193.0,255.255.255.0,8966
149712,103.186.194.0,255.255.254.0,41095
149716,103.186.210.0,255.255.255.0,7713
149714,103.186.212.0,255.255.254.0,7713
135206,103.186.250.0,255.255.255.0,15412
149576,103.187.16.0,255.255.255.0,15412
149825,103.187.28.0,255.255.254.0,4637
142017,103.187.104.0,255.255.255.0,6939
149720,103.187.112.0,255.255.255.0,7713
63795,103.187.126.0,255.255.255.0,41095
137065,103.187.138.0,255.255.255.0,4637
149744,103.187.162.0,255.255.254.0,7713
149897,103.187.164.0,255.255.254.0,7713
133981,103.187.178.0,255.255.254.0,15412
134017,103.187.212.0,255.255.254.0,15412
149729,103.187.223.0,255.255.255.0,8966
149728,103.187.226.0,255.255.254.0,7713
149848,103.188.86.0,255.255.254.0,4637
149735,103.188.122.0,255.255.254.0,7713
149851,103.188.134.0,255.255.255.0,4637
149736,103.188.172.0,255.255.255.0,7713
149734,103.188.176.0,255.255.255.0,41095
149908,103.188.249.0,255.255.255.0,8966
149880,103.189.0.0,255.255.255.0,7713
149758,103.189.58.0,255.255.255.0,8966
149749,103.189.110.0,255.255.254.0,24482
149752,103.189.138.0,255.255.255.0,24482
149754,103.189.165.0,255.255.255.0,7713
131156,103.189.185.0,255.255.255.0,4637
146981,103.189.188.0,255.255.254.0,4637
208171,103.189.191.0,255.255.255.0,4637
149912,103.189.197.0,255.255.255.0,7713
149589,103.190.52.0,255.255.255.0,4637
149591,103.190.91.0,255.255.255.0,35280
150551,103.190.94.0,255.255.255.0,24482
149907,103.190.112.0,255.255.254.0,24482
150004,103.190.128.0,255.255.255.0,6939
150001,103.190.132.0,255.255.254.0,8966
149909,103.191.58.0,255.255.254.0,4637
149914,103.191.70.0,255.255.254.0,4637
149917,103.191.116.0,255.255.255.0,41095
149922,103.191.141.0,255.255.255.0,8966
149934,103.191.196.0,255.255.254.0,41095
149943,103.191.254.0,255.255.255.0,35280
133615,103.192.82.0,255.255.255.0,4637
64015,103.192.240.0,255.255.252.0,15412
150986,103.193.146.0,255.255.255.0,7713
17976,103.193.204.0,255.255.255.0,9304
149971,103.194.46.0,255.255.255.0,24482
134257,103.194.70.0,255.255.255.0,35280
63885,103.194.172.0,255.255.255.0,24482
58439,103.194.176.0,255.255.252.0,4637
133122,103.195.12.0,255.255.255.0,15412
134280,103.195.16.0,255.255.255.0,35280
134981,103.195.136.0,255.255.252.0,4637
138283,103.195.252.0,255.255.255.0,4637
150921,103.196.15.0,255.255.255.0,7713
150931,103.196.85.0,255.255.255.0,7713
134707,103.196.136.0,255.255.252.0,4637
150951,103.196.156.0,255.255.255.0,7713
134623,103.197.92.0,255.255.255.0,7713
24016,103.197.167.0,255.255.255.0,4637
23771,103.197.228.0,255.255.252.0,4637
64044,103.197.236.0,255.255.252.0,4637
141397,103.198.24.0,255.255.255.0,4637
38541,103.198.54.0,255.255.255.0,4637
133771,103.198.56.0,255.255.252.0,4637
131896,103.198.108.0,255.255.255.0,4637
46055,103.198.120.0,255.255.254.0,35280
64055,103.198.176.0,255.255.255.0,15412
134626,103.199.2.0,255.255.254.0,8966
140051,103.199.82.0,255.255.254.0,4637
150924,103.199.117.0,255.255.255.0,24482
134633,103.200.128.0,255.255.255.0,24482
134295,103.201.124.0,255.255.252.0,15412
136180,103.203.56.0,255.255.255.0,8966
197961,103.203.84.0,255.255.255.0,6939
64074,103.203.176.0,255.255.255.0,8966
63561,103.203.216.0,255.255.252.0,8966
133187,103.203.238.0,255.255.254.0,4637
134940,103.203.252.0,255.255.252.0,15412
151585,103.204.46.0,255.255.254.0,7713
151172,103.204.50.0,255.255.255.0,15412
134980,103.204.117.0,255.255.255.0,4637
151341,103.204.178.0,255.255.255.0,8966
207778,103.204.192.0,255.255.255.0,8966
215605,103.204.195.0,255.255.255.0,4637
135015,103.205.30.0,255.255.255.0,4637
134861,103.205.112.0,255.255.255.0,35280
134850,103.205.128.0,255.255.255.0,35280
150640,103.206.29.0,255.255.255.0,4637
134931,103.206.164.0,255.255.252.0,15412
7477,103.206.236.0,255.255.252.0,4637
134863,103.207.4.0,255.255.252.0,15412
134643,103.207.96.0,255.255.255.0,7713
132781,103.207.100.0,255.255.255.0,35280
135066,103.208.3.0,255.255.255.0,4637
135065,103.208.36.0,255.255.255.0,7713
151354,103.208.67.0,255.255.255.0,9304
135081,103.208.192.0,255.255.252.0,9304
137271,103.209.4.0,255.255.254.0,35280
134659,103.209.7.0,255.255.255.0,35280
150927,103.209.10.0,255.255.255.0,24482
9558,103.209.182.0,255.255.255.0,4637
134673,103.209.224.0,255.255.252.0,4637
45665,103.209.244.0,255.255.252.0,35280
17440,103.209.248.0,255.255.252.0,7713
150995,103.210.2.0,255.255.255.0,7713
152131,103.210.114.0,255.255.255.0,4637
64024,103.210.116.0,255.255.255.0,7713
140177,103.210.126.0,255.255.255.0,15412
134903,103.210.140.0,255.255.255.0,35280
134918,103.210.204.0,255.255.255.0,15412
150193,103.211.26.0,255.255.254.0,7713
134428,103.211.70.0,255.255.255.0,4637
18282,103.211.72.0,255.255.252.0,4637
203554,103.211.118.0,255.255.254.0,35280
134916,103.211.152.0,255.255.252.0,15412
45852,103.211.240.0,255.255.252.0,35280
17456,103.212.24.0,255.255.252.0,140627
5666,103.212.40.0,255.255.255.0,4637
131954,103.212.76.0,255.255.252.0,8966
150938,103.212.177.0,255.255.255.0,24482
135290,103.212.180.0,255.255.252.0,4637
7720,103.213.4.0,255.255.254.0,4637
18254,103.213.244.0,255.255.254.0,9304
135321,103.214.30.0,255.255.255.0,35280
64027,103.214.100.0,255.255.255.0,7713
135328,103.214.104.0,255.255.255.0,4637
64029,103.214.184.0,255.255.255.0,7713
55822,103.214.196.0,255.255.255.0,4637
135439,103.214.239.0,255.255.255.0,24482
151009,103.214.251.0,255.255.255.0,7713
18070,103.215.84.0,255.255.252.0,8966
203835,103.215.98.0,255.255.254.0,8966
135323,103.215.128.0,255.255.255.0,4637
151587,103.216.104.0,255.255.255.0,7713
151513,103.217.146.0,255.255.254.0,7713
24529,103.217.216.0,255.255.255.0,41095
18101,103.218.247.0,255.255.255.0,15412
54054,103.219.56.0,255.255.252.0,6939
135027,103.219.62.0,255.255.255.0,4637
135465,103.219.73.0,255.255.255.0,7713
135442,103.219.197.0,255.255.255.0,8966
151405,103.221.64.0,255.255.254.0,4637
135235,103.221.80.0,255.255.255.0,15412
131605,103.222.248.0,255.255.252.0,15412
132961,103.224.36.0,255.255.255.0,15412
150197,103.224.124.0,255.255.254.0,7713
45696,103.224.180.0,255.255.255.0,7713
135338,103.225.28.0,255.255.255.0,9304
136518,103.225.67.0,255.255.255.0,4637
150203,103.225.71.0,255.255.255.0,8966
59160,103.225.98.0,255.255.255.0,8966
58530,103.225.156.0,255.255.255.0,4637
133370,103.225.210.0,255.255.255.0,4637
133372,103.225.213.0,255.255.255.0,9304
133383,103.226.22.0,255.255.255.0,4637
151213,103.226.219.0,255.255.255.0,4637
59276,103.226.232.0,255.255.254.0,7713
56307,103.227.20.0,255.255.254.0,35280
59280,103.228.24.0,255.255.255.0,7713
59282,103.228.244.0,255.255.252.0,24482
24337,103.228.252.0,255.255.255.0,4637
27281,103.229.11.0,255.255.255.0,6939
150196,103.229.14.0,255.255.255.0,8966
150962,103.229.131.0,255.255.255.0,7713
133453,103.229.176.0,255.255.252.0,4637
151470,103.229.234.0,255.255.254.0,24482
133456,103.230.50.0,255.255.254.0,4637
9795,103.230.80.0,255.255.255.0,4637
150961,103.230.81.0,255.255.255.0,7713
45925,103.230.104.0,255.255.252.0,6939
151482,103.230.130.0,255.255.255.0,4637
47152,103.230.140.0,255.255.255.0,8966
133233,103.230.166.0,255.255.255.0,4637
59093,103.230.168.0,255.255.252.0,8966
58815,103.231.121.0,255.255.255.0,7713
7479,103.231.140.0,255.255.255.0,8966
59365,103.231.228.0,255.255.255.0,8966
151508,103.232.20.0,255.255.254.0,24482
4007,103.232.152.0,255.255.252.0,35280
55329,103.232.192.0,255.255.252.0,9304
210110,103.232.212.0,255.255.255.0,7713
133201,103.233.8.0,255.255.252.0,8966
59370,103.233.56.0,255.255.252.0,15412
134359,103.233.132.0,255.255.252.0,4637
9263,103.233.164.0,255.255.252.0,6939
9913,103.233.208.0,255.255.255.0,35280
63850,103.234.14.0,255.255.254.0,4637
151506,103.234.18.0,255.255.254.0,7713
151507,103.234.28.0,255.255.254.0,7713
45938,103.234.104.0,255.255.255.0,4637
151522,103.234.124.0,255.255.255.0,7713
133317,103.234.136.0,255.255.252.0,35280
59097,103.234.176.0,255.255.254.0,8966
38767,103.234.208.0,255.255.252.0,4637
38768,103.234.216.0,255.255.255.0,4637
55309,103.235.208.0,255.255.252.0,41095
151518,103.236.140.0,255.255.255.0,8966
146995,103.237.52.0,255.255.255.0,6939
151125,103.238.64.0,255.255.255.0,15412
132196,103.238.124.0,255.255.255.0,8966
17931,103.238.236.0,255.255.252.0,4637
151519,103.239.20.0,255.255.254.0,6939
151531,103.239.41.0,255.255.255.0,7713
63805,103.239.90.0,255.255.254.0,4637
37922,103.239.108.0,255.255.252.0,4637
150407,103.240.200.0,255.255.255.0,9304
134433,103.241.84.0,255.255.255.0,4637
150564,103.241.149.0,255.255.255.0,15412
18121,103.241.208.0,255.255.254.0,8966
9934,103.242.44.0,255.255.252.0,8966
151548,103.242.80.0,255.255.254.0,8966
132957,103.242.184.0,255.255.252.0,15412
23756,103.242.204.0,255.255.252.0,7713
24545,103.243.8.0,255.255.254.0,9304
38500,103.244.36.0,255.255.255.0,7713
203843,103.244.163.0,255.255.255.0,8966
132533,103.244.200.0,255.255.252.0,4637
131759,103.244.204.0,255.255.255.0,24482
151547,103.245.36.0,255.255.255.0,8966
58800,103.245.108.0,255.255.255.0,8966
46056,103.245.122.0,255.255.255.0,7713
151544,103.245.159.0,255.255.255.0,7713
132579,103.245.160.0,255.255.254.0,6939
45926,103.245.212.0,255.255.252.0,4637
24538,103.246.185.0,255.255.255.0,24482
132022,103.246.204.0,255.255.255.0,4637
58487,103.247.8.0,255.255.252.0,8966
131706,103.247.12.0,255.255.255.0,7713
17794,103.247.92.0,255.255.255.0,9304
151538,103.248.8.0,255.255.255.0,7713
132658,103.248.25.0,255.255.255.0,8966
133417,103.248.44.0,255.255.252.0,4637
132608,103.248.204.0,255.255.255.0,8966
137112,103.248.242.0,255.255.255.0,15412
150206,103.249.18.0,255.255.255.0,41095
151650,103.249.198.0,255.255.254.0,9304
151590,103.250.14.0,255.255.255.0,24482
151653,103.250.77.0,255.255.255.0,17639
45845,103.250.135.0,255.255.255.0,35280
38437,103.250.228.0,255.255.252.0,4637
45677,103.251.116.0,255.255.252.0,8966
151087,103.251.169.0,255.255.255.0,15412
58818,103.251.180.0,255.255.252.0,7713
10206,103.251.240.0,255.255.255.0,4637
134885,103.252.52.0,255.255.255.0,15412
134971,103.252.224.0,255.255.255.0,8966
59330,103.252.246.0,255.255.255.0,4637
59139,103.253.0.0,255.255.252.0,4637
18353,103.253.48.0,255.255.255.0,6939
22071,103.253.80.0,255.255.252.0,4637
9251,103.253.106.0,255.255.254.0,18106
59142,103.253.124.0,255.255.255.0,8966
135529,103.253.228.0,255.255.255.0,6939
151404,103.253.229.0,255.255.255.0,8966
214451,103.254.62.0,255.255.255.0,6939
46017,103.254.95.0,255.255.255.0,7713
131403,103.254.216.0,255.255.252.0,4637
135383,103.255.64.0,255.255.255.0,4637
152017,103.255.162.0,255.255.255.0,7713
151994,103.255.164.0,255.255.255.0,41095
14789,104.22.5.0,255.255.255.0,8966
53767,104.36.20.0,255.255.252.0,6939
46886,104.36.252.0,255.255.252.0,6939
970,104.37.40.0,255.255.255.0,4637
16628,104.37.44.0,255.255.255.0,4637
63060,104.37.96.0,255.255.248.0,6939
22324,104.37.208.0,255.255.252.0,6939
21748,104.37.232.0,255.255.248.0,15412
9329,104.75.84.0,255.255.255.0,4637
4771,104.95.104.0,255.255.252.0,6939
31758,104.128.0.0,255.255.240.0,6939
5050,104.128.208.0,255.255.240.0,8966
271,104.128.240.0,255.255.240.0,6939
33247,104.129.176.0,255.255.252.0,6939
40850,104.140.64.0,255.255.252.0,8966
13739,104.143.68.0,255.255.252.0,15412
27330,104.143.85.0,255.255.255.0,4637
14987,104.152.52.0,255.255.252.0,4637
40731,104.152.200.0,255.255.255.0,6939
16851,104.152.240.0,255.255.252.0,8359
23188,104.153.16.0,255.255.252.0,8966
17210,104.153.228.0,255.255.252.0,6939
14382,104.153.240.0,255.255.252.0,8966
398826,104.160.18.0,255.255.255.0,8966
396125,104.160.232.0,255.255.252.0,8966
56610,104.164.76.0,255.255.255.0,8359
40838,104.166.100.0,255.255.252.0,6939
62600,104.166.108.0,255.255.255.0,8966
216067,104.167.26.0,255.255.254.0,15412
54874,104.167.213.0,255.255.255.0,4637
32951,104.192.248.0,255.255.255.0,703
396317,104.193.40.0,255.255.252.0,6939
55264,104.193.112.0,255.255.254.0,9304
393731,104.204.224.0,255.255.254.0,6939
1426,104.204.252.0,255.255.254.0,15412
14329,104.207.96.0,255.255.240.0,703
54133,104.218.60.0,255.255.255.0,6939
46353,104.219.45.0,255.255.255.0,8966
26327,104.219.80.0,255.255.248.0,15412
63457,104.219.184.0,255.255.255.0,6939
9150,104.222.191.0,255.255.255.0,6939
46781,104.224.10.0,255.255.254.0,15412
401707,104.232.11.0,255.255.255.0,15412
14735,104.232.48.0,255.255.240.0,6939
56443,104.233.10.0,255.255.255.0,4637
210619,104.233.63.0,255.255.255.0,6939
401081,104.234.87.0,255.255.255.0,15412
263522,104.234.235.0,255.255.255.0,8966
393905,104.234.251.0,255.255.255.0,15412
63125,104.238.237.0,255.255.255.0,6939
36601,104.243.209.0,255.255.255.0,703
16616,104.243.224.0,255.255.240.0,6939
26512,104.244.16.0,255.255.255.0,15412
63210,104.244.96.0,255.255.252.0,8966
16803,104.244.112.0,255.255.248.0,8966
33084,104.245.168.0,255.255.252.0,15412
395561,104.245.205.0,255.255.255.0,15412
33381,104.247.42.0,255.255.255.0,703
6205,104.247.171.0,255.255.255.0,8966
23024,104.249.64.0,255.255.255.0,4637
53839,104.249.144.0,255.255.255.0,15412
32145,104.249.184.0,255.255.252.0,4637
152900,104.250.122.0,255.255.255.0,24482
3043,104.251.119.0,255.255.255.0,6939
397449,104.251.172.0,255.255.254.0,6939
26768,104.251.233.0,255.255.255.0,4637
63113,104.254.80.0,255.255.255.0,6939
15190,104.255.140.0,255.255.254.0,8966
36873,105.112.0.0,255.255.255.0,4637
53038,107.150.167.0,255.255.255.0,6939
55002,107.162.0.0,255.255.0.0,35280
21837,107.167.96.0,255.255.252.0,6939
63014,107.171.0.0,255.255.128.0,6939
13844,107.181.30.0,255.255.255.0,15412
201864,107.181.146.0,255.255.255.0,6939
40328,108.59.96.0,255.255.240.0,8359
11287,108.160.81.0,255.255.255.0,6939
20058,108.161.0.0,255.255.240.0,6939
263934,108.165.140.0,255.255.255.0,8966
210457,108.165.164.0,255.255.255.0,8359
21719,108.174.64.0,255.255.255.0,6939
32431,108.179.1.0,255.255.255.0,15412
27371,108.179.24.0,255.255.255.0,703
25372,109.68.40.0,255.255.248.0,4637
8878,109.68.96.0,255.255.248.0,35280
202246,109.68.128.0,255.255.248.0,6939
197899,109.68.146.0,255.255.255.0,6939
215583,109.68.148.0,255.255.255.0,6939
50031,109.69.112.0,255.255.248.0,6939
198554,109.70.58.0,255.255.255.0,35280
29067,109.70.108.0,255.255.255.0,4637
25358,109.70.168.0,255.255.248.0,6939
213053,109.70.238.0,255.255.255.0,6939
50128,109.71.64.0,255.255.248.0,6939
39602,109.71.76.0,255.255.255.0,15412
31572,109.71.216.0,255.255.248.0,8966
49823,109.72.208.0,255.255.240.0,15412
49863,109.72.240.0,255.255.240.0,8359
49674,109.73.128.0,255.255.252.0,6939
196843,109.73.208.0,255.255.240.0,6939
51336,109.73.240.0,255.255.254.0,8966
204179,109.74.24.0,255.255.254.0,6939
206874,109.74.82.0,255.255.254.0,6939
8478,109.74.176.0,255.255.240.0,7713
47139,109.75.48.0,255.255.240.0,8359
39886,109.94.32.0,255.255.224.0,15412
213306,109.94.102.0,255.255.254.0,8966
56460,109.94.128.0,255.255.252.0,4637
50086,109.94.240.0,255.255.240.0,6939
50241,109.95.80.0,255.255.248.0,8359
212176,109.95.141.0,255.255.255.0,6939
48896,109.95.152.0,255.255.248.0,15412
196891,109.95.176.0,255.255.248.0,6939
50471,109.95.216.0,255.255.248.0,41095
2603,109.105.96.0,255.255.240.0,8966
51497,109.105.152.0,255.255.252.0,4637
15958,109.106.224.0,255.255.240.0,8966
50977,109.107.104.0,255.255.255.0,6939
210483,109.107.130.0,255.255.255.0,7713
213369,109.107.162.0,255.255.254.0,8966
50050,109.109.0.0,255.255.248.0,6939
271799,109.110.190.0,255.255.255.0,6939
209156,109.121.135.0,255.255.255.0,703
47872,109.121.152.0,255.255.255.0,15412
203345,109.122.8.0,255.255.255.0,6939
58056,109.123.0.0,255.255.192.0,6939
203567,109.125.252.0,255.255.255.0,6939
204210,109.160.11.0,255.255.255.0,35280
44313,109.160.100.0,255.255.252.0,8966
60913,109.167.252.0,255.255.255.0,8966
25108,109.169.63.0,255.255.255.0,4637
50999,109.171.128.0,255.255.128.0,8966
216096,109.175.210.0,255.255.255.0,4637
215628,109.175.234.0,255.255.255.0,6939
210246,109.196.32.0,255.255.248.0,6939
196883,109.196.112.0,255.255.240.0,6939
50672,109.197.24.0,255.255.248.0,8359
61134,109.197.35.0,255.255.255.0,6939
50604,109.197.80.0,255.255.248.0,6939
50661,109.197.96.0,255.255.248.0,6939
50620,109.197.104.0,255.255.248.0,6939
50705,109.197.168.0,255.255.248.0,6939
198277,109.197.184.0,255.255.248.0,6939
25526,109.197.216.0,255.255.248.0,4637
50698,109.202.64.0,255.255.224.0,6939
198213,109.202.120.0,255.255.255.0,6939
25096,109.202.160.0,255.255.224.0,8966
215114,109.205.8.0,255.255.255.0,8359
206460,109.205.16.0,255.255.248.0,6939
20545,109.205.40.0,255.255.252.0,4637
202844,109.205.136.0,255.255.252.0,8966
202499,109.205.194.0,255.255.255.0,6939
50610,109.205.232.0,255.255.248.0,8359
199665,109.205.241.0,255.255.255.0,6939
41966,109.206.192.0,255.255.224.0,15412
200680,109.207.68.0,255.255.254.0,6939
50550,109.207.96.0,255.255.255.0,6939
201925,109.207.104.0,255.255.255.0,6939
196740,109.207.112.0,255.255.240.0,8359
214707,109.224.208.0,255.255.248.0,8966
44882,109.230.128.0,255.255.224.0,8359
61296,109.231.128.0,255.255.192.0,6939
50299,109.232.104.0,255.255.252.0,8359
196865,109.232.136.0,255.255.248.0,6939
201225,109.232.160.0,255.255.255.0,8966
50287,109.232.182.0,255.255.255.0,35280
50234,109.232.192.0,255.255.248.0,6939
51464,109.232.248.0,255.255.248.0,8359
50270,109.233.0.0,255.255.248.0,8966
56474,109.233.8.0,255.255.252.0,35280
48847,109.233.16.0,255.255.248.0,703
212694,109.233.40.0,255.255.248.0,4637
196874,109.233.80.0,255.255.248.0,15412
58082,109.233.129.0,255.255.255.0,15412
50332,109.233.136.0,255.255.248.0,703
196897,109.234.144.0,255.255.254.0,6939
50377,109.234.244.0,255.255.255.0,15412
41528,109.235.174.0,255.255.254.0,15412
51057,109.235.232.0,255.255.248.0,6939
211391,109.236.168.0,255.255.248.0,6939
8774,109.237.0.0,255.255.252.0,8966
199811,109.237.60.0,255.255.252.0,35280
198691,109.245.31.0,255.255.255.0,8966
41500,109.248.63.0,255.255.255.0,8966
209343,109.248.130.0,255.255.255.0,8966
200634,109.248.216.0,255.255.255.0,8966
200722,109.248.218.0,255.255.255.0,41095
49490,109.248.232.0,255.255.254.0,6939
204917,109.248.245.0,255.255.255.0,6939
17993,110.5.112.0,255.255.252.0,15412
55714,110.34.33.0,255.255.255.0,8966
45546,110.35.72.0,255.255.248.0,9304
9999,110.44.20.0,255.255.252.0,15412
24206,110.44.168.0,255.255.255.0,7713
7682,110.50.88.0,255.255.248.0,8966
9293,110.79.0.0,255.255.0.0,9304
55808,110.164.135.0,255.255.255.0,9304
7664,110.172.48.0,255.255.252.0,6939
56035,110.173.228.0,255.255.255.0,4637
17667,110.238.0.0,255.255.254.0,4637
23841,111.31.196.0,255.255.255.0,8966
38710,111.88.233.0,255.255.255.0,8966
55655,111.92.161.0,255.255.255.0,24482
23671,111.92.164.0,255.255.255.0,7713
7632,111.95.244.0,255.255.254.0,7713
138423,111.119.175.0,255.255.255.0,8966
45713,111.221.40.0,255.255.255.0,8966
208913,111.235.150.0,255.255.255.0,8966
24521,112.109.16.0,255.255.248.0,7713
17885,112.215.7.0,255.255.255.0,4637
7565,113.11.0.0,255.255.128.0,8966
9241,113.20.64.0,255.255.224.0,6939
45716,113.20.136.0,255.255.255.0,4637
9584,113.21.184.0,255.255.255.0,9304
45496,113.29.252.0,255.255.252.0,24482
138627,113.30.129.0,255.255.255.0,8966
45296,113.59.232.0,255.255.255.0,6939
152060,113.192.0.0,255.255.255.0,7713
152186,113.192.62.0,255.255.255.0,41095
18026,113.198.160.0,255.255.248.0,9304
23818,113.212.104.0,255.255.255.0,4637
24413,114.28.229.0,255.255.255.0,703
10126,114.30.32.0,255.255.240.0,15412
18034,114.70.170.0,255.255.254.0,4637
24572,114.110.48.0,255.255.240.0,6939
146762,114.111.180.0,255.255.255.0,9304
17806,114.130.0.0,255.255.128.0,35280
58778,114.130.46.0,255.255.255.0,35280
45588,114.130.128.0,255.255.255.0,6939
38770,114.134.64.0,255.255.248.0,6939
17895,114.198.128.0,255.255.224.0,9304
24525,114.199.96.0,255.255.255.0,7713
37897,115.31.192.0,255.255.240.0,15412
10089,115.67.0.0,255.255.255.0,4637
133543,115.67.8.0,255.255.248.0,4637
146984,115.69.236.0,255.255.255.0,6939
7521,115.69.237.0,255.255.255.0,6939
38644,115.69.238.0,255.255.255.0,6939
131079,115.69.239.0,255.255.255.0,6939
56123,115.124.8.0,255.255.248.0,35280
7687,115.126.144.0,255.255.240.0,8966
24342,115.127.0.0,255.255.128.0,8966
10195,115.144.35.0,255.255.255.0,15412
9686,115.145.0.0,255.255.128.0,4637
17886,115.146.112.0,255.255.255.0,4637
55818,115.146.116.0,255.255.252.0,6939
24277,115.166.160.0,255.255.224.0,4637
38783,115.178.48.0,255.255.255.0,24482
137346,115.178.123.0,255.255.255.0,4637
9794,115.178.128.0,255.255.255.0,8966
10004,115.179.57.0,255.255.255.0,4637
141023,115.186.47.0,255.255.255.0,8966
136198,116.19.103.0,255.255.255.0,9304
17563,116.58.8.0,255.255.255.0,8966
38154,116.58.193.0,255.255.255.0,4637
151645,116.66.240.0,255.255.255.0,4637
23923,116.68.192.0,255.255.240.0,8966
63515,116.193.188.0,255.255.255.0,7713
9627,116.193.192.0,255.255.255.0,35280
24023,116.197.180.0,255.255.255.0,35280
152093,116.199.200.0,255.255.254.0,4637
17889,116.212.64.0,255.255.248.0,4637
38712,116.212.104.0,255.255.248.0,8966
9785,116.213.58.0,255.255.254.0,35280
7468,116.214.110.0,255.255.254.0,4637
24033,116.250.0.0,255.255.0.0,4637
24233,116.255.42.0,255.255.255.0,4637
152769,117.18.16.0,255.255.252.0,24482
215915,117.18.102.0,255.255.255.0,6939
38808,117.18.240.0,255.255.240.0,15412
9340,117.54.0.0,255.255.0.0,8966
38523,117.74.112.0,255.255.255.0,7713
56234,117.103.68.0,255.255.255.0,8966
10118,117.103.144.0,255.255.240.0,9304
38506,117.103.168.0,255.255.248.0,24482
10229,117.104.191.0,255.255.255.0,4637
23666,117.104.192.0,255.255.255.0,4637
23962,117.122.116.0,255.255.252.0,4637
23899,117.122.120.0,255.255.252.0,4637
24066,117.122.124.0,255.255.252.0,4637
138407,117.135.194.0,255.255.255.0,8966
58791,118.27.224.0,255.255.240.0,4637
7712,118.67.200.0,255.255.252.0,9304
38146,118.82.5.0,255.255.255.0,24482
24195,118.91.128.0,255.255.252.0,8966
63502,118.91.141.0,255.255.255.0,8966
38525,118.91.224.0,255.255.248.0,4637
17990,118.103.246.0,255.255.255.0,24482
140881,118.143.172.0,255.255.255.0,9304
46031,118.151.212.0,255.255.255.0,7713
23816,118.151.224.0,255.255.224.0,8966
23956,118.179.32.0,255.255.224.0,8966
58879,118.184.0.0,255.255.255.0,6939
59045,118.191.128.0,255.255.255.0,9304
24278,118.238.128.0,255.255.192.0,4637
10217,119.11.128.0,255.255.128.0,7713
23854,119.15.64.0,255.255.255.0,35280
45306,119.15.135.0,255.255.255.0,8966
23892,119.63.67.0,255.255.255.0,9304
18218,119.63.96.0,255.255.240.0,24482
9615,119.63.112.0,255.255.240.0,4637
10029,119.82.64.0,255.255.248.0,4637
24213,119.82.224.0,255.255.252.0,7713
45147,119.110.112.0,255.255.255.0,4637
9749,119.224.144.0,255.255.240.0,35280
45146,119.235.248.0,255.255.255.0,6939
38764,120.29.224.0,255.255.255.0,4637
138654,120.88.96.0,255.255.255.0,4637
24207,120.89.92.0,255.255.255.0,7713
1659,120.96.0.0,255.224.0.0,4637
17716,120.96.0.0,255.255.224.0,4637
9916,120.126.32.0,255.255.224.0,4637
55855,121.52.200.0,255.255.248.0,4637
9957,121.78.0.0,255.255.255.0,4637
55573,121.200.215.0,255.255.255.0,4637
38809,121.200.224.0,255.255.240.0,15412
7656,122.10.204.0,255.255.255.0,4637
38522,122.49.224.0,255.255.255.0,8966
38763,122.129.200.0,255.255.255.0,7713
135566,122.155.26.0,255.255.255.0,4637
9301,122.200.164.0,255.255.255.0,15412
10083,122.200.172.0,255.255.255.0,15412
24324,122.200.176.0,255.255.240.0,4637
141142,122.248.35.0,255.255.255.0,7713
18077,122.250.0.0,255.254.0.0,4637
38286,122.252.176.0,255.255.248.0,9304
56054,123.0.16.0,255.255.240.0,8966
45510,123.51.105.0,255.255.255.0,4637
23871,123.108.69.0,255.255.255.0,4637
9231,123.136.7.0,255.255.255.0,8359
38227,123.176.72.0,255.255.252.0,4637
38450,123.242.128.0,255.255.192.0,4637
153726,123.253.226.0,255.255.255.0,4637
4641,123.255.96.0,255.255.224.0,8966
38256,124.6.224.0,255.255.255.0,8966
139721,124.73.136.0,255.255.248.0,8966
38328,124.109.24.0,255.255.248.0,4637
270824,124.198.128.0,255.255.254.0,4637
17961,124.241.0.0,255.255.192.0,4637
37892,124.247.0.0,255.255.128.0,4637
23575,125.61.0.0,255.255.128.0,9304
38797,125.62.224.0,255.255.255.0,41095
9814,125.98.122.0,255.255.255.0,9304
38888,125.213.224.0,255.255.224.0,4637
9942,125.254.0.0,255.255.224.0,35280
37904,126.209.94.0,255.255.255.0,4637
56417,128.0.2.0,255.255.255.0,15412
199265,128.0.37.0,255.255.255.0,15412
60905,128.0.48.0,255.255.255.0,6939
16,128.3.0.0,255.255.0.0,4637
46,128.6.0.0,255.255.0.0,8966
4,128.9.0.0,255.255.240.0,4637
1341,128.13.48.0,255.255.255.0,15412
27138,128.26.15.0,255.255.255.0,703
27139,128.26.20.0,255.255.255.0,703
27137,128.26.25.0,255.255.255.0,703
10879,128.35.0.0,255.255.128.0,9304
8,128.42.0.0,255.255.0.0,8966
72,128.58.0.0,255.255.0.0,8359
55,128.91.0.0,255.255.0.0,8966
270,128.102.0.0,255.255.0.0,8966
81,128.109.0.0,255.255.0.0,8966
12,128.122.0.0,255.255.0.0,35280
198240,128.127.0.0,255.255.248.0,6939
8582,128.127.152.0,255.255.252.0,15412
160,128.135.0.0,255.255.0.0,8966
378,128.139.0.0,255.255.0.0,4637
198111,128.140.144.0,255.255.248.0,6939
57365,128.140.200.0,255.255.248.0,6939
513,128.141.0.0,255.255.0.0,35280
159,128.146.0.0,255.255.0.0,6939
122,128.147.0.0,255.255.0.0,8966
297,128.156.0.0,255.255.0.0,8966
11039,128.164.0.0,255.255.0.0,8966
16989,128.169.0.0,255.255.0.0,703
6360,128.171.0.0,255.255.0.0,4637
21534,128.177.14.0,255.255.255.0,4637
19755,128.177.102.0,255.255.255.0,15412
111,128.197.0.0,255.255.0.0,8966
263405,128.201.0.0,255.255.252.0,4637
271046,128.201.12.0,255.255.252.0,8966
266637,128.201.16.0,255.255.254.0,4637
266611,128.201.28.0,255.255.252.0,8966
271258,128.201.32.0,255.255.254.0,4637
266651,128.201.40.0,255.255.252.0,6939
266616,128.201.44.0,255.255.252.0,8966
266636,128.201.56.0,255.255.255.0,4637
266623,128.201.76.0,255.255.252.0,8966
265741,128.201.80.0,255.255.252.0,6939
266620,128.201.84.0,255.255.254.0,8966
265745,128.201.88.0,255.255.252.0,7713
263903,128.201.96.0,255.255.252.0,8966
266625,128.201.104.0,255.255.252.0,8966
265771,128.201.108.0,255.255.252.0,4637
265743,128.201.116.0,255.255.252.0,4637
262532,128.201.120.0,255.255.252.0,8966
266649,128.201.124.0,255.255.255.0,8966
266630,128.201.136.0,255.255.252.0,4637
266631,128.201.140.0,255.255.252.0,8966
266633,128.201.152.0,255.255.252.0,8966
266635,128.201.156.0,255.255.252.0,8966
28198,128.201.176.0,255.255.252.0,8966
266644,128.201.180.0,255.255.254.0,8966
265886,128.201.192.0,255.255.252.0,8966
266650,128.201.216.0,255.255.252.0,8966
28277,128.201.220.0,255.255.252.0,4637
274550,128.201.223.0,255.255.255.0,8966
5723,128.220.0.0,255.255.0.0,8966
3527,128.231.0.0,255.255.0.0,8966
22950,128.233.0.0,255.255.0.0,8966
4246,128.235.0.0,255.255.0.0,8966
77,128.244.0.0,255.255.0.0,6939
302,128.249.0.0,255.255.0.0,8966
400200,128.254.128.0,255.255.252.0,6939
400426,128.254.136.0,255.255.255.0,8966
62807,128.254.168.0,255.255.252.0,15412
3676,128.255.0.0,255.255.0.0,8966
156,129.10.0.0,255.255.0.0,8966
34878,129.13.0.0,255.255.0.0,6939
14041,129.19.0.0,255.255.0.0,8359
12145,129.19.0.0,255.255.192.0,8359
4385,129.21.0.0,255.255.0.0,24482
32666,129.22.0.0,255.255.0.0,6939
3778,129.32.0.0,255.255.0.0,8966
204764,129.35.23.0,255.255.255.0,35280
209394,129.35.70.0,255.255.254.0,35280
16807,129.42.5.0,255.255.255.0,703
5719,129.49.0.0,255.255.0.0,24482
37918,129.60.0.0,255.255.0.0,6939
3464,129.66.0.0,255.255.0.0,6939
7925,129.71.0.0,255.255.0.0,8966
26577,129.86.0.0,255.255.0.0,8966
11995,129.95.0.0,255.255.254.0,8966
17324,129.98.0.0,255.255.0.0,24482
1103,129.125.0.0,255.255.0.0,8966
20126,129.137.0.0,255.255.0.0,6939
8111,129.173.0.0,255.255.0.0,8966
11279,129.174.0.0,255.255.128.0,8966
7973,129.176.0.0,255.255.0.0,8966
201479,129.185.112.0,255.255.254.0,8966
12816,129.187.0.0,255.255.0.0,6939
37628,129.205.64.0,255.255.240.0,4637
57388,130.0.24.0,255.255.248.0,6939
22284,130.11.0.0,255.255.0.0,8966
50842,130.12.241.0,255.255.255.0,8966
395915,130.12.255.0,255.255.255.0,4637
70,130.14.0.0,255.255.0.0,8966
16614,130.51.156.0,255.255.252.0,8966
63297,130.51.184.0,255.255.252.0,8966
198551,130.93.180.0,255.255.252.0,6939
24437,130.95.0.0,255.255.0.0,35280
600,130.108.0.0,255.255.0.0,6939
200108,130.117.235.0,255.255.255.0,6939
199325,130.117.239.0,255.255.255.0,15412
1842,130.118.152.0,255.255.255.0,8966
1715,130.120.0.0,255.255.0.0,4637
9433,130.123.0.0,255.255.0.0,4637
2153,130.150.12.0,255.255.254.0,35280
567,130.152.185.0,255.255.255.0,4637
21976,130.156.0.0,255.255.0.0,8966
40267,130.156.50.0,255.255.255.0,8966
17001,130.179.0.0,255.255.0.0,6939
57568,130.185.120.0,255.255.252.0,8966
200799,130.193.1.0,255.255.255.0,8966
212665,130.193.28.0,255.255.255.0,6939
8916,130.193.30.0,255.255.255.0,703
49396,130.193.78.0,255.255.255.0,4637
197518,130.193.104.0,255.255.248.0,8966
23905,130.195.0.0,255.255.224.0,4637
766,130.206.0.0,255.255.0.0,4637
15474,130.208.0.0,255.255.0.0,8966
1835,130.225.0.0,255.255.0.0,8966
2839,130.229.128.0,255.255.192.0,8966
394901,130.250.0.0,255.255.240.0,4637
33691,130.250.48.0,255.255.240.0,4637
394896,130.250.176.0,255.255.252.0,6939
394899,130.250.192.0,255.255.255.0,15412
22634,130.254.64.0,255.255.224.0,49544
198185,130.255.8.0,255.255.248.0,41095
58323,130.255.20.0,255.255.252.0,6939
197927,130.255.174.0,255.255.255.0,8966
61855,131.0.4.0,255.255.252.0,8966
28604,131.0.24.0,255.255.252.0,8966
262621,131.0.44.0,255.255.252.0,15412
61704,131.0.60.0,255.255.252.0,8966
61871,131.0.92.0,255.255.252.0,8966
263649,131.0.96.0,255.255.252.0,4637
61700,131.0.112.0,255.255.252.0,4637
262744,131.0.120.0,255.255.252.0,6939
52232,131.0.128.0,255.255.255.0,8966
14117,131.0.172.0,255.255.252.0,8966
61719,131.0.192.0,255.255.252.0,4637
61729,131.0.204.0,255.255.252.0,4637
28613,131.0.216.0,255.255.255.0,4637
52965,131.0.224.0,255.255.252.0,4637
61470,131.0.232.0,255.255.252.0,4637
262380,131.0.240.0,255.255.252.0,8966
61714,131.0.244.0,255.255.255.0,8966
27046,131.70.4.0,255.255.255.0,703
28075,131.72.0.0,255.255.255.0,4637
61713,131.72.16.0,255.255.252.0,4637
52455,131.72.24.0,255.255.252.0,8966
61711,131.72.32.0,255.255.252.0,4637
52545,131.72.48.0,255.255.252.0,8966
273474,131.72.52.0,255.255.252.0,8966
53231,131.72.60.0,255.255.254.0,8966
61758,131.72.68.0,255.255.254.0,4637
28038,131.72.72.0,255.255.252.0,6939
264811,131.72.76.0,255.255.252.0,6939
28294,131.72.84.0,255.255.254.0,8966
61646,131.72.100.0,255.255.252.0,4637
61732,131.72.104.0,255.255.252.0,8966
61727,131.72.124.0,255.255.252.0,8966
61744,131.72.128.0,255.255.252.0,8966
28670,131.72.144.0,255.255.252.0,8966
61745,131.72.152.0,255.255.252.0,4637
61731,131.72.160.0,255.255.252.0,4637
269918,131.72.168.0,255.255.252.0,4637
61737,131.72.180.0,255.255.252.0,8966
61750,131.72.184.0,255.255.252.0,4637
262809,131.72.200.0,255.255.252.0,8966
262150,131.72.204.0,255.255.255.0,4637
13591,131.72.212.0,255.255.252.0,15412
262352,131.72.216.0,255.255.252.0,4637
262393,131.72.244.0,255.255.254.0,8966
52751,131.72.248.0,255.255.252.0,4637
61751,131.72.252.0,255.255.252.0,8966
5974,131.77.0.0,255.255.0.0,703
270896,131.100.4.0,255.255.254.0,8966
61752,131.100.12.0,255.255.252.0,4637
271758,131.100.28.0,255.255.252.0,8966
27800,131.100.36.0,255.255.252.0,15412
61754,131.100.40.0,255.255.252.0,8966
61748,131.100.52.0,255.255.252.0,8966
262323,131.100.56.0,255.255.252.0,8966
53143,131.100.68.0,255.255.252.0,4637
61759,131.100.80.0,255.255.252.0,4637
11664,131.100.108.0,255.255.252.0,15412
52866,131.100.128.0,255.255.252.0,8966
61637,131.100.132.0,255.255.252.0,8966
264381,131.100.144.0,255.255.252.0,4637
27665,131.100.160.0,255.255.252.0,6939
61648,131.100.176.0,255.255.252.0,8966
262187,131.100.180.0,255.255.252.0,4637
53196,131.100.196.0,255.255.252.0,4637
271683,131.100.200.0,255.255.252.0,8966
273409,131.100.204.0,255.255.252.0,6939
61653,131.100.224.0,255.255.252.0,4637
61686,131.100.234.0,255.255.254.0,6939
61668,131.100.248.0,255.255.252.0,4637
61657,131.100.252.0,255.255.252.0,8966
33845,131.102.0.0,255.255.0.0,4637
61487,131.108.0.0,255.255.252.0,4637
263424,131.108.8.0,255.255.252.0,8966
61659,131.108.28.0,255.255.252.0,8966
264367,131.108.32.0,255.255.252.0,8966
61680,131.108.64.0,255.255.252.0,8966
18747,131.108.68.0,255.255.252.0,8966
61665,131.108.72.0,255.255.252.0,8966
61666,131.108.76.0,255.255.255.0,4637
262521,131.108.84.0,255.255.254.0,8966
61672,131.108.100.0,255.255.252.0,6939
61673,131.108.120.0,255.255.252.0,8966
264354,131.108.128.0,255.255.252.0,4637
61490,131.108.140.0,255.255.255.0,4637
61681,131.108.156.0,255.255.252.0,8966
61678,131.108.164.0,255.255.252.0,4637
10299,131.108.168.0,255.255.252.0,703
22381,131.108.184.0,255.255.252.0,8966
262691,131.108.200.0,255.255.252.0,4637
264351,131.108.212.0,255.255.254.0,8966
64126,131.108.236.0,255.255.252.0,703
264355,131.108.240.0,255.255.252.0,8966
52928,131.108.244.0,255.255.252.0,8966
9367,131.112.0.0,255.255.0.0,6939
211970,131.117.230.0,255.255.255.0,703
6059,131.118.0.0,255.255.0.0,8966
11050,131.123.0.0,255.255.0.0,6939
3112,131.123.236.0,255.255.252.0,8966
40776,131.143.20.0,255.255.255.0,9304
15280,131.143.43.0,255.255.255.0,6939
200454,131.143.87.0,255.255.255.0,8966
2728,131.143.232.0,255.255.254.0,6939
207134,131.153.40.0,255.255.254.0,4637
11417,131.156.0.0,255.255.0.0,8966
264360,131.161.28.0,255.255.252.0,8966
52564,131.161.36.0,255.255.255.0,4637
52674,131.161.40.0,255.255.252.0,8966
265144,131.161.44.0,255.255.255.0,8966
264369,131.161.64.0,255.255.252.0,4637
262355,131.161.72.0,255.255.252.0,4637
270777,131.161.119.0,255.255.255.0,8966
264387,131.161.124.0,255.255.255.0,8966
264378,131.161.128.0,255.255.252.0,8966
262293,131.161.132.0,255.255.252.0,4637
263077,131.161.140.0,255.255.252.0,4637
61812,131.161.160.0,255.255.252.0,4637
264384,131.161.176.0,255.255.252.0,8966
52720,131.161.196.0,255.255.252.0,8966
263258,131.161.204.0,255.255.254.0,8966
264401,131.161.212.0,255.255.252.0,4637
264393,131.161.216.0,255.255.252.0,4637
264404,131.161.228.0,255.255.252.0,4637
263687,131.161.236.0,255.255.252.0,703
28103,131.161.252.0,255.255.255.0,4637
2025,131.183.0.0,255.255.0.0,6939
54676,131.187.132.0,255.255.252.0,8966
26247,131.187.224.0,255.255.248.0,6939
26898,131.187.248.0,255.255.252.0,6939
14677,131.191.0.0,255.255.128.0,8966
265890,131.196.4.0,255.255.252.0,4637
265903,131.196.20.0,255.255.255.0,8966
271410,131.196.28.0,255.255.252.0,4637
262189,131.196.39.0,255.255.255.0,4637
265894,131.196.48.0,255.255.254.0,8966
265976,131.196.64.0,255.255.252.0,8966
262509,131.196.76.0,255.255.252.0,8966
265907,131.196.84.0,255.255.252.0,8966
262756,131.196.88.0,255.255.252.0,8966
262813,131.196.92.0,255.255.255.0,4637
265918,131.196.104.0,255.255.255.0,4637
265923,131.196.128.0,255.255.252.0,8966
265928,131.196.132.0,255.255.252.0,8966
265943,131.196.160.0,255.255.252.0,4637
265914,131.196.164.0,255.255.252.0,8966
265757,131.196.176.0,255.255.252.0,8966
265927,131.196.216.0,255.255.252.0,8966
265985,131.196.220.0,255.255.252.0,4637
266006,131.196.224.0,255.255.254.0,4637
265996,131.196.232.0,255.255.252.0,8966
273703,131.196.236.0,255.255.252.0,8966
265931,131.196.240.0,255.255.252.0,4637
3128,131.210.0.0,255.255.0.0,8359
7727,131.221.8.0,255.255.252.0,703
262765,131.221.56.0,255.255.252.0,15412
52566,131.221.72.0,255.255.252.0,8966
264424,131.221.108.0,255.255.252.0,4637
52937,131.221.116.0,255.255.252.0,6939
264416,131.221.120.0,255.255.252.0,4637
264428,131.221.124.0,255.255.252.0,8966
264434,131.221.160.0,255.255.252.0,4637
27901,131.221.164.0,255.255.255.0,6939
264422,131.221.172.0,255.255.255.0,4637
264425,131.221.184.0,255.255.252.0,8966
264426,131.221.188.0,255.255.252.0,8966
264442,131.221.192.0,255.255.252.0,8966
262316,131.221.200.0,255.255.252.0,8966
28658,131.221.208.0,255.255.252.0,6939
264444,131.221.224.0,255.255.252.0,4637
264439,131.221.236.0,255.255.252.0,4637
264427,131.221.240.0,255.255.252.0,4637
264440,131.221.244.0,255.255.252.0,4637
52900,131.221.252.0,255.255.252.0,8966
22794,131.226.136.0,255.255.248.0,8966
203724,131.229.128.0,255.255.255.0,4637
205272,131.229.140.0,255.255.255.0,6939
32234,131.238.0.0,255.255.0.0,6939
199578,131.246.0.0,255.255.0.0,6939
5661,131.247.0.0,255.255.0.0,8966
27065,131.250.242.0,255.255.255.0,703
6366,131.252.0.0,255.255.0.0,8966
61493,131.255.4.0,255.255.255.0,8966
263741,131.255.12.0,255.255.252.0,4637
27693,131.255.24.0,255.255.252.0,4637
264448,131.255.28.0,255.255.252.0,8966
264449,131.255.32.0,255.255.252.0,8966
264450,131.255.36.0,255.255.252.0,4637
61893,131.255.44.0,255.255.252.0,8966
262675,131.255.52.0,255.255.252.0,4637
264518,131.255.76.0,255.255.252.0,4637
264470,131.255.80.0,255.255.252.0,8966
263468,131.255.96.0,255.255.252.0,8966
28165,131.255.100.0,255.255.252.0,8966
271761,131.255.104.0,255.255.252.0,8966
52783,131.255.116.0,255.255.252.0,8966
271673,131.255.130.0,255.255.255.0,8966
262417,131.255.132.0,255.255.252.0,8966
264485,131.255.144.0,255.255.252.0,8966
264503,131.255.148.0,255.255.252.0,8966
264493,131.255.156.0,255.255.252.0,8966
264490,131.255.160.0,255.255.252.0,4637
262470,131.255.168.0,255.255.252.0,4637
262491,131.255.172.0,255.255.252.0,8966
264491,131.255.176.0,255.255.252.0,4637
263715,131.255.180.0,255.255.252.0,4637
264492,131.255.184.0,255.255.252.0,8966
262210,131.255.192.0,255.255.252.0,703
28265,131.255.196.0,255.255.252.0,8966
262546,131.255.200.0,255.255.252.0,8966
263582,131.255.204.0,255.255.252.0,4637
262979,131.255.208.0,255.255.255.0,4637
264498,131.255.212.0,255.255.252.0,8966
264496,131.255.224.0,255.255.252.0,8966
264500,131.255.228.0,255.255.252.0,4637
262318,131.255.236.0,255.255.252.0,4637
264297,131.255.252.0,255.255.252.0,8966
2665,132.156.0.0,255.255.0.0,15412
21575,132.157.0.0,255.255.0.0,6939
2818,132.185.0.0,255.255.0.0,15412
1351,132.198.0.0,255.255.0.0,8966
278,132.247.0.0,255.255.0.0,7713
27839,132.251.224.0,255.255.248.0,6939
265823,132.255.8.0,255.255.252.0,4637
263586,132.255.16.0,255.255.252.0,8966
262286,132.255.24.0,255.255.252.0,4637
264461,132.255.28.0,255.255.252.0,8966
264455,132.255.36.0,255.255.252.0,8966
264452,132.255.48.0,255.255.252.0,8966
264462,132.255.52.0,255.255.252.0,8966
264453,132.255.56.0,255.255.252.0,8966
52840,132.255.60.0,255.255.252.0,8966
28667,132.255.64.0,255.255.252.0,4637
264463,132.255.72.0,255.255.252.0,4637
264464,132.255.80.0,255.255.252.0,8966
264459,132.255.92.0,255.255.252.0,8966
1916,132.255.96.0,255.255.252.0,8966
263355,132.255.104.0,255.255.252.0,8966
264477,132.255.108.0,255.255.252.0,8966
52436,132.255.112.0,255.255.252.0,4637
264473,132.255.116.0,255.255.252.0,8966
53223,132.255.140.0,255.255.252.0,6939
53085,132.255.148.0,255.255.252.0,4637
262404,132.255.156.0,255.255.252.0,8966
264516,132.255.160.0,255.255.252.0,8966
264517,132.255.172.0,255.255.252.0,8966
53048,132.255.176.0,255.255.252.0,8966
263040,132.255.180.0,255.255.252.0,703
264510,132.255.184.0,255.255.254.0,8966
264513,132.255.196.0,255.255.252.0,8966
264635,132.255.208.0,255.255.255.0,8966
264521,132.255.212.0,255.255.252.0,8966
262978,132.255.220.0,255.255.252.0,8966
264512,132.255.228.0,255.255.252.0,4637
61588,132.255.240.0,255.255.252.0,8966
264519,132.255.244.0,255.255.252.0,8966
262605,132.255.252.0,255.255.252.0,8966
2500,133.4.128.0,255.255.192.0,6939
23630,133.32.112.0,255.255.248.0,4637
131969,133.88.20.0,255.255.252.0,4637
146986,133.88.28.0,255.255.255.0,4637
131921,133.117.148.0,255.255.252.0,15412
63802,133.131.0.0,255.255.0.0,4637
151386,133.223.15.0,255.255.255.0,15412
23820,133.237.0.0,255.255.0.0,8966
4675,133.247.80.0,255.255.248.0,4637
47708,134.25.0.0,255.255.0.0,6939
22968,134.53.0.0,255.255.0.0,6939
293,134.55.0.0,255.255.0.0,4637
27263,134.65.160.0,255.255.252.0,8966
1237,134.75.0.0,255.255.0.0,15412
17579,134.75.1.0,255.255.255.0,24482
207592,134.76.0.0,255.255.0.0,6939
198380,134.90.240.0,255.255.248.0,8966
2857,134.93.0.0,255.255.0.0,6939
50533,134.101.64.0,255.255.224.0,6939
6471,134.162.99.0,255.255.255.0,4637
11340,134.171.169.0,255.255.255.0,4637
40127,134.174.0.0,255.255.0.0,8966
399998,134.195.6.0,255.255.255.0,15412
36127,134.195.52.0,255.255.255.0,8966
54613,134.195.76.0,255.255.255.0,6939
12186,134.195.187.0,255.255.255.0,8966
62866,134.195.207.0,255.255.255.0,6939
1733,134.229.68.0,255.255.255.0,703
27066,134.229.134.0,255.255.255.0,703
210,134.250.0.0,255.255.0.0,8966
38016,135.92.55.0,255.255.255.0,8966
19165,136.24.0.0,255.255.0.0,8966
215601,136.144.30.0,255.255.255.0,8359
19399,136.155.0.0,255.255.0.0,6939
36124,136.175.48.0,255.255.255.0,6939
62902,136.175.126.0,255.255.255.0,15412
54746,136.175.130.0,255.255.255.0,6939
397860,136.175.248.0,255.255.252.0,6939
15320,136.223.177.0,255.255.255.0,6939
395379,136.228.64.0,255.255.224.0,15412
53449,136.228.96.0,255.255.224.0,15412
5488,136.238.196.0,255.255.255.0,4637
3477,137.75.64.0,255.255.192.0,4637
16550,137.75.122.0,255.255.255.0,4637
26100,137.75.124.0,255.255.252.0,4637
13837,137.83.22.0,255.255.255.0,15412
40956,137.83.77.0,255.255.255.0,8966
13427,137.83.103.0,255.255.255.0,6939
19464,137.113.0.0,255.255.0.0,6939
21515,137.119.26.0,255.255.254.0,703
52668,137.133.0.0,255.255.255.0,6939
7860,137.149.0.0,255.255.0.0,8966
36324,137.152.224.0,255.255.224.0,4637
36857,137.170.64.0,255.255.192.0,6939
12079,137.188.0.0,255.255.0.0,703
15806,137.191.224.0,255.255.224.0,6939
199116,137.194.8.0,255.255.252.0,6939
10,137.196.4.0,255.255.255.0,8966
2018,137.214.0.0,255.255.0.0,8966
637,137.234.0.0,255.255.252.0,703
3755,137.238.240.0,255.255.240.0,6939
7738,138.0.16.0,255.255.252.0,4637
264528,138.0.20.0,255.255.252.0,4637
264539,138.0.24.0,255.255.252.0,8966
262755,138.0.32.0,255.255.252.0,4637
264536,138.0.68.0,255.255.252.0,8966
264531,138.0.72.0,255.255.252.0,8966
53076,138.0.85.0,255.255.255.0,8966
273813,138.0.86.0,255.255.255.0,8966
264543,138.0.96.0,255.255.252.0,8966
262216,138.0.104.0,255.255.252.0,8966
264544,138.0.112.0,255.255.252.0,8966
264547,138.0.133.0,255.255.255.0,8966
264550,138.0.136.0,255.255.252.0,8966
264566,138.0.144.0,255.255.252.0,4637
52236,138.0.156.0,255.255.255.0,15412
264555,138.0.160.0,255.255.252.0,8966
271564,138.0.176.0,255.255.252.0,8966
263736,138.0.184.0,255.255.252.0,6939
28131,138.0.192.0,255.255.252.0,4637
263073,138.0.196.0,255.255.252.0,4637
264556,138.0.204.0,255.255.255.0,6939
264554,138.0.212.0,255.255.255.0,8966
264559,138.0.216.0,255.255.255.0,8966
264567,138.0.232.0,255.255.252.0,8966
263629,138.0.248.0,255.255.255.0,8966
32472,138.12.0.0,255.255.128.0,703
6106,138.23.0.0,255.255.0.0,4637
4503,138.33.33.0,255.255.255.0,15412
264564,138.36.4.0,255.255.252.0,8966
263026,138.36.20.0,255.255.252.0,4637
14868,138.36.32.0,255.255.252.0,4637
264568,138.36.36.0,255.255.252.0,8966
264570,138.36.40.0,255.255.252.0,8966
262832,138.36.60.0,255.255.252.0,4637
61797,138.36.68.0,255.255.252.0,8966
264574,138.36.108.0,255.255.252.0,8966
264577,138.36.116.0,255.255.252.0,8966
264579,138.36.128.0,255.255.252.0,8966
264580,138.36.132.0,255.255.252.0,6939
28257,138.36.140.0,255.255.252.0,8966
263729,138.36.148.0,255.255.252.0,4637
52610,138.36.160.0,255.255.252.0,4637
262300,138.36.168.0,255.255.252.0,8966
52968,138.36.184.0,255.255.252.0,4637
264584,138.36.188.0,255.255.252.0,6939
262535,138.36.192.0,255.255.252.0,8966
264590,138.36.212.0,255.255.252.0,8966
264588,138.36.224.0,255.255.252.0,8966
61696,138.36.232.0,255.255.252.0,8966
264589,138.36.240.0,255.255.252.0,8966
262814,138.36.244.0,255.255.254.0,4637
61934,138.36.248.0,255.255.252.0,4637
395437,138.43.128.0,255.255.255.0,6939
27750,138.59.12.0,255.255.252.0,8966
270932,138.59.36.0,255.255.252.0,8966
264596,138.59.40.0,255.255.252.0,703
264595,138.59.44.0,255.255.252.0,8966
264597,138.59.48.0,255.255.252.0,4637
52887,138.59.56.0,255.255.252.0,8966
22689,138.59.88.0,255.255.252.0,4637
262769,138.59.92.0,255.255.252.0,4637
27720,138.59.96.0,255.255.252.0,4637
28606,138.59.112.0,255.255.252.0,8966
53222,138.59.128.0,255.255.252.0,8966
263042,138.59.156.0,255.255.252.0,6939
270816,138.59.180.0,255.255.252.0,6939
264103,138.59.188.0,255.255.252.0,8966
264133,138.59.192.0,255.255.252.0,8966
264116,138.59.208.0,255.255.252.0,8966
264119,138.59.216.0,255.255.252.0,8966
264127,138.59.220.0,255.255.252.0,8966
263154,138.59.236.0,255.255.252.0,8966
52858,138.59.248.0,255.255.252.0,4637
7386,138.87.0.0,255.255.0.0,8966
52901,138.94.4.0,255.255.252.0,8966
28360,138.94.8.0,255.255.252.0,8966
266201,138.94.32.0,255.255.252.0,703
264344,138.94.36.0,255.255.255.0,8966
264124,138.94.48.0,255.255.252.0,8966
264106,138.94.52.0,255.255.252.0,4637
264135,138.94.64.0,255.255.252.0,8966
263471,138.94.68.0,255.255.252.0,8966
262821,138.94.100.0,255.255.252.0,4637
264134,138.94.104.0,255.255.252.0,8966
273548,138.94.116.0,255.255.252.0,8966
61584,138.94.128.0,255.255.252.0,8966
264180,138.94.164.0,255.255.252.0,8966
264186,138.94.192.0,255.255.252.0,8966
262887,138.94.232.0,255.255.252.0,8966
265840,138.94.247.0,255.255.255.0,15412
262346,138.97.0.0,255.255.252.0,4637
53112,138.97.4.0,255.255.252.0,8966
52604,138.97.16.0,255.255.252.0,8966
264112,138.97.20.0,255.255.252.0,703
264118,138.97.24.0,255.255.252.0,8966
264117,138.97.28.0,255.255.252.0,8966
61900,138.97.32.0,255.255.254.0,8966
264129,138.97.36.0,255.255.252.0,8966
264120,138.97.40.0,255.255.252.0,8966
262811,138.97.48.0,255.255.252.0,8966
264147,138.97.68.0,255.255.252.0,4637
271069,138.97.79.0,255.255.255.0,8966
264138,138.97.84.0,255.255.252.0,703
264137,138.97.96.0,255.255.252.0,8966
264144,138.97.124.0,255.255.252.0,8966
267442,138.97.128.0,255.255.252.0,8966
262645,138.97.132.0,255.255.252.0,8966
266178,138.97.144.0,255.255.255.0,4637
264197,138.97.148.0,255.255.252.0,8966
264189,138.97.164.0,255.255.252.0,8966
264206,138.97.180.0,255.255.252.0,8966
264191,138.97.189.0,255.255.255.0,8966
264200,138.97.192.0,255.255.252.0,8966
264195,138.97.196.0,255.255.252.0,8966
264207,138.97.212.0,255.255.252.0,6939
264209,138.97.220.0,255.255.252.0,8966
264204,138.97.232.0,255.255.252.0,8966
264217,138.97.240.0,255.255.252.0,4637
264213,138.97.252.0,255.255.252.0,8966
264159,138.99.16.0,255.255.252.0,4637
61786,138.99.28.0,255.255.252.0,8966
263086,138.99.40.0,255.255.252.0,8966
262427,138.99.48.0,255.255.252.0,4637
28577,138.99.52.0,255.255.252.0,4637
52877,138.99.56.0,255.255.252.0,8966
264160,138.99.68.0,255.255.252.0,4637
52747,138.99.108.0,255.255.254.0,8966
262544,138.99.112.0,255.255.252.0,4637
270997,138.99.124.0,255.255.252.0,8966
263768,138.99.128.0,255.255.252.0,4637
264215,138.99.132.0,255.255.252.0,8966
271255,138.99.156.0,255.255.252.0,4637
264212,138.99.160.0,255.255.252.0,8966
264211,138.99.164.0,255.255.252.0,8966
61582,138.99.168.0,255.255.252.0,6939
273914,138.99.179.0,255.255.255.0,4637
52695,138.99.188.0,255.255.252.0,8966
264216,138.99.196.0,255.255.252.0,8966
52686,138.99.204.0,255.255.252.0,8966
27660,138.99.212.0,255.255.252.0,15412
262374,138.99.244.0,255.255.252.0,4637
28130,138.99.248.0,255.255.252.0,703
263589,138.99.252.0,255.255.252.0,4637
9593,138.101.0.0,255.255.0.0,15412
27984,138.117.20.0,255.255.252.0,4637
263321,138.117.24.0,255.255.252.0,8966
273363,138.117.46.0,255.255.254.0,8966
28258,138.117.72.0,255.255.252.0,4637
263774,138.117.76.0,255.255.252.0,4637
262387,138.117.100.0,255.255.252.0,4637
17069,138.117.112.0,255.255.255.0,4637
262820,138.117.120.0,255.255.252.0,8966
61572,138.117.132.0,255.255.254.0,4637
61498,138.117.136.0,255.255.255.0,4637
264242,138.117.144.0,255.255.252.0,8966
265831,138.117.148.0,255.255.255.0,4637
264234,138.117.152.0,255.255.254.0,4637
262168,138.117.160.0,255.255.252.0,703
264237,138.117.172.0,255.255.254.0,8966
28186,138.117.176.0,255.255.252.0,4637
264238,138.117.188.0,255.255.252.0,4637
264241,138.118.4.0,255.255.252.0,8966
262591,138.118.12.0,255.255.252.0,4637
262290,138.118.16.0,255.255.252.0,8966
264247,138.118.32.0,255.255.255.0,6939
52308,138.118.36.0,255.255.255.0,15412
52431,138.118.48.0,255.255.252.0,4637
264249,138.118.52.0,255.255.255.0,4637
264246,138.118.56.0,255.255.252.0,4637
264248,138.118.60.0,255.255.252.0,4637
264250,138.118.64.0,255.255.252.0,4637
262394,138.118.76.0,255.255.252.0,4637
53184,138.118.84.0,255.255.252.0,4637
262485,138.118.88.0,255.255.252.0,8966
263781,138.118.104.0,255.255.252.0,703
28287,138.118.120.0,255.255.252.0,4637
27796,138.118.124.0,255.255.252.0,8966
262500,138.118.128.0,255.255.252.0,8966
262448,138.118.172.0,255.255.252.0,8966
264268,138.118.176.0,255.255.252.0,4637
264067,138.118.184.0,255.255.252.0,8966
52323,138.118.208.0,255.255.252.0,4637
264273,138.118.220.0,255.255.252.0,8966
263880,138.118.232.0,255.255.252.0,8966
264283,138.118.240.0,255.255.252.0,4637
52742,138.118.252.0,255.255.254.0,8966
264274,138.121.8.0,255.255.254.0,8966
264289,138.121.28.0,255.255.252.0,4637
264288,138.121.32.0,255.255.252.0,8966
264280,138.121.44.0,255.255.252.0,8966
264285,138.121.56.0,255.255.252.0,8966
52637,138.121.72.0,255.255.252.0,6939
52427,138.121.76.0,255.255.254.0,4637
61500,138.121.80.0,255.255.252.0,4637
263789,138.121.84.0,255.255.252.0,4637
263784,138.121.96.0,255.255.252.0,4637
263791,138.121.112.0,255.255.255.0,4637
264295,138.121.116.0,255.255.252.0,4637
264294,138.121.128.0,255.255.252.0,8966
28317,138.121.140.0,255.255.255.0,8966
52821,138.121.144.0,255.255.252.0,4637
264301,138.121.196.0,255.255.254.0,8966
265315,138.121.208.0,255.255.254.0,4637
53045,138.121.232.0,255.255.252.0,8966
264323,138.121.244.0,255.255.252.0,8966
264308,138.122.20.0,255.255.254.0,8966
264327,138.122.56.0,255.255.252.0,4637
61573,138.122.60.0,255.255.252.0,4637
264309,138.122.64.0,255.255.252.0,8966
263263,138.122.72.0,255.255.252.0,4637
264324,138.122.92.0,255.255.252.0,8966
263792,138.122.108.0,255.255.255.0,4637
264320,138.122.120.0,255.255.254.0,8966
264329,138.122.136.0,255.255.252.0,703
264321,138.122.152.0,255.255.252.0,8966
23201,138.122.160.0,255.255.252.0,6939
262952,138.122.168.0,255.255.252.0,8966
262518,138.122.172.0,255.255.254.0,8966
52653,138.122.180.0,255.255.252.0,4637
263801,138.122.188.0,255.255.252.0,4637
264326,138.122.204.0,255.255.252.0,4637
27955,138.122.228.0,255.255.252.0,4637
200675,138.124.188.0,255.255.252.0,6939
200315,138.128.224.0,255.255.255.0,8966
16832,138.128.232.0,255.255.248.0,6939
13999,138.185.2.0,255.255.254.0,15412
264332,138.185.20.0,255.255.252.0,8966
264338,138.185.32.0,255.255.252.0,8966
263384,138.185.40.0,255.255.252.0,8966
264343,138.185.72.0,255.255.252.0,4637
270877,138.185.88.0,255.255.255.0,8966
52721,138.185.108.0,255.255.252.0,4637
28066,138.185.112.0,255.255.252.0,4637
263840,138.185.124.0,255.255.252.0,8966
263805,138.185.136.0,255.255.255.0,8966
264345,138.185.144.0,255.255.252.0,8966
263846,138.185.148.0,255.255.252.0,8966
264342,138.185.156.0,255.255.252.0,8966
262604,138.185.160.0,255.255.252.0,4637
28187,138.185.168.0,255.255.252.0,8966
264348,138.185.176.0,255.255.252.0,4637
28255,138.185.180.0,255.255.252.0,4637
263847,138.185.196.0,255.255.252.0,8966
262482,138.185.212.0,255.255.252.0,4637
263920,138.185.240.0,255.255.252.0,8966
263940,138.185.252.0,255.255.252.0,8966
52579,138.186.0.0,255.255.252.0,4637
17072,138.186.28.0,255.255.255.0,7713
52771,138.186.44.0,255.255.252.0,4637
263858,138.186.48.0,255.255.252.0,8966
262622,138.186.80.0,255.255.252.0,4637
263855,138.186.84.0,255.255.252.0,8966
14709,138.186.88.0,255.255.252.0,4637
263124,138.186.92.0,255.255.252.0,8966
264681,138.186.120.0,255.255.252.0,4637
263860,138.186.128.0,255.255.252.0,4637
53160,138.186.132.0,255.255.252.0,8966
61449,138.186.160.0,255.255.252.0,4637
263877,138.186.172.0,255.255.252.0,8966
61784,138.186.184.0,255.255.252.0,4637
262573,138.186.192.0,255.255.252.0,15412
263869,138.186.196.0,255.255.252.0,8966
53218,138.186.204.0,255.255.252.0,4637
27775,138.186.208.0,255.255.252.0,703
212424,138.195.128.0,255.255.224.0,6939
61775,138.204.36.0,255.255.252.0,8966
266192,138.204.44.0,255.255.255.0,8966
263891,138.204.48.0,255.255.252.0,4637
263879,138.204.76.0,255.255.254.0,8966
263897,138.204.112.0,255.255.252.0,8966
263898,138.204.116.0,255.255.252.0,8966
263906,138.204.120.0,255.255.252.0,4637
263888,138.204.132.0,255.255.252.0,4637
262262,138.204.180.0,255.255.255.0,8966
263907,138.204.184.0,255.255.252.0,8966
263908,138.204.192.0,255.255.252.0,8966
263904,138.204.196.0,255.255.252.0,4637
61890,138.204.212.0,255.255.252.0,4637
53153,138.204.220.0,255.255.255.0,8966
61506,138.204.228.0,255.255.255.0,6939
263917,138.204.232.0,255.255.252.0,8966
263913,138.204.240.0,255.255.252.0,8966
61495,138.219.0.0,255.255.255.0,4637
61504,138.219.1.0,255.255.255.0,4637
52404,138.219.2.0,255.255.255.0,4637
263939,138.219.44.0,255.255.252.0,4637
61508,138.219.60.0,255.255.255.0,4637
61940,138.219.76.0,255.255.252.0,8966
263922,138.219.96.0,255.255.252.0,4637
263941,138.219.100.0,255.255.252.0,4637
263944,138.219.108.0,255.255.252.0,8966
263928,138.219.116.0,255.255.255.0,8966
263929,138.219.132.0,255.255.252.0,8966
263820,138.219.160.0,255.255.255.0,4637
264017,138.219.168.0,255.255.252.0,8966
263936,138.219.192.0,255.255.252.0,8966
263946,138.219.196.0,255.255.252.0,8966
262649,138.219.204.0,255.255.252.0,8966
263948,138.219.236.0,255.255.252.0,4637
52873,138.219.244.0,255.255.252.0,703
10497,138.220.0.0,255.255.0.0,15412
136990,138.235.8.0,255.255.252.0,4637
23779,138.243.0.0,255.255.0.0,8966
63900,138.252.12.0,255.255.255.0,8966
154309,138.252.80.0,255.255.254.0,8966
154039,138.252.92.0,255.255.255.0,24482
139649,138.252.126.0,255.255.254.0,4637
154242,138.252.167.0,255.255.255.0,4637
152799,138.252.176.0,255.255.255.0,7713
263947,138.255.12.0,255.255.254.0,4637
263952,138.255.28.0,255.255.252.0,8966
263970,138.255.64.0,255.255.255.0,8966
263959,138.255.72.0,255.255.252.0,6939
263961,138.255.104.0,255.255.252.0,4637
263972,138.255.128.0,255.255.252.0,4637
28132,138.255.140.0,255.255.252.0,8966
263650,138.255.148.0,255.255.252.0,4637
263975,138.255.160.0,255.255.255.0,4637
263979,138.255.176.0,255.255.252.0,8966
262868,138.255.196.0,255.255.252.0,8966
263994,138.255.220.0,255.255.252.0,8966
263989,138.255.224.0,255.255.252.0,8966
263982,138.255.232.0,255.255.252.0,4637
264645,138.255.252.0,255.255.255.0,15412
47273,139.28.40.0,255.255.252.0,703
47140,139.28.52.0,255.255.252.0,41095
209624,139.28.148.0,255.255.252.0,6939
212068,139.28.205.0,255.255.255.0,6939
210258,139.28.208.0,255.255.252.0,15412
209627,139.28.248.0,255.255.255.0,6939
5091,139.45.160.0,255.255.255.0,4637
210203,139.45.198.0,255.255.254.0,15412
51327,139.45.214.0,255.255.254.0,6939
214455,139.45.216.0,255.255.254.0,6939
398563,139.60.167.0,255.255.255.0,6939
31914,139.64.216.0,255.255.255.0,6939
26034,139.72.158.0,255.255.255.0,8966
532,139.77.6.0,255.255.255.0,703
2715,139.82.0.0,255.255.0.0,8966
1930,139.83.0.0,255.255.0.0,4637
8522,139.91.0.0,255.255.0.0,4637
15260,139.104.71.0,255.255.255.0,703
23344,139.104.97.0,255.255.255.0,4637
22604,139.104.112.0,255.255.255.0,4637
5619,139.105.0.0,255.255.0.0,7713
53927,139.131.31.0,255.255.255.0,4637
399362,139.138.52.0,255.255.254.0,6939
54825,139.178.76.0,255.255.254.0,4637
27628,139.181.5.0,255.255.255.0,8966
7535,139.223.0.0,255.255.0.0,6939
1945,140.77.0.0,255.255.0.0,4637
36459,140.82.112.0,255.255.240.0,6939
202435,140.95.136.0,255.255.252.0,35280
17713,140.117.0.0,255.255.0.0,4637
63303,140.174.27.0,255.255.255.0,15412
63376,140.174.30.0,255.255.255.0,8966
3701,140.211.0.0,255.255.0.0,8966
208437,140.233.176.0,255.255.255.0,8966
47536,140.235.4.0,255.255.255.0,4637
395559,140.235.40.0,255.255.255.0,6939
53745,140.235.52.0,255.255.252.0,703
48927,140.235.68.0,255.255.252.0,6939
50224,140.235.75.0,255.255.255.0,8966
214675,140.235.199.0,255.255.255.0,4637
27370,140.241.0.0,255.255.0.0,6939
136195,140.249.3.0,255.255.255.0,8966
20633,141.2.0.0,255.255.0.0,6939
205684,141.11.110.0,255.255.255.0,35280
13128,141.15.0.0,255.255.0.0,35280
41289,141.17.0.0,255.255.0.0,6939
211286,141.39.220.0,255.255.252.0,4637
210482,141.80.0.0,255.255.0.0,6939
25367,141.96.0.0,255.255.0.0,4637
209591,141.98.124.0,255.255.252.0,6939
56381,141.98.136.0,255.255.255.0,6939
206988,141.98.200.0,255.255.252.0,15412
60299,141.101.186.0,255.255.255.0,8966
12990,141.105.16.0,255.255.248.0,6939
206621,141.105.133.0,255.255.255.0,6939
57124,141.105.144.0,255.255.248.0,6939
13588,141.123.7.0,255.255.255.0,35280
30972,141.138.88.0,255.255.248.0,6939
1224,141.142.0.0,255.255.0.0,8966
17350,141.160.12.0,255.255.252.0,4637
59908,141.170.214.0,255.255.255.0,35280
6169,141.193.36.0,255.255.252.0,15412
53971,141.193.80.0,255.255.252.0,8966
13943,141.193.104.0,255.255.252.0,8966
16717,141.193.160.0,255.255.240.0,8966
54037,141.193.220.0,255.255.254.0,6939
6720,141.203.0.0,255.255.0.0,6939
3784,141.223.0.0,255.255.192.0,4637
14048,141.225.0.0,255.255.0.0,15412
200478,141.226.124.0,255.255.255.0,15412
28690,141.228.19.0,255.255.255.0,8966
16796,142.13.0.0,255.255.0.0,15412
857,142.15.0.0,255.255.254.0,15412
11522,142.40.38.0,255.255.255.0,15412
19752,142.46.0.0,255.255.0.0,6939
11727,142.46.68.0,255.255.252.0,15412
5664,142.55.0.0,255.255.0.0,8966
2675,142.74.0.0,255.255.248.0,15412
3378,142.77.1.0,255.255.255.0,703
11486,142.77.49.0,255.255.255.0,703
2682,142.98.224.0,255.255.255.0,8966
18934,142.202.68.0,255.255.255.0,6939
54351,142.202.96.0,255.255.252.0,703
398203,142.202.164.0,255.255.252.0,6939
13830,142.202.220.0,255.255.252.0,8966
32550,142.215.96.0,255.255.255.0,4637
16553,142.215.107.0,255.255.255.0,4637
27566,142.215.109.0,255.255.255.0,4637
27224,142.215.110.0,255.255.255.0,4637
36750,142.240.0.0,255.255.0.0,8966
396993,142.248.21.0,255.255.255.0,24482
897,142.248.240.0,255.255.255.0,4637
204921,142.249.114.0,255.255.255.0,4637
264008,143.0.0.0,255.255.252.0,8966
263991,143.0.28.0,255.255.252.0,8966
263992,143.0.36.0,255.255.252.0,8966
262550,143.0.40.0,255.255.252.0,8966
270361,143.0.44.0,255.255.255.0,8966
263997,143.0.52.0,255.255.255.0,8966
264002,143.0.60.0,255.255.252.0,8966
265989,143.0.68.0,255.255.252.0,6939
11014,143.0.76.0,255.255.255.0,4637
262995,143.0.112.0,255.255.252.0,4637
52680,143.0.116.0,255.255.252.0,4637
264000,143.0.124.0,255.255.252.0,8966
264021,143.0.132.0,255.255.252.0,8966
264011,143.0.136.0,255.255.252.0,8966
264009,143.0.140.0,255.255.252.0,8966
264014,143.0.164.0,255.255.252.0,8966
264013,143.0.184.0,255.255.252.0,6939
264010,143.0.196.0,255.255.252.0,8966
52951,143.0.204.0,255.255.254.0,8966
264022,143.0.220.0,255.255.254.0,8966
264035,143.0.224.0,255.255.252.0,8966
208723,143.20.69.0,255.255.255.0,6939
209861,143.20.75.0,255.255.255.0,6939
13748,143.48.0.0,255.255.0.0,15412
19200,143.54.0.0,255.255.0.0,4637
23341,143.55.3.0,255.255.255.0,6939
4193,143.55.96.0,255.255.224.0,9304
204109,143.62.64.0,255.255.240.0,6939
747,143.68.64.0,255.255.224.0,703
53187,143.106.0.0,255.255.0.0,4637
28571,143.107.0.0,255.255.0.0,4637
1251,143.108.0.0,255.255.0.0,4637
53172,143.137.8.0,255.255.252.0,4637
264025,143.137.32.0,255.255.252.0,4637
264071,143.137.44.0,255.255.252.0,8966
264063,143.137.48.0,255.255.255.0,703
270843,143.137.52.0,255.255.254.0,8966
263668,143.137.76.0,255.255.252.0,8966
22908,143.137.108.0,255.255.255.0,4637
262512,143.137.140.0,255.255.252.0,8966
264042,143.137.152.0,255.255.252.0,8966
263099,143.137.156.0,255.255.252.0,4637
264051,143.137.160.0,255.255.252.0,4637
264054,143.137.224.0,255.255.252.0,4637
264069,143.137.248.0,255.255.252.0,4637
8803,143.180.0.0,255.255.0.0,15412
393451,143.195.224.0,255.255.224.0,703
264049,143.202.4.0,255.255.254.0,4637
27792,143.202.24.0,255.255.252.0,4637
53167,143.202.132.0,255.255.252.0,8966
263196,143.202.136.0,255.255.252.0,4637
27932,143.202.196.0,255.255.255.0,8966
19373,143.202.204.0,255.255.254.0,6939
52851,143.202.212.0,255.255.252.0,4637
52544,143.202.220.0,255.255.252.0,8966
263627,143.202.236.0,255.255.252.0,8966
264609,143.202.252.0,255.255.252.0,8966
1111,143.205.0.0,255.255.0.0,6939
264077,143.208.8.0,255.255.254.0,8966
264079,143.208.28.0,255.255.255.0,8966
53094,143.208.68.0,255.255.252.0,8966
265138,143.208.72.0,255.255.252.0,703
265124,143.208.80.0,255.255.252.0,8966
262960,143.208.104.0,255.255.252.0,8966
265126,143.208.124.0,255.255.252.0,8966
264091,143.208.128.0,255.255.252.0,8966
61776,143.208.136.0,255.255.252.0,8966
264092,143.208.148.0,255.255.252.0,8966
265130,143.208.152.0,255.255.252.0,703
53046,143.208.160.0,255.255.252.0,4637
265117,143.208.176.0,255.255.252.0,4637
262422,143.208.204.0,255.255.255.0,8966
265131,143.208.220.0,255.255.252.0,8966
265136,143.208.224.0,255.255.252.0,8966
263004,143.208.228.0,255.255.252.0,4637
265137,143.208.244.0,255.255.252.0,4637
214075,143.223.106.0,255.255.255.0,6939
53536,143.223.168.0,255.255.252.0,8966
3734,143.254.0.0,255.255.0.0,4637
265140,143.255.0.0,255.255.252.0,8966
273391,143.255.8.0,255.255.252.0,8966
265141,143.255.12.0,255.255.252.0,4637
265135,143.255.20.0,255.255.252.0,8966
27923,143.255.32.0,255.255.252.0,8966
263623,143.255.44.0,255.255.252.0,8966
28652,143.255.48.0,255.255.252.0,8966
265139,143.255.52.0,255.255.252.0,4637
262460,143.255.72.0,255.255.252.0,4637
262406,143.255.80.0,255.255.252.0,8966
52977,143.255.96.0,255.255.254.0,8966
52722,143.255.116.0,255.255.252.0,703
262343,143.255.124.0,255.255.252.0,4637
265147,143.255.128.0,255.255.252.0,8966
265152,143.255.132.0,255.255.252.0,4637
262376,143.255.168.0,255.255.252.0,8966
270955,143.255.180.0,255.255.254.0,8966
263558,143.255.196.0,255.255.252.0,4637
52863,143.255.200.0,255.255.255.0,4637
52741,143.255.208.0,255.255.252.0,4637
52935,143.255.216.0,255.255.252.0,8966
265163,143.255.236.0,255.255.252.0,8966
262794,143.255.244.0,255.255.252.0,4637
213050,144.2.168.0,255.255.252.0,4637
7862,144.5.224.0,255.255.248.0,4637
203218,144.48.81.0,255.255.255.0,4637
5374,144.51.128.0,255.255.128.0,703
39052,144.57.0.0,255.255.224.0,7713
21821,144.121.102.0,255.255.255.0,8966
23359,144.121.120.0,255.255.255.0,15412
36413,144.126.0.0,255.255.192.0,15412
59624,144.206.222.0,255.255.255.0,6939
9342,144.218.0.0,255.255.0.0,4637
27142,144.251.0.0,255.255.0.0,703
207283,145.14.0.0,255.255.252.0,6939
28682,145.14.8.0,255.255.248.0,8966
263025,145.14.134.0,255.255.255.0,8966
25182,145.58.0.0,255.255.0.0,8966
214689,145.63.8.0,255.255.248.0,6939
28756,145.64.128.0,255.255.248.0,4637
8737,145.78.28.0,255.255.255.0,6939
206355,145.79.192.0,255.255.252.0,6939
1104,145.102.132.0,255.255.252.0,8966
207315,145.116.0.0,255.255.255.0,6939
49362,145.218.0.0,255.255.0.0,35280
15675,145.232.0.0,255.255.0.0,35280
23763,145.246.68.0,255.255.255.0,4637
198259,145.255.192.0,255.255.255.0,15412
2572,146.7.0.0,255.255.0.0,8966
208846,146.19.5.0,255.255.255.0,6939
210477,146.19.17.0,255.255.255.0,703
39498,146.19.127.0,255.255.255.0,4637
57889,146.19.164.0,255.255.255.0,6939
47753,146.19.210.0,255.255.255.0,6939
59848,146.19.242.0,255.255.255.0,8966
12200,146.20.220.0,255.255.252.0,8966
42893,146.66.160.0,255.255.224.0,41095
32904,146.71.0.0,255.255.255.0,15412
32365,146.71.4.0,255.255.252.0,8966
60924,146.71.94.0,255.255.254.0,8966
55252,146.82.248.0,255.255.255.0,703
26610,146.83.90.0,255.255.255.0,8966
212762,146.103.47.0,255.255.255.0,6939
1955,146.110.0.0,255.255.0.0,4637
209002,146.120.112.0,255.255.255.0,8359
212623,146.120.214.0,255.255.255.0,6939
44835,146.120.224.0,255.255.255.0,8359
48172,146.120.226.0,255.255.255.0,6939
204875,146.120.248.0,255.255.252.0,8359
14864,146.121.20.0,255.255.255.0,15412
18971,146.127.245.0,255.255.255.0,8966
2544,146.129.0.0,255.255.0.0,8966
3486,146.143.0.0,255.255.0.0,15412
20191,146.155.0.0,255.255.0.0,4637
43849,146.158.0.0,255.255.255.0,8966
202668,146.158.30.0,255.255.255.0,8359
213499,146.158.92.0,255.255.254.0,8359
15428,146.158.95.0,255.255.255.0,8966
32720,146.184.0.0,255.255.255.0,703
211174,146.185.94.0,255.255.255.0,35280
8659,146.247.8.0,255.255.248.0,35280
199666,146.247.64.0,255.255.252.0,6939
200562,146.255.116.0,255.255.252.0,6939
48158,146.255.208.0,255.255.255.0,8359
33703,147.4.0.0,255.255.128.0,24482
32064,147.9.0.0,255.255.0.0,9304
203424,147.12.32.0,255.255.224.0,7713
3130,147.28.0.0,255.255.254.0,6939
9434,147.28.10.0,255.255.254.0,6939
37978,147.41.0.0,255.255.128.0,4637
2895,147.45.0.0,255.255.224.0,8966
209132,147.45.112.0,255.255.255.0,8359
9488,147.46.0.0,255.255.0.0,9304
35691,147.78.4.0,255.255.255.0,703
34907,147.78.118.0,255.255.255.0,35280
209323,147.78.144.0,255.255.252.0,8966
209531,147.78.168.0,255.255.252.0,6939
208731,147.78.192.0,255.255.255.0,6939
213081,147.78.194.0,255.255.255.0,6939
59890,147.78.248.0,255.255.252.0,8966
147060,147.79.3.0,255.255.255.0,9304
14327,147.79.176.0,255.255.240.0,703
6122,147.92.0.0,255.255.254.0,6939
395194,147.92.48.0,255.255.252.0,8359
394728,147.129.188.0,255.255.252.0,8966
202921,147.161.24.0,255.255.252.0,6939
2607,147.175.0.0,255.255.0.0,4637
4601,147.189.216.0,255.255.248.0,35280
55542,147.200.0.0,255.255.254.0,8966
18982,147.202.0.0,255.255.192.0,15412
197451,147.229.0.0,255.255.128.0,4637
30165,147.253.224.0,255.255.224.0,8359
396930,148.51.132.0,255.255.255.0,15412
16666,148.77.62.0,255.255.255.0,15412
22479,148.77.67.0,255.255.255.0,6939
1887,148.81.0.0,255.255.0.0,4637
28118,148.103.7.0,255.255.255.0,15412
22098,148.107.3.0,255.255.255.0,35280
53394,148.135.185.0,255.255.255.0,703
61211,148.163.184.0,255.255.252.0,6939
22876,148.177.80.0,255.255.248.0,4637
31382,148.198.0.0,255.255.0.0,6939
22884,148.204.128.0,255.255.255.0,7713
272323,148.208.113.0,255.255.255.0,703
2904,148.210.0.0,255.255.0.0,6939
64124,148.222.225.0,255.255.255.0,4637
270007,148.222.230.0,255.255.254.0,4637
16596,148.231.0.0,255.255.248.0,7713
3454,148.234.0.0,255.255.0.0,6939
28509,148.243.99.0,255.255.255.0,703
28525,148.246.26.0,255.255.254.0,15412
28463,148.250.126.0,255.255.254.0,15412
213671,149.5.59.0,255.255.255.0,6939
59655,149.5.66.0,255.255.255.0,41095
51577,149.5.187.0,255.255.255.0,6939
216193,149.7.5.0,255.255.255.0,4637
42764,149.7.210.0,255.255.254.0,703
211733,149.12.76.0,255.255.255.0,6939
205358,149.12.98.0,255.255.254.0,6939
209529,149.12.100.0,255.255.255.0,6939
213338,149.12.108.0,255.255.252.0,6939
206182,149.12.120.0,255.255.252.0,6939
47964,149.13.0.0,255.255.255.0,8966
42467,149.13.115.0,255.255.255.0,15412
200794,149.13.146.0,255.255.255.0,6939
10250,149.19.2.0,255.255.255.0,8966
396298,149.19.194.0,255.255.254.0,6939
1280,149.20.0.0,255.255.255.0,6939
27321,149.20.2.0,255.255.255.0,6939
30132,149.20.5.0,255.255.255.0,6939
393507,149.20.68.0,255.255.254.0,6939
8683,149.20.96.0,255.255.252.0,15412
133861,149.30.202.0,255.255.255.0,15412
28323,149.40.16.0,255.255.240.0,8966
272694,149.57.32.0,255.255.254.0,8966
215071,149.57.207.0,255.255.255.0,6939
57119,149.62.152.0,255.255.248.0,6939
197969,149.62.160.0,255.255.248.0,41095
272066,149.78.48.0,255.255.252.0,4637
265171,149.78.96.0,255.255.224.0,8966
53180,149.78.200.0,255.255.252.0,6939
266436,149.78.205.0,255.255.255.0,8966
265197,149.78.232.0,255.255.252.0,8966
206732,149.86.228.0,255.255.252.0,6939
57111,149.100.180.0,255.255.252.0,6939
266445,149.102.64.0,255.255.224.0,8966
27299,149.112.123.0,255.255.255.0,6939
55195,149.112.126.0,255.255.255.0,4637
394354,149.112.127.0,255.255.255.0,6939
21418,149.126.168.0,255.255.248.0,41095
57141,149.154.80.0,255.255.248.0,6939
57144,149.154.88.0,255.255.248.0,7713
19782,149.165.128.0,255.255.128.0,8966
5605,149.214.0.0,255.255.0.0,6939
8319,149.218.0.0,255.255.128.0,6939
52756,149.226.240.0,255.255.255.0,4637
216239,149.232.188.0,255.255.255.0,6939
208458,149.232.243.0,255.255.255.0,4637
205769,149.249.252.0,255.255.252.0,6939
57210,149.255.176.0,255.255.248.0,8966
4680,150.14.52.0,255.255.254.0,4637
18125,150.26.0.0,255.255.0.0,8966
7516,150.30.0.0,255.255.0.0,8966
131938,150.63.0.0,255.255.0.0,6939
131925,150.91.192.0,255.255.240.0,4637
32531,150.108.0.0,255.255.0.0,15412
139594,150.129.217.0,255.255.255.0,9304
59378,150.129.220.0,255.255.252.0,35280
28222,150.163.0.0,255.255.128.0,8966
8103,150.176.6.0,255.255.255.0,15412
46832,150.199.4.0,255.255.255.0,8966
17718,150.242.102.0,255.255.255.0,6939
152069,150.242.176.0,255.255.254.0,8966
57164,151.0.0.0,255.255.224.0,8359
211101,151.0.40.0,255.255.248.0,8359
210026,151.90.0.0,255.255.0.0,6939
30598,151.124.104.0,255.255.255.0,8966
205881,151.136.0.0,255.255.0.0,6939
33189,151.159.220.0,255.255.254.0,8966
16037,151.183.0.0,255.255.240.0,4637
21693,151.215.0.0,255.255.0.0,35280
64457,151.242.144.0,255.255.255.0,8966
133504,151.243.55.0,255.255.255.0,8966
207003,151.244.8.0,255.255.255.0,4637
53122,151.244.141.0,255.255.255.0,8966
273478,151.244.241.0,255.255.255.0,8966
214435,151.248.15.0,255.255.255.0,703
197064,151.248.56.0,255.255.248.0,15412
44712,151.249.104.0,255.255.248.0,6939
12996,151.249.120.0,255.255.255.0,4637
30855,151.252.64.0,255.255.224.0,8359
29680,151.252.112.0,255.255.248.0,35280
61215,151.252.120.0,255.255.248.0,6939
19718,152.22.240.0,255.255.240.0,8966
209998,152.89.16.0,255.255.252.0,4637
209358,152.89.68.0,255.255.252.0,6939
208785,152.89.116.0,255.255.255.0,6939
213313,152.89.148.0,255.255.252.0,35280
47648,152.89.188.0,255.255.252.0,6939
3923,152.123.8.0,255.255.248.0,8966
4046,152.123.17.0,255.255.255.0,8966
19422,152.156.0.0,255.255.0.0,6939
7418,152.172.0.0,255.255.0.0,6939
1321,152.196.4.0,255.255.255.0,35280
1339,152.196.64.0,255.255.252.0,703
1383,152.196.118.0,255.255.254.0,703
28036,152.231.32.0,255.255.255.0,8966
27986,152.231.110.0,255.255.255.0,4637
52228,152.231.128.0,255.255.128.0,6939
26615,152.233.128.0,255.255.240.0,8966
26599,152.234.64.0,255.255.192.0,6939
27699,152.249.0.0,255.255.0.0,6939
10429,152.252.0.0,255.255.128.0,6939
13548,153.9.0.0,255.255.0.0,15412
5550,153.19.0.0,255.255.0.0,4637
6035,153.23.0.0,255.255.240.0,703
15544,153.92.180.0,255.255.255.0,6939
34966,153.92.184.0,255.255.254.0,35280
204279,153.94.16.0,255.255.240.0,6939
51402,153.97.25.0,255.255.255.0,6939
35170,153.97.148.0,255.255.255.0,35280
24313,153.107.0.0,255.255.0.0,4637
37616,154.0.176.0,255.255.240.0,15412
262996,154.9.1.0,255.255.255.0,8966
329384,154.16.62.0,255.255.255.0,6939
18345,154.16.81.0,255.255.255.0,4637
149290,154.18.192.0,255.255.252.0,6939
151995,154.18.252.0,255.255.255.0,24482
153822,154.19.44.0,255.255.254.0,7713
149628,154.23.114.0,255.255.255.0,9304
211423,154.40.129.0,255.255.255.0,15412
200358,154.40.130.0,255.255.255.0,15412
215213,154.43.69.0,255.255.255.0,6939
203099,154.44.187.0,255.255.255.0,6939
207866,154.45.44.0,255.255.255.0,6939
215214,154.46.28.0,255.255.255.0,6939
1886,154.46.48.0,255.255.252.0,6939
8053,154.47.156.0,255.255.254.0,15412
49941,154.53.194.0,255.255.255.0,8966
209049,154.53.196.0,255.255.254.0,4637
208636,154.56.248.0,255.255.255.0,15412
202042,154.57.0.0,255.255.255.0,4637
50520,154.57.20.0,255.255.255.0,703
42220,154.58.211.0,255.255.255.0,8966
264778,154.59.56.0,255.255.255.0,8966
212573,154.60.73.0,255.255.255.0,8966
211991,154.60.196.0,255.255.255.0,6939
205219,154.60.212.0,255.255.252.0,6939
214043,154.60.224.0,255.255.254.0,8966
153292,154.61.83.0,255.255.255.0,35280
210627,154.62.138.0,255.255.254.0,15412
213972,154.63.160.0,255.255.255.0,6939
201102,154.63.164.0,255.255.252.0,6939
37627,154.65.0.0,255.255.252.0,4637
37727,154.65.16.0,255.255.255.0,6939
37523,154.65.64.0,255.255.255.0,4637
327909,154.65.88.0,255.255.248.0,6939
328400,154.66.112.0,255.255.252.0,6939
37564,154.66.152.0,255.255.248.0,6939
37650,154.66.200.0,255.255.252.0,8966
37653,154.66.208.0,255.255.252.0,6939
37654,154.68.64.0,255.255.255.0,9304
327804,154.68.160.0,255.255.240.0,8966
37519,154.70.136.0,255.255.248.0,8966
327716,154.70.144.0,255.255.248.0,6939
327728,154.72.20.0,255.255.255.0,6939
327732,154.72.48.0,255.255.255.0,6939
37618,154.73.0.0,255.255.252.0,4637
327761,154.73.4.0,255.255.252.0,6939
327772,154.73.96.0,255.255.255.0,6939
327799,154.73.104.0,255.255.252.0,9304
132546,154.88.9.0,255.255.255.0,8966
58944,154.91.1.0,255.255.255.0,7713
37714,154.117.64.0,255.255.192.0,4637
327824,154.118.252.0,255.255.252.0,8966
151610,154.194.39.0,255.255.255.0,35280
211389,155.2.210.0,255.255.254.0,4637
14114,155.56.0.0,255.255.128.0,8966
9419,155.69.0.0,255.255.0.0,4637
201470,155.133.24.0,255.255.254.0,6939
47252,155.133.30.0,255.255.254.0,6939
60695,155.133.33.0,255.255.255.0,703
200594,155.133.48.0,255.255.248.0,6939
50095,155.133.88.0,255.255.255.0,6939
201427,155.133.96.0,255.255.248.0,6939
34844,155.133.123.0,255.255.255.0,703
61231,155.136.198.0,255.255.254.0,15412
63346,155.194.250.0,255.255.255.0,15412
328246,156.0.196.0,255.255.254.0,8966
328220,156.0.224.0,255.255.248.0,6939
328199,156.0.246.0,255.255.255.0,6939
328203,156.0.248.0,255.255.255.0,8966
2920,156.3.0.0,255.255.0.0,4637
8970,156.17.0.0,255.255.0.0,4637
15989,156.48.4.0,255.255.254.0,4637
201869,156.51.150.0,255.255.254.0,7713
24398,156.62.0.0,255.255.0.0,4637
62724,156.63.148.0,255.255.255.0,8966
206048,156.67.88.0,255.255.255.0,703
133735,156.107.101.0,255.255.255.0,703
31547,156.109.3.0,255.255.255.0,35280
205910,156.109.245.0,255.255.255.0,35280
1448,156.146.128.0,255.255.128.0,6939
328020,156.155.248.0,255.255.255.0,4637
213798,156.225.56.0,255.255.255.0,8966
213642,156.229.62.0,255.255.255.0,15412
50183,156.238.192.0,255.255.240.0,15412
151741,157.10.26.0,255.255.255.0,15412
152297,157.10.32.0,255.255.255.0,4637
152301,157.10.72.0,255.255.254.0,8966
152322,157.10.134.0,255.255.255.0,8966
152344,157.10.182.0,255.255.254.0,8966
152354,157.10.193.0,255.255.255.0,24482
152341,157.15.16.0,255.255.255.0,15412
152391,157.15.44.0,255.255.255.0,7713
152363,157.15.82.0,255.255.254.0,24482
152905,157.15.107.0,255.255.255.0,41095
150746,157.15.138.0,255.255.255.0,6939
152393,157.15.210.0,255.255.254.0,8966
152388,157.20.38.0,255.255.255.0,7713
152392,157.20.44.0,255.255.255.0,8966
152394,157.20.46.0,255.255.254.0,41095
152880,157.20.64.0,255.255.255.0,6939
150771,157.20.68.0,255.255.255.0,8966
152407,157.20.92.0,255.255.254.0,7713
152435,157.20.98.0,255.255.254.0,7713
152425,157.20.100.0,255.255.255.0,7713
9917,157.20.108.0,255.255.254.0,15412
152411,157.20.156.0,255.255.254.0,41095
152416,157.20.208.0,255.255.254.0,7713
152426,157.20.220.0,255.255.254.0,24482
152437,157.20.222.0,255.255.254.0,7713
152440,157.66.2.0,255.255.254.0,41095
151385,157.66.22.0,255.255.254.0,4637
149107,157.66.24.0,255.255.254.0,4637
140016,157.66.36.0,255.255.255.0,7713
138804,157.66.37.0,255.255.255.0,7713
152438,157.66.50.0,255.255.254.0,8966
135443,157.66.69.0,255.255.255.0,7713
152442,157.66.86.0,255.255.255.0,7713
152772,157.66.125.0,255.255.255.0,7713
139937,157.66.131.0,255.255.255.0,35280
152499,157.66.146.0,255.255.254.0,35280
152777,157.66.170.0,255.255.255.0,8966
153139,157.66.172.0,255.255.254.0,24482
4678,157.77.0.0,255.255.0.0,4637
44593,157.88.0.0,255.255.0.0,4637
51164,157.94.0.0,255.255.0.0,6939
203593,157.97.163.0,255.255.255.0,15412
37919,157.109.0.0,255.255.0.0,4637
24284,157.112.64.0,255.255.248.0,4637
133993,157.119.84.0,255.255.255.0,4637
9604,157.120.128.0,255.255.224.0,8966
21965,157.154.3.0,255.255.255.0,4637
2094,157.159.0.0,255.255.0.0,4637
40703,157.166.0.0,255.255.255.0,35280
43500,157.166.64.0,255.255.255.0,6939
5662,157.166.124.0,255.255.254.0,35280
16099,157.177.248.0,255.255.252.0,15412
23047,157.191.12.0,255.255.255.0,6939
2044,157.225.96.0,255.255.240.0,6939
54231,157.225.192.0,255.255.240.0,15412
19693,157.238.136.0,255.255.248.0,703
271935,157.254.36.0,255.255.254.0,6939
202098,158.47.10.0,255.255.255.0,703
27404,158.51.28.0,255.255.252.0,8966
14333,158.51.48.0,255.255.254.0,6939
11910,158.51.68.0,255.255.255.0,8966
40350,158.51.226.0,255.255.255.0,8966
2602,158.64.0.0,255.255.0.0,4637
35686,158.75.128.0,255.255.128.0,6939
38327,158.89.0.0,255.255.0.0,4637
204024,158.94.167.0,255.255.255.0,6939
30909,158.94.184.0,255.255.255.0,6939
3640,158.97.0.0,255.255.192.0,6939
7876,158.106.24.0,255.255.252.0,703
62494,158.120.46.0,255.255.254.0,703
27405,158.136.0.0,255.255.0.0,8966
64411,158.172.0.0,255.255.248.0,8966
205923,158.173.160.0,255.255.255.0,15412
54548,158.222.102.0,255.255.254.0,15412
2683,158.250.0.0,255.255.128.0,8966
39104,158.255.64.0,255.255.248.0,6939
60904,158.255.80.0,255.255.255.0,8359
57507,158.255.192.0,255.255.240.0,6939
51653,158.255.248.0,255.255.248.0,8966
7328,159.14.0.0,255.255.0.0,15412
21774,159.18.151.0,255.255.255.0,15412
29266,159.20.0.0,255.255.248.0,6939
200544,159.22.0.0,255.255.0.0,4637
32563,159.33.64.0,255.255.224.0,15412
4879,159.54.15.0,255.255.255.0,703
21735,159.54.24.0,255.255.252.0,703
23200,159.56.144.0,255.255.252.0,8966
1798,159.121.0.0,255.255.0.0,8966
13509,159.123.191.0,255.255.255.0,703
19834,159.127.104.0,255.255.252.0,6939
34578,159.144.0.0,255.255.0.0,35280
60066,159.148.119.0,255.255.255.0,6939
49690,159.151.0.0,255.255.192.0,6939
23503,159.214.87.0,255.255.255.0,35280
133077,159.215.130.0,255.255.254.0,4637
4199,159.231.32.0,255.255.224.0,8966
13499,159.242.128.0,255.255.224.0,4637
54328,159.242.200.0,255.255.252.0,6939
206281,159.253.0.0,255.255.255.0,6939
29399,159.253.86.0,255.255.255.0,8966
8224,159.253.96.0,255.255.248.0,6939
50877,159.255.128.0,255.255.248.0,15412
201987,159.255.148.0,255.255.255.0,6939
19919,160.19.0.0,255.255.240.0,6939
152073,160.19.16.0,255.255.255.0,7713
152504,160.19.80.0,255.255.254.0,35280
152773,160.19.110.0,255.255.255.0,41095
152775,160.19.146.0,255.255.254.0,7713
152787,160.19.178.0,255.255.255.0,7713
28319,160.19.200.0,255.255.255.0,4637
328167,160.19.232.0,255.255.252.0,4637
266167,160.19.240.0,255.255.252.0,4637
266168,160.19.244.0,255.255.252.0,8966
266172,160.19.248.0,255.255.252.0,4637
266143,160.20.20.0,255.255.252.0,8966
328032,160.20.24.0,255.255.248.0,4637
266141,160.20.32.0,255.255.255.0,6939
152761,160.20.36.0,255.255.254.0,7713
265720,160.20.80.0,255.255.252.0,6939
52571,160.20.84.0,255.255.255.0,8966
209578,160.20.96.0,255.255.252.0,15412
152783,160.20.128.0,255.255.255.0,7713
151349,160.20.142.0,255.255.255.0,8966
266197,160.20.160.0,255.255.255.0,8966
266198,160.20.168.0,255.255.252.0,4637
271110,160.20.176.0,255.255.252.0,8966
266538,160.20.184.0,255.255.252.0,4637
139388,160.20.223.0,255.255.255.0,9304
152506,160.22.0.0,255.255.255.0,35280
152806,160.22.26.0,255.255.254.0,7713
152798,160.22.30.0,255.255.255.0,41095
152820,160.22.126.0,255.255.255.0,7713
152909,160.22.138.0,255.255.255.0,4637
149635,160.22.144.0,255.255.255.0,4637
142108,160.22.180.0,255.255.254.0,9304
152830,160.22.192.0,255.255.254.0,7713
152841,160.22.217.0,255.255.255.0,7713
153063,160.22.222.0,255.255.255.0,8966
152827,160.22.242.0,255.255.255.0,7713
152537,160.25.0.0,255.255.255.0,35280
153060,160.25.54.0,255.255.255.0,24482
153053,160.25.96.0,255.255.254.0,4637
135823,160.25.100.0,255.255.255.0,4637
208223,160.25.104.0,255.255.254.0,4637
153096,160.25.118.0,255.255.254.0,7713
152557,160.25.128.0,255.255.255.0,15412
153085,160.25.157.0,255.255.255.0,24482
153160,160.25.160.0,255.255.254.0,4637
153166,160.25.186.0,255.255.254.0,4637
153086,160.25.218.0,255.255.255.0,8966
63909,160.25.221.0,255.255.255.0,15412
153105,160.25.236.0,255.255.254.0,7713
153091,160.25.248.0,255.255.255.0,7713
138580,160.30.9.0,255.255.255.0,9304
153176,160.30.25.0,255.255.255.0,7713
153175,160.30.26.0,255.255.255.0,4637
152573,160.30.60.0,255.255.254.0,15412
153191,160.30.68.0,255.255.254.0,4637
136935,160.30.130.0,255.255.254.0,4637
134216,160.30.141.0,255.255.255.0,4637
135426,160.30.148.0,255.255.254.0,6939
153216,160.30.214.0,255.255.255.0,15412
153112,160.30.224.0,255.255.254.0,6939
54704,160.32.255.0,255.255.255.0,8359
3450,160.36.0.0,255.255.0.0,6939
21293,160.67.0.0,255.255.0.0,6939
13303,160.99.0.0,255.255.0.0,8966
37463,160.113.0.0,255.255.0.0,8966
328029,160.119.0.0,255.255.252.0,4637
328045,160.119.80.0,255.255.255.0,15412
328209,160.119.96.0,255.255.255.0,703
328024,160.119.120.0,255.255.252.0,6939
328214,160.119.152.0,255.255.252.0,8966
328162,160.119.216.0,255.255.255.0,8966
328146,160.119.220.0,255.255.252.0,8966
131077,160.185.2.0,255.255.255.0,15412
153122,160.187.138.0,255.255.255.0,24482
153127,160.187.150.0,255.255.254.0,24482
153350,160.187.154.0,255.255.254.0,4637
153124,160.187.196.0,255.255.255.0,24482
152615,160.187.198.0,255.255.254.0,4637
153144,160.187.204.0,255.255.254.0,8966
140937,160.187.212.0,255.255.255.0,6939
153351,160.187.215.0,255.255.255.0,4637
153359,160.187.220.0,255.255.254.0,4637
153013,160.191.32.0,255.255.255.0,9304
132714,160.191.38.0,255.255.255.0,4637
153377,160.191.80.0,255.255.255.0,8966
153141,160.191.130.0,255.255.255.0,7713
153155,160.191.192.0,255.255.254.0,7713
153480,160.191.232.0,255.255.255.0,7713
47406,160.202.28.0,255.255.252.0,6939
150803,160.202.45.0,255.255.255.0,8359
51019,160.202.134.0,255.255.255.0,8966
148003,160.202.198.0,255.255.255.0,15412
24008,160.206.145.0,255.255.255.0,4637
35315,160.231.112.0,255.255.255.0,35280
267263,160.238.24.0,255.255.252.0,8966
44994,160.238.52.0,255.255.252.0,8966
266151,160.238.104.0,255.255.252.0,8966
266534,160.238.144.0,255.255.252.0,8966
266641,160.238.180.0,255.255.252.0,8966
266546,160.238.196.0,255.255.252.0,8966
266574,160.238.232.0,255.255.252.0,4637
153519,160.250.22.0,255.255.255.0,7713
153521,160.250.67.0,255.255.255.0,6939
142588,160.250.70.0,255.255.255.0,4637
133182,160.250.201.0,255.255.255.0,9304
133464,160.250.248.0,255.255.254.0,9304
25607,161.0.32.0,255.255.224.0,8966
27653,161.0.128.0,255.255.240.0,15412
262237,161.0.160.0,255.255.255.0,4637
19889,161.22.0.0,255.255.252.0,6939
31515,161.30.0.0,255.255.0.0,35280
7849,161.77.0.0,255.255.0.0,6939
26459,161.108.225.0,255.255.255.0,9304
6883,161.110.0.0,255.255.0.0,15412
6306,161.140.0.0,255.255.0.0,6939
10954,161.148.0.0,255.255.0.0,4637
13474,161.190.0.0,255.255.255.0,6939
8048,161.196.0.0,255.255.0.0,8966
398697,161.199.203.0,255.255.255.0,8966
38656,161.248.40.0,255.255.255.0,41095
152619,161.248.44.0,255.255.255.0,8966
45586,161.248.127.0,255.255.255.0,4637
137248,161.248.168.0,255.255.254.0,17639
153565,161.248.226.0,255.255.255.0,7713
53507,162.0.156.0,255.255.252.0,6939
46868,162.12.224.0,255.255.248.0,6939
36091,162.80.0.0,255.255.0.0,703
33566,162.81.6.0,255.255.254.0,6939
45946,162.112.0.0,255.255.192.0,4637
10666,162.116.11.0,255.255.255.0,4637
30011,162.118.16.0,255.255.255.0,6939
196968,162.208.52.0,255.255.252.0,6939
54652,162.210.32.0,255.255.252.0,4637
55216,162.210.216.0,255.255.248.0,6939
33467,162.211.72.0,255.255.252.0,15412
55222,162.211.96.0,255.255.252.0,6939
55247,162.211.140.0,255.255.254.0,8966
40076,162.213.56.0,255.255.252.0,703
36201,162.213.84.0,255.255.255.0,6939
23419,162.213.136.0,255.255.252.0,8966
26337,162.215.243.0,255.255.255.0,15412
62488,162.216.24.0,255.255.248.0,15412
25787,162.217.20.0,255.255.252.0,6939
29765,162.217.104.0,255.255.248.0,15412
21528,162.219.64.0,255.255.252.0,8966
54327,162.219.72.0,255.255.252.0,6939
54039,162.220.108.0,255.255.252.0,6939
36008,162.220.191.0,255.255.255.0,8966
393268,162.220.236.0,255.255.255.0,6939
27240,162.221.40.0,255.255.255.0,15412
26167,162.221.72.0,255.255.254.0,6939
54086,162.221.84.0,255.255.255.0,6939
15317,162.221.224.0,255.255.252.0,8966
54829,162.222.20.0,255.255.252.0,15412
54611,162.222.48.0,255.255.252.0,6939
55130,162.222.136.0,255.255.252.0,8966
395127,162.222.240.0,255.255.252.0,703
46351,162.223.252.0,255.255.252.0,703
32354,162.244.56.0,255.255.248.0,15412
53904,162.244.229.0,255.255.255.0,6939
15296,162.246.156.0,255.255.252.0,6939
62929,162.246.192.0,255.255.252.0,6939
22319,162.247.68.0,255.255.255.0,4637
36436,162.247.128.0,255.255.255.0,6939
55011,162.247.156.0,255.255.255.0,703
13331,162.249.16.0,255.255.252.0,8966
62917,162.249.32.0,255.255.255.0,6939
54978,162.250.10.0,255.255.255.0,703
16866,162.250.12.0,255.255.252.0,6939
28931,162.250.110.0,255.255.254.0,35280
4901,162.250.136.0,255.255.252.0,8966
55236,162.252.88.0,255.255.252.0,15412
62512,162.252.204.0,255.255.252.0,35280
11468,162.253.5.0,255.255.255.0,15412
40449,162.253.202.0,255.255.255.0,6939
17384,162.254.243.0,255.255.255.0,6939
53274,162.255.168.0,255.255.252.0,8966
56339,163.5.0.0,255.255.255.0,8966
38022,163.7.128.0,255.255.224.0,4637
38299,163.7.133.0,255.255.255.0,4637
131930,163.45.0.0,255.255.0.0,4637
153583,163.61.13.0,255.255.255.0,7713
153547,163.61.22.0,255.255.255.0,4637
56178,163.61.26.0,255.255.255.0,4637
152622,163.61.60.0,255.255.254.0,8966
153270,163.61.120.0,255.255.255.0,35280
153615,163.61.134.0,255.255.255.0,24482
152368,163.61.159.0,255.255.255.0,41095
152623,163.61.184.0,255.255.254.0,15412
9664,163.61.198.0,255.255.255.0,15412
1301,163.62.72.0,255.255.248.0,6939
6127,163.121.6.0,255.255.255.0,15412
40916,163.123.152.0,255.255.255.0,4637
4673,163.135.0.0,255.255.0.0,4637
173,163.138.160.0,255.255.224.0,8966
36161,163.151.0.0,255.255.128.0,703
12696,163.156.6.0,255.255.254.0,8966
3067,163.196.254.0,255.255.255.0,8966
16800,163.199.128.0,255.255.255.0,8966
37007,163.202.0.0,255.255.0.0,4637
7502,163.208.0.0,255.255.0.0,4637
63798,163.220.192.0,255.255.224.0,6939
137210,163.223.0.0,255.255.255.0,35280
153673,163.223.2.0,255.255.254.0,8966
153655,163.223.22.0,255.255.254.0,4637
3754,163.223.77.0,255.255.255.0,24482
153697,163.223.78.0,255.255.255.0,24482
151366,163.223.115.0,255.255.255.0,9304
153717,163.223.142.0,255.255.254.0,24482
153710,163.223.158.0,255.255.254.0,7713
153722,163.223.164.0,255.255.255.0,35280
153756,163.223.232.0,255.255.255.0,15412
135364,163.223.250.0,255.255.255.0,35280
138517,163.227.32.0,255.255.254.0,7713
153803,163.227.67.0,255.255.255.0,7713
153789,163.227.87.0,255.255.255.0,4637
153797,163.227.95.0,255.255.255.0,9304
153793,163.227.101.0,255.255.255.0,9304
153823,163.227.143.0,255.255.255.0,8966
153820,163.227.146.0,255.255.255.0,7713
153858,163.227.176.0,255.255.255.0,8966
153836,163.227.185.0,255.255.255.0,4637
142276,163.227.208.0,255.255.255.0,4637
153895,163.227.248.0,255.255.255.0,7713
153887,163.227.252.0,255.255.255.0,7713
19255,163.237.0.0,255.255.0.0,4637
396955,163.253.30.0,255.255.255.0,8966
12508,164.40.168.0,255.255.254.0,6939
8569,164.61.0.0,255.255.0.0,15412
1797,164.73.0.0,255.255.0.0,8966
26818,164.83.0.0,255.255.0.0,6939
23074,164.85.0.0,255.255.0.0,8966
11317,164.113.254.0,255.255.254.0,8966
9835,164.115.15.0,255.255.255.0,4637
31693,164.138.56.0,255.255.248.0,6939
199918,164.138.200.0,255.255.255.0,4637
58011,164.138.240.0,255.255.248.0,6939
15129,164.152.208.0,255.255.248.0,8359
399855,164.153.140.0,255.255.255.0,8966
139591,164.155.47.0,255.255.255.0,4637
328043,164.160.60.0,255.255.255.0,4637
328037,164.160.88.0,255.255.252.0,8966
61092,164.160.116.0,255.255.255.0,6939
328049,164.160.120.0,255.255.252.0,15412
328051,164.160.124.0,255.255.252.0,6939
265952,164.163.16.0,255.255.252.0,8966
265936,164.163.24.0,255.255.252.0,8966
265958,164.163.32.0,255.255.252.0,8966
265938,164.163.44.0,255.255.252.0,6939
265953,164.163.52.0,255.255.252.0,8966
265975,164.163.68.0,255.255.254.0,703
265968,164.163.84.0,255.255.254.0,8966
265949,164.163.96.0,255.255.252.0,8966
46890,164.163.108.0,255.255.252.0,4637
28153,164.163.140.0,255.255.252.0,8966
265966,164.163.176.0,255.255.252.0,8966
271794,164.163.186.0,255.255.254.0,4637
265978,164.163.248.0,255.255.252.0,703
7633,164.164.0.0,255.255.240.0,4637
57574,164.215.56.0,255.255.248.0,8966
42773,164.215.64.0,255.255.255.0,8359
33962,164.215.72.0,255.255.255.0,8359
7297,165.1.0.0,255.255.192.0,703
6614,165.27.244.0,255.255.252.0,6939
328172,165.73.140.0,255.255.252.0,6939
328747,165.73.224.0,255.255.248.0,8966
328237,165.73.232.0,255.255.252.0,4637
327956,165.90.128.0,255.255.224.0,6939
327950,165.90.192.0,255.255.252.0,8966
18840,165.98.38.0,255.255.255.0,8966
27742,165.98.96.0,255.255.252.0,8966
134127,165.99.5.0,255.255.255.0,24482
153896,165.99.21.0,255.255.255.0,7713
153918,165.99.68.0,255.255.255.0,7713
153939,165.99.86.0,255.255.255.0,7713
153908,165.99.114.0,255.255.254.0,9304
153940,165.99.151.0,255.255.255.0,24482
153987,165.99.152.0,255.255.254.0,7713
153971,165.101.9.0,255.255.255.0,4637
151496,165.101.57.0,255.255.255.0,4637
152595,165.101.76.0,255.255.254.0,6939
154003,165.101.90.0,255.255.255.0,9304
151351,165.101.180.0,255.255.254.0,9304
12233,165.140.130.0,255.255.255.0,4637
9663,165.140.142.0,255.255.255.0,15412
262202,165.183.123.0,255.255.255.0,6939
7020,165.233.0.0,255.255.0.0,8966
9317,165.246.0.0,255.255.0.0,8966
6524,165.251.24.0,255.255.255.0,703
22691,165.254.98.0,255.255.255.0,15412
32799,165.254.104.0,255.255.255.0,8966
6568,166.114.16.0,255.255.240.0,6939
17562,167.30.144.0,255.255.255.0,35280
398290,167.32.0.0,255.255.0.0,15412
62997,167.88.49.0,255.255.255.0,6939
17328,167.92.38.0,255.255.255.0,15412
148997,167.94.112.0,255.255.255.0,4637
398170,167.94.116.0,255.255.254.0,15412
36724,167.100.4.0,255.255.252.0,8359
36073,167.100.112.0,255.255.254.0,4637
27026,167.102.0.0,255.255.0.0,8966
397446,167.142.97.0,255.255.255.0,8966
209845,167.150.86.0,255.255.255.0,4637
215332,167.150.91.0,255.255.255.0,4637
205966,167.150.200.0,255.255.255.0,6939
49832,167.160.20.0,255.255.255.0,8966
22012,167.182.4.0,255.255.255.0,15412
13169,167.202.195.0,255.255.255.0,8966
26564,167.206.190.0,255.255.255.0,703
11596,167.209.0.0,255.255.0.0,703
52913,167.249.4.0,255.255.252.0,4637
262644,167.249.12.0,255.255.252.0,8966
265158,167.249.16.0,255.255.252.0,8966
265166,167.249.24.0,255.255.252.0,6939
64131,167.249.30.0,255.255.254.0,4637
27817,167.249.41.0,255.255.255.0,8966
271646,167.249.68.0,255.255.254.0,8966
265169,167.249.80.0,255.255.252.0,4637
265160,167.249.108.0,255.255.252.0,8966
265170,167.249.120.0,255.255.255.0,4637
265178,167.249.128.0,255.255.252.0,4637
265192,167.249.144.0,255.255.252.0,8966
265188,167.249.164.0,255.255.252.0,8966
53066,167.249.184.0,255.255.252.0,4637
265175,167.249.208.0,255.255.252.0,4637
263764,167.249.216.0,255.255.255.0,4637
265180,167.249.220.0,255.255.255.0,4637
25933,167.249.232.0,255.255.252.0,8966
265172,167.249.240.0,255.255.255.0,8966
265185,167.250.0.0,255.255.252.0,4637
265194,167.250.16.0,255.255.252.0,4637
265279,167.250.24.0,255.255.252.0,8966
265198,167.250.28.0,255.255.252.0,4637
28618,167.250.32.0,255.255.252.0,8966
265189,167.250.44.0,255.255.252.0,8966
264943,167.250.60.0,255.255.252.0,4637
262715,167.250.88.0,255.255.252.0,4637
265199,167.250.96.0,255.255.252.0,4637
265201,167.250.140.0,255.255.252.0,8966
265214,167.250.156.0,255.255.255.0,4637
265207,167.250.160.0,255.255.252.0,8966
265255,167.250.164.0,255.255.252.0,8966
265804,167.250.168.0,255.255.252.0,4637
267748,167.250.196.0,255.255.254.0,8966
262253,167.250.204.0,255.255.252.0,15412
265220,167.250.248.0,255.255.255.0,6939
265239,167.250.252.0,255.255.252.0,4637
265240,168.0.0.0,255.255.255.0,8966
265217,168.0.8.0,255.255.252.0,8966
52651,168.0.16.0,255.255.254.0,8966
265242,168.0.20.0,255.255.252.0,8966
265222,168.0.32.0,255.255.252.0,8966
265244,168.0.36.0,255.255.252.0,8966
265229,168.0.52.0,255.255.252.0,4637
19990,168.0.60.0,255.255.252.0,4637
265230,168.0.68.0,255.255.252.0,8966
265231,168.0.92.0,255.255.252.0,8966
265232,168.0.100.0,255.255.252.0,4637
262557,168.0.104.0,255.255.252.0,8966
262791,168.0.108.0,255.255.252.0,8966
265249,168.0.112.0,255.255.254.0,8966
265262,168.0.132.0,255.255.255.0,4637
262565,168.0.140.0,255.255.252.0,8966
52560,168.0.144.0,255.255.252.0,4637
263483,168.0.164.0,255.255.254.0,8966
265257,168.0.168.0,255.255.252.0,8966
265303,168.0.172.0,255.255.252.0,8966
273517,168.0.192.0,255.255.252.0,8966
265265,168.0.196.0,255.255.252.0,4637
265260,168.0.224.0,255.255.252.0,8966
52872,168.0.236.0,255.255.252.0,4637
262408,168.0.240.0,255.255.252.0,4637
3480,168.8.0.0,255.252.0.0,6939
4544,168.75.240.0,255.255.240.0,8966
3551,168.77.0.0,255.255.255.0,8966
11556,168.77.209.0,255.255.255.0,6939
265277,168.90.4.0,255.255.252.0,8966
263032,168.90.44.0,255.255.252.0,4637
265264,168.90.48.0,255.255.252.0,8966
265278,168.90.56.0,255.255.252.0,6939
265268,168.90.64.0,255.255.252.0,4637
52971,168.90.76.0,255.255.252.0,8966
262988,168.90.80.0,255.255.252.0,8966
265269,168.90.88.0,255.255.252.0,8966
265310,168.90.104.0,255.255.252.0,6939
265187,168.90.112.0,255.255.252.0,4637
53175,168.90.120.0,255.255.252.0,4637
263769,168.90.128.0,255.255.252.0,4637
265272,168.90.144.0,255.255.252.0,8966
265282,168.90.208.0,255.255.252.0,8966
61579,168.90.240.0,255.255.252.0,8966
3597,168.96.0.0,255.255.0.0,4637
3700,168.100.0.0,255.255.252.0,8966
399224,168.100.12.0,255.255.254.0,6939
11243,168.100.170.0,255.255.255.0,703
30562,168.100.171.0,255.255.255.0,15412
265294,168.121.24.0,255.255.254.0,8966
265300,168.121.68.0,255.255.252.0,8966
52398,168.121.84.0,255.255.252.0,15412
265308,168.121.88.0,255.255.252.0,4637
265317,168.121.96.0,255.255.252.0,8966
265320,168.121.104.0,255.255.252.0,8966
262492,168.121.108.0,255.255.252.0,8966
265311,168.121.112.0,255.255.252.0,8966
265312,168.121.136.0,255.255.252.0,8966
265322,168.121.140.0,255.255.254.0,4637
263596,168.121.144.0,255.255.252.0,8966
263421,168.121.156.0,255.255.254.0,8966
265319,168.121.180.0,255.255.254.0,8966
28000,168.121.184.0,255.255.252.0,6939
265066,168.121.200.0,255.255.252.0,4637
265323,168.121.204.0,255.255.252.0,8966
262966,168.121.248.0,255.255.252.0,8966
395400,168.123.0.0,255.255.0.0,140627
53029,168.181.40.0,255.255.252.0,6939
52956,168.181.56.0,255.255.252.0,8966
265330,168.181.60.0,255.255.252.0,8966
52432,168.181.72.0,255.255.252.0,4637
22011,168.181.77.0,255.255.255.0,4637
262218,168.181.95.0,255.255.255.0,8966
265336,168.181.96.0,255.255.252.0,8966
265334,168.181.104.0,255.255.254.0,6939
264847,168.181.120.0,255.255.252.0,8966
265356,168.181.124.0,255.255.252.0,4637
264862,168.181.132.0,255.255.252.0,4637
265337,168.181.140.0,255.255.252.0,8966
265348,168.181.144.0,255.255.252.0,703
265346,168.181.188.0,255.255.252.0,4637
262296,168.181.196.0,255.255.252.0,8966
53178,168.181.216.0,255.255.252.0,8966
18298,168.188.0.0,255.255.0.0,9304
265388,168.194.8.0,255.255.252.0,4637
265377,168.194.12.0,255.255.252.0,8966
265389,168.194.16.0,255.255.255.0,4637
265383,168.194.20.0,255.255.252.0,8966
265390,168.194.24.0,255.255.252.0,8966
265375,168.194.28.0,255.255.252.0,6939
267513,168.194.56.0,255.255.252.0,4637
265379,168.194.64.0,255.255.252.0,8966
265386,168.194.84.0,255.255.252.0,8966
263395,168.194.136.0,255.255.254.0,8966
264754,168.194.140.0,255.255.255.0,4637
265405,168.194.152.0,255.255.252.0,6939
265393,168.194.164.0,255.255.252.0,8966
265391,168.194.172.0,255.255.254.0,8966
273810,168.194.177.0,255.255.255.0,8966
27747,168.194.180.0,255.255.252.0,15412
265407,168.194.188.0,255.255.252.0,8966
264760,168.194.216.0,255.255.252.0,4637
265401,168.194.224.0,255.255.255.0,8966
265410,168.195.0.0,255.255.252.0,8966
265406,168.195.4.0,255.255.252.0,4637
265424,168.195.24.0,255.255.252.0,8966
265408,168.195.44.0,255.255.252.0,8966
52999,168.195.68.0,255.255.252.0,4637
265429,168.195.80.0,255.255.252.0,6939
265443,168.195.92.0,255.255.254.0,6939
264228,168.195.100.0,255.255.252.0,8966
28114,168.195.108.0,255.255.252.0,8966
264759,168.195.116.0,255.255.252.0,4637
265434,168.195.132.0,255.255.252.0,6939
265421,168.195.136.0,255.255.255.0,8966
271027,168.195.156.0,255.255.252.0,8966
265426,168.195.164.0,255.255.252.0,8966
265436,168.195.168.0,255.255.252.0,4637
265437,168.195.176.0,255.255.252.0,4637
265438,168.195.212.0,255.255.252.0,8966
265442,168.196.40.0,255.255.252.0,8966
262360,168.196.44.0,255.255.252.0,8966
262908,168.196.56.0,255.255.252.0,8966
265455,168.196.76.0,255.255.252.0,8966
265448,168.196.100.0,255.255.255.0,4637
263289,168.196.128.0,255.255.255.0,8966
264768,168.196.140.0,255.255.252.0,4637
265465,168.196.160.0,255.255.252.0,8966
265468,168.196.164.0,255.255.252.0,8966
52777,168.196.168.0,255.255.252.0,8966
262469,168.196.172.0,255.255.252.0,8966
10778,168.196.184.0,255.255.252.0,8966
52848,168.196.188.0,255.255.252.0,8966
265457,168.196.192.0,255.255.252.0,8966
265471,168.196.210.0,255.255.254.0,6939
265472,168.196.212.0,255.255.252.0,8966
265462,168.196.220.0,255.255.252.0,8966
265463,168.197.12.0,255.255.252.0,4637
52947,168.197.16.0,255.255.252.0,4637
264985,168.197.28.0,255.255.252.0,8966
262880,168.197.52.0,255.255.252.0,4637
53043,168.197.60.0,255.255.252.0,4637
263518,168.197.84.0,255.255.252.0,8966
265478,168.197.92.0,255.255.254.0,4637
265477,168.197.104.0,255.255.252.0,8966
265482,168.197.140.0,255.255.252.0,8966
265485,168.197.156.0,255.255.252.0,4637
264773,168.197.172.0,255.255.252.0,6939
264788,168.197.189.0,255.255.255.0,4637
263252,168.197.228.0,255.255.252.0,8966
263151,168.205.24.0,255.255.252.0,8966
263674,168.205.44.0,255.255.252.0,8966
265363,168.205.48.0,255.255.252.0,4637
263641,168.205.60.0,255.255.252.0,8966
265354,168.205.68.0,255.255.252.0,8966
52780,168.205.84.0,255.255.254.0,4637
265364,168.205.88.0,255.255.252.0,4637
262519,168.205.104.0,255.255.252.0,4637
265365,168.205.128.0,255.255.252.0,8966
263145,168.205.136.0,255.255.252.0,8966
262642,168.205.140.0,255.255.252.0,4637
52944,168.205.152.0,255.255.252.0,8966
264864,168.205.168.0,255.255.254.0,8966
52794,168.205.180.0,255.255.252.0,8966
264867,168.205.224.0,255.255.255.0,6939
61795,168.205.244.0,255.255.255.0,4637
264892,168.205.252.0,255.255.252.0,6939
265780,168.227.20.0,255.255.255.0,8966
264883,168.227.40.0,255.255.252.0,8966
264872,168.227.48.0,255.255.252.0,8966
264880,168.227.56.0,255.255.252.0,6939
264876,168.227.60.0,255.255.252.0,8966
52940,168.227.76.0,255.255.252.0,4637
52603,168.227.100.0,255.255.252.0,8966
52330,168.227.104.0,255.255.255.0,4637
264891,168.227.112.0,255.255.252.0,8966
264879,168.227.124.0,255.255.252.0,4637
263526,168.227.136.0,255.255.252.0,8966
53240,168.227.148.0,255.255.252.0,703
52898,168.227.156.0,255.255.252.0,8966
264881,168.227.172.0,255.255.252.0,4637
264886,168.227.180.0,255.255.252.0,8966
52988,168.227.189.0,255.255.255.0,8966
21574,168.227.200.0,255.255.252.0,4637
264830,168.227.204.0,255.255.254.0,4637
27987,168.227.206.0,255.255.255.0,4637
264888,168.227.212.0,255.255.252.0,4637
264897,168.227.224.0,255.255.252.0,8966
264898,168.227.248.0,255.255.252.0,4637
264899,168.228.4.0,255.255.252.0,8966
264900,168.228.8.0,255.255.252.0,4637
263057,168.228.16.0,255.255.252.0,8966
264909,168.228.80.0,255.255.252.0,8966
264906,168.228.84.0,255.255.252.0,8966
264913,168.228.88.0,255.255.252.0,4637
28309,168.228.96.0,255.255.252.0,4637
264917,168.228.112.0,255.255.252.0,8966
262698,168.228.120.0,255.255.252.0,8966
264953,168.228.148.0,255.255.252.0,8966
264939,168.228.152.0,255.255.252.0,4637
264911,168.228.156.0,255.255.252.0,8966
263341,168.228.160.0,255.255.252.0,4637
262611,168.228.168.0,255.255.252.0,4637
264926,168.228.176.0,255.255.252.0,8966
28642,168.228.180.0,255.255.252.0,8966
264927,168.228.184.0,255.255.252.0,8966
263137,168.228.196.0,255.255.252.0,4637
264929,168.228.216.0,255.255.252.0,8966
264915,168.228.220.0,255.255.252.0,4637
2716,168.228.252.0,255.255.252.0,4637
32430,168.229.248.0,255.255.255.0,703
264920,168.232.4.0,255.255.252.0,8966
264949,168.232.44.0,255.255.252.0,8966
264935,168.232.64.0,255.255.252.0,8966
264936,168.232.80.0,255.255.252.0,8966
262787,168.232.92.0,255.255.252.0,4637
52387,168.232.96.0,255.255.252.0,4637
264940,168.232.124.0,255.255.252.0,4637
11815,168.232.140.0,255.255.252.0,6939
263450,168.232.156.0,255.255.252.0,4637
263626,168.232.176.0,255.255.252.0,8966
263563,168.232.180.0,255.255.252.0,4637
264947,168.232.192.0,255.255.252.0,6939
264948,168.232.196.0,255.255.252.0,8966
264954,168.232.200.0,255.255.252.0,8966
264960,168.232.204.0,255.255.252.0,8966
264956,168.232.208.0,255.255.252.0,4637
264959,168.232.212.0,255.255.252.0,4637
263614,168.232.220.0,255.255.252.0,4637
264952,168.232.240.0,255.255.252.0,4637
264955,168.232.252.0,255.255.252.0,8966
271968,168.243.76.0,255.255.255.0,6939
262179,168.243.88.0,255.255.248.0,8966
16592,168.243.206.0,255.255.255.0,8966
16668,168.245.132.0,255.255.255.0,8966
36338,168.245.141.0,255.255.255.0,6939
327908,168.253.120.0,255.255.255.0,8966
12161,169.131.48.0,255.255.252.0,6939
20249,169.196.0.0,255.255.254.0,8966
14115,169.202.5.0,255.255.255.0,4637
327981,169.239.16.0,255.255.252.0,6939
327889,169.239.28.0,255.255.252.0,15412
327922,169.239.44.0,255.255.252.0,4637
37436,169.239.104.0,255.255.255.0,6939
327972,169.239.168.0,255.255.252.0,9304
29606,169.239.184.0,255.255.252.0,4637
328360,169.239.228.0,255.255.255.0,8966
327985,169.239.232.0,255.255.255.0,6939
327982,169.239.240.0,255.255.252.0,8966
327926,169.255.28.0,255.255.252.0,4637
37639,169.255.44.0,255.255.255.0,8966
327833,169.255.88.0,255.255.252.0,8966
327885,169.255.184.0,255.255.252.0,9304
327894,169.255.228.0,255.255.252.0,8966
264957,170.0.0.0,255.255.252.0,4637
28668,170.0.20.0,255.255.252.0,8966
264974,170.0.52.0,255.255.252.0,8966
265008,170.0.60.0,255.255.252.0,4637
264963,170.0.68.0,255.255.252.0,8966
264966,170.0.96.0,255.255.254.0,4637
264968,170.0.104.0,255.255.252.0,4637
264969,170.0.112.0,255.255.252.0,8966
264972,170.0.128.0,255.255.252.0,4637
264982,170.0.132.0,255.255.255.0,8966
52745,170.0.144.0,255.255.252.0,4637
263055,170.0.172.0,255.255.252.0,8966
10269,170.0.180.0,255.255.252.0,8966
264983,170.0.236.0,255.255.252.0,4637
262301,170.0.248.0,255.255.252.0,4637
205627,170.2.122.0,255.255.254.0,24482
395555,170.10.64.0,255.255.255.0,8966
23410,170.24.0.0,255.255.254.0,15412
12187,170.28.16.0,255.255.254.0,703
33229,170.39.24.0,255.255.254.0,6939
19850,170.39.72.0,255.255.255.0,8966
30482,170.39.75.0,255.255.255.0,8966
63279,170.39.203.0,255.255.255.0,8966
207609,170.39.231.0,255.255.255.0,6939
56488,170.62.206.0,255.255.255.0,6939
25761,170.62.253.0,255.255.255.0,6939
14201,170.65.32.0,255.255.252.0,9304
11993,170.66.0.0,255.255.128.0,4637
265491,170.78.0.0,255.255.252.0,8966
53201,170.78.12.0,255.255.252.0,6939
52587,170.78.29.0,255.255.255.0,8966
264796,170.78.40.0,255.255.254.0,703
265496,170.78.60.0,255.255.255.0,6939
266269,170.78.96.0,255.255.252.0,8966
265694,170.78.136.0,255.255.252.0,4637
266272,170.78.148.0,255.255.252.0,8966
52860,170.78.156.0,255.255.252.0,8966
266298,170.78.172.0,255.255.252.0,6939
266275,170.78.180.0,255.255.252.0,8966
264785,170.78.184.0,255.255.255.0,6939
266286,170.78.216.0,255.255.252.0,4637
266280,170.78.228.0,255.255.252.0,8966
263338,170.78.244.0,255.255.252.0,8966
262273,170.79.12.0,255.255.255.0,4637
263566,170.79.28.0,255.255.252.0,4637
266282,170.79.76.0,255.255.252.0,8966
266284,170.79.84.0,255.255.255.0,4637
266291,170.79.120.0,255.255.252.0,4637
263486,170.79.128.0,255.255.252.0,8966
266308,170.79.140.0,255.255.252.0,4637
266294,170.79.152.0,255.255.252.0,8966
266302,170.79.168.0,255.255.252.0,8966
266309,170.79.176.0,255.255.252.0,8966
266300,170.79.188.0,255.255.252.0,8966
262378,170.79.192.0,255.255.255.0,8966
266304,170.79.200.0,255.255.252.0,8966
264806,170.79.232.0,255.255.252.0,4637
52612,170.79.249.0,255.255.255.0,8966
266365,170.80.4.0,255.255.255.0,4637
263603,170.80.12.0,255.255.252.0,8966
266380,170.80.40.0,255.255.252.0,4637
266374,170.80.48.0,255.255.252.0,8966
266375,170.80.52.0,255.255.252.0,4637
272730,170.80.60.0,255.255.252.0,4637
262514,170.80.64.0,255.255.252.0,8966
266371,170.80.76.0,255.255.252.0,4637
266410,170.80.80.0,255.255.254.0,8966
266376,170.80.112.0,255.255.254.0,8966
266384,170.80.144.0,255.255.252.0,4637
266388,170.80.156.0,255.255.252.0,8966
266382,170.80.184.0,255.255.252.0,8966
266391,170.80.192.0,255.255.254.0,8966
266385,170.80.224.0,255.255.252.0,8966
266381,170.80.244.0,255.255.255.0,4637
61872,170.81.44.0,255.255.252.0,4637
263634,170.81.48.0,255.255.252.0,8966
266401,170.81.60.0,255.255.252.0,4637
266409,170.81.68.0,255.255.252.0,4637
266394,170.81.76.0,255.255.252.0,8966
266399,170.81.92.0,255.255.252.0,6939
61618,170.81.100.0,255.255.252.0,8966
266416,170.81.108.0,255.255.255.0,8966
266406,170.81.120.0,255.255.254.0,8966
266428,170.81.152.0,255.255.252.0,8966
266414,170.81.156.0,255.255.252.0,8966
266420,170.81.160.0,255.255.252.0,8966
53121,170.81.180.0,255.255.255.0,8966
266430,170.81.200.0,255.255.252.0,8966
266423,170.81.208.0,255.255.252.0,8966
266425,170.81.232.0,255.255.252.0,8966
266439,170.81.248.0,255.255.252.0,4637
262437,170.82.8.0,255.255.252.0,8966
266440,170.82.20.0,255.255.252.0,8966
266441,170.82.28.0,255.255.255.0,8966
266438,170.82.48.0,255.255.252.0,8966
266434,170.82.52.0,255.255.252.0,4637
263266,170.82.108.0,255.255.252.0,8966
264836,170.82.112.0,255.255.255.0,8966
262428,170.82.152.0,255.255.252.0,8966
53152,170.82.160.0,255.255.252.0,8966
266446,170.82.192.0,255.255.252.0,4637
266457,170.82.200.0,255.255.252.0,6939
262588,170.82.204.0,255.255.254.0,4637
266456,170.82.212.0,255.255.252.0,8966
266448,170.82.220.0,255.255.252.0,8966
266460,170.82.252.0,255.255.252.0,8966
266454,170.83.0.0,255.255.252.0,8966
266465,170.83.12.0,255.255.252.0,8966
266451,170.83.24.0,255.255.252.0,4637
266453,170.83.36.0,255.255.254.0,6939
266471,170.83.48.0,255.255.252.0,8966
266481,170.83.88.0,255.255.252.0,8966
52817,170.83.92.0,255.255.252.0,8966
266467,170.83.112.0,255.255.252.0,8966
266468,170.83.144.0,255.255.252.0,8966
266470,170.83.152.0,255.255.252.0,8966
266483,170.83.156.0,255.255.252.0,8966
266487,170.83.184.0,255.255.254.0,8966
266476,170.83.196.0,255.255.252.0,8966
263470,170.83.200.0,255.255.252.0,8966
53236,170.83.204.0,255.255.252.0,8966
52593,170.83.208.0,255.255.252.0,8966
263482,170.83.212.0,255.255.252.0,8966
266477,170.83.228.0,255.255.252.0,8966
264989,170.84.16.0,255.255.255.0,4637
265029,170.84.24.0,255.255.252.0,4637
265019,170.84.36.0,255.255.252.0,8966
263009,170.84.52.0,255.255.252.0,703
265006,170.84.60.0,255.255.252.0,8966
264988,170.84.70.0,255.255.255.0,4637
264999,170.84.76.0,255.255.252.0,8966
264991,170.84.92.0,255.255.252.0,8966
264993,170.84.116.0,255.255.252.0,4637
28073,170.84.128.0,255.255.252.0,15412
265017,170.84.140.0,255.255.252.0,8966
264997,170.84.144.0,255.255.252.0,4637
264998,170.84.156.0,255.255.252.0,8966
265016,170.84.164.0,255.255.252.0,4637
265015,170.84.180.0,255.255.252.0,6939
16629,170.84.208.0,255.255.252.0,6939
265037,170.84.220.0,255.255.252.0,4637
265028,170.84.248.0,255.255.255.0,8966
394542,170.117.216.0,255.255.252.0,15412
19273,170.119.0.0,255.255.255.0,8966
263003,170.150.16.0,255.255.252.0,4637
61826,170.150.20.0,255.255.252.0,8966
53246,170.150.40.0,255.255.252.0,8966
265025,170.150.48.0,255.255.252.0,8966
262932,170.150.64.0,255.255.252.0,15412
28636,170.150.68.0,255.255.252.0,8966
265032,170.150.72.0,255.255.252.0,8966
265027,170.150.96.0,255.255.252.0,8966
61828,170.150.132.0,255.255.252.0,8966
265038,170.150.200.0,255.255.252.0,8966
263290,170.150.208.0,255.255.255.0,8966
265036,170.150.224.0,255.255.252.0,8966
61918,170.150.232.0,255.255.252.0,4637
265044,170.150.244.0,255.255.252.0,8966
52565,170.150.248.0,255.255.252.0,4637
27967,170.155.0.0,255.255.192.0,15412
46158,170.158.0.0,255.255.0.0,4637
11516,170.161.2.0,255.255.255.0,15412
10583,170.163.0.0,255.255.0.0,703
26517,170.189.12.0,255.255.255.0,8966
4270,170.210.0.0,255.255.0.0,6939
27790,170.210.248.0,255.255.248.0,4637
11740,170.218.32.0,255.255.240.0,8966
265043,170.231.28.0,255.255.252.0,8966
27851,170.231.36.0,255.255.252.0,4637
265061,170.231.56.0,255.255.252.0,4637
27833,170.231.76.0,255.255.252.0,4637
53022,170.231.84.0,255.255.252.0,8966
265065,170.231.96.0,255.255.252.0,8966
265053,170.231.108.0,255.255.252.0,4637
265055,170.231.120.0,255.255.252.0,8966
264723,170.231.124.0,255.255.252.0,4637
265063,170.231.192.0,255.255.252.0,8966
262367,170.231.212.0,255.255.252.0,6939
263573,170.231.240.0,255.255.252.0,8966
52531,170.233.12.0,255.255.255.0,4637
265085,170.233.24.0,255.255.252.0,703
265086,170.233.32.0,255.255.252.0,4637
52547,170.233.52.0,255.255.252.0,8966
53057,170.233.84.0,255.255.252.0,4637
265077,170.233.96.0,255.255.252.0,8966
265093,170.233.104.0,255.255.252.0,8966
265078,170.233.112.0,255.255.252.0,8966
265080,170.233.120.0,255.255.254.0,8966
265088,170.233.140.0,255.255.252.0,8966
265067,170.233.188.0,255.255.252.0,4637
265098,170.233.236.0,255.255.252.0,4637
61920,170.233.244.0,255.255.252.0,4637
265091,170.233.248.0,255.255.252.0,8966
11534,170.235.0.0,255.255.0.0,6939
61928,170.238.4.0,255.255.252.0,8966
266317,170.238.44.0,255.255.255.0,8966
266312,170.238.56.0,255.255.252.0,8966
264798,170.238.66.0,255.255.255.0,4637
266315,170.238.104.0,255.255.252.0,703
266337,170.238.112.0,255.255.254.0,8966
266322,170.238.120.0,255.255.252.0,8966
266319,170.238.128.0,255.255.254.0,6939
264814,170.238.200.0,255.255.252.0,4637
273568,170.238.212.0,255.255.252.0,6939
52428,170.238.240.0,255.255.255.0,6939
52878,170.239.0.0,255.255.255.0,8966
266345,170.239.16.0,255.255.254.0,8966
266341,170.239.60.0,255.255.252.0,8966
53169,170.239.68.0,255.255.252.0,4637
52765,170.239.72.0,255.255.252.0,4637
266355,170.239.104.0,255.255.254.0,8966
266348,170.239.108.0,255.255.252.0,8966
262664,170.239.124.0,255.255.252.0,703
263110,170.239.132.0,255.255.252.0,8966
266353,170.239.140.0,255.255.252.0,8966
266361,170.239.144.0,255.255.255.0,8966
263415,170.239.160.0,255.255.252.0,4637
264815,170.239.168.0,255.255.252.0,4637
264740,170.239.180.0,255.255.252.0,4637
266354,170.239.184.0,255.255.252.0,8966
265629,170.239.204.0,255.255.255.0,4637
266358,170.239.212.0,255.255.252.0,4637
266396,170.239.228.0,255.255.252.0,4637
266360,170.239.252.0,255.255.252.0,4637
52699,170.244.0.0,255.255.252.0,8966
266513,170.244.16.0,255.255.252.0,8966
266489,170.244.24.0,255.255.252.0,4637
263608,170.244.28.0,255.255.252.0,8966
272757,170.244.36.0,255.255.252.0,4637
266479,170.244.44.0,255.255.252.0,4637
266492,170.244.64.0,255.255.252.0,8966
266498,170.244.72.0,255.255.252.0,8966
266505,170.244.76.0,255.255.252.0,8966
266493,170.244.84.0,255.255.252.0,8966
266499,170.244.148.0,255.255.252.0,8966
266504,170.244.160.0,255.255.252.0,8966
266502,170.244.172.0,255.255.252.0,8966
266013,170.244.200.0,255.255.255.0,6939
263496,170.244.216.0,255.255.252.0,8966
266523,170.244.228.0,255.255.252.0,8966
262770,170.244.244.0,255.255.252.0,8966
266519,170.245.8.0,255.255.252.0,8966
11562,170.245.34.0,255.255.255.0,4637
266014,170.245.44.0,255.255.252.0,4637
266516,170.245.64.0,255.255.252.0,8966
267450,170.245.80.0,255.255.252.0,4637
262761,170.245.104.0,255.255.252.0,8966
266022,170.245.124.0,255.255.252.0,4637
266524,170.245.176.0,255.255.254.0,8966
262504,170.245.196.0,255.255.252.0,8966
266019,170.245.204.0,255.255.252.0,4637
266030,170.245.244.0,255.255.255.0,8966
262379,170.246.44.0,255.255.252.0,4637
266029,170.246.60.0,255.255.252.0,8966
266034,170.246.116.0,255.255.252.0,6939
265656,170.246.172.0,255.255.252.0,4637
266031,170.246.252.0,255.255.255.0,4637
52714,170.247.12.0,255.255.252.0,8966
263324,170.247.20.0,255.255.252.0,8966
262593,170.247.24.0,255.255.252.0,4637
272193,170.247.108.0,255.255.252.0,8966
394353,170.247.170.0,255.255.254.0,4637
271245,170.247.184.0,255.255.252.0,4637
53014,170.247.196.0,255.255.252.0,8966
264827,170.247.204.0,255.255.252.0,4637
61792,170.247.236.0,255.255.252.0,8966
263648,170.247.248.0,255.255.252.0,4637
263528,170.254.4.0,255.255.252.0,4637
265095,170.254.24.0,255.255.252.0,8966
28169,170.254.40.0,255.255.252.0,8966
61901,170.254.52.0,255.255.254.0,8966
265100,170.254.80.0,255.255.252.0,8966
265103,170.254.100.0,255.255.252.0,8966
265113,170.254.108.0,255.255.252.0,8966
262322,170.254.112.0,255.255.252.0,4637
271008,170.254.120.0,255.255.255.0,4637
265106,170.254.132.0,255.255.252.0,6939
265398,170.254.144.0,255.255.252.0,4637
52372,170.254.164.0,255.255.252.0,703
265111,170.254.192.0,255.255.252.0,8966
271007,170.254.236.0,255.255.252.0,8966
265385,170.254.248.0,255.255.252.0,8966
52584,170.254.252.0,255.255.252.0,8966
49353,171.22.164.0,255.255.252.0,15412
62093,171.22.211.0,255.255.255.0,15412
3221,171.22.244.0,255.255.252.0,8966
202780,171.25.147.0,255.255.255.0,15412
57701,171.25.182.0,255.255.255.0,6939
198093,171.25.193.0,255.255.255.0,8966
198416,171.25.196.0,255.255.252.0,6939
198418,171.25.230.0,255.255.255.0,6939
57700,171.25.232.0,255.255.252.0,8359
55514,171.102.38.0,255.255.255.0,4637
10794,171.153.32.0,255.255.255.0,8966
26795,172.82.76.0,255.255.252.0,703
23374,172.82.124.0,255.255.252.0,6939
26531,172.84.0.0,255.255.192.0,6939
393968,172.85.76.0,255.255.255.0,8966
31823,172.86.238.0,255.255.255.0,703
399668,172.98.26.0,255.255.254.0,6939
399899,172.98.52.0,255.255.255.0,8966
399327,172.99.152.0,255.255.252.0,6939
399199,172.99.192.0,255.255.255.0,6939
395075,172.102.16.0,255.255.240.0,6939
25948,172.110.129.0,255.255.255.0,6939
272110,172.121.177.0,255.255.255.0,6939
36483,172.255.48.0,255.255.252.0,6939
397781,173.205.220.0,255.255.255.0,6939
25715,173.225.32.0,255.255.240.0,6939
16842,173.229.0.0,255.255.252.0,6939
53999,173.237.208.0,255.255.240.0,15412
36082,173.241.80.0,255.255.255.0,703
36372,173.242.144.0,255.255.240.0,6939
21577,173.250.240.0,255.255.240.0,8966
11737,173.251.30.0,255.255.255.0,15412
13599,173.251.54.0,255.255.255.0,15412
22225,173.251.60.0,255.255.255.0,15412
16884,173.251.64.0,255.255.255.0,703
53725,173.251.91.0,255.255.255.0,703
62751,173.251.110.0,255.255.255.0,703
53475,173.251.111.0,255.255.255.0,703
25785,174.46.238.0,255.255.255.0,4637
25738,174.47.123.0,255.255.255.0,703
14642,174.127.198.0,255.255.255.0,8966
25795,174.136.96.0,255.255.240.0,9304
19383,174.136.128.0,255.255.255.0,15412
17469,175.29.124.0,255.255.252.0,8966
17754,175.101.0.0,255.255.255.0,15412
3662,175.159.254.0,255.255.255.0,8966
56800,176.10.40.0,255.255.248.0,6939
197825,176.10.56.0,255.255.255.0,6939
57279,176.12.112.0,255.255.240.0,6939
198580,176.53.193.0,255.255.255.0,41095
39097,176.57.249.0,255.255.255.0,15412
198230,176.58.16.0,255.255.252.0,703
199252,176.58.23.0,255.255.255.0,6939
49985,176.62.224.0,255.255.240.0,6939
196983,176.65.80.0,255.255.255.0,6939
197981,176.67.88.0,255.255.248.0,8966
35613,176.74.128.0,255.255.224.0,6939
197956,176.96.32.0,255.255.240.0,703
50029,176.96.64.0,255.255.255.0,8359
48978,176.96.80.0,255.255.255.0,8966
64486,176.96.229.0,255.255.255.0,8359
57288,176.97.8.0,255.255.248.0,6939
57219,176.97.48.0,255.255.255.0,6939
59958,176.97.52.0,255.255.252.0,6939
57333,176.97.160.0,255.255.224.0,8966
48610,176.97.194.0,255.255.255.0,8359
210270,176.98.36.0,255.255.252.0,8966
41096,176.98.64.0,255.255.224.0,8359
198151,176.98.112.0,255.255.248.0,6939
62099,176.98.248.0,255.255.252.0,6939
50121,176.99.48.0,255.255.248.0,6939
44030,176.99.64.0,255.255.224.0,8966
49718,176.100.64.0,255.255.192.0,8966
201512,176.101.90.0,255.255.255.0,8359
49588,176.101.192.0,255.255.224.0,8359
198235,176.102.80.0,255.255.240.0,6939
207156,176.102.176.0,255.255.248.0,6939
39822,176.102.192.0,255.255.224.0,8359
42510,176.103.64.0,255.255.248.0,8359
21096,176.103.114.0,255.255.254.0,8359
198371,176.104.104.0,255.255.255.0,8966
48683,176.104.240.0,255.255.248.0,8359
43440,176.105.235.0,255.255.255.0,35280
201395,176.105.240.0,255.255.255.0,4637
34265,176.106.0.0,255.255.248.0,8359
42104,176.106.64.0,255.255.224.0,703
44629,176.106.192.0,255.255.224.0,4637
57760,176.107.16.0,255.255.255.0,4637
57800,176.108.0.0,255.255.224.0,6939
198490,176.108.128.0,255.255.248.0,6939
39422,176.108.232.0,255.255.248.0,8359
47655,176.111.72.0,255.255.248.0,8359
62410,176.111.96.0,255.255.252.0,41095
198642,176.111.224.0,255.255.240.0,6939
44988,176.112.64.0,255.255.252.0,8359
49124,176.112.88.0,255.255.255.0,8359
198616,176.112.96.0,255.255.240.0,41095
50911,176.112.224.0,255.255.224.0,41095
197400,176.113.192.0,255.255.240.0,15412
58055,176.113.208.0,255.255.240.0,8359
58067,176.114.16.0,255.255.240.0,8359
198709,176.114.232.0,255.255.248.0,6939
58350,176.115.0.0,255.255.224.0,6939
41743,176.115.136.0,255.255.248.0,8359
199042,176.115.168.0,255.255.248.0,6939
198766,176.115.240.0,255.255.240.0,6939
59560,176.116.145.0,255.255.255.0,703
199091,176.116.148.0,255.255.252.0,15412
58158,176.117.128.0,255.255.224.0,8966
205711,176.118.0.0,255.255.252.0,8359
201624,176.118.199.0,255.255.255.0,8359
210055,176.119.134.0,255.255.255.0,6939
59606,176.119.142.0,255.255.255.0,8359
208103,176.119.206.0,255.255.255.0,6939
207767,176.119.209.0,255.255.255.0,6939
56457,176.119.210.0,255.255.255.0,35280
211700,176.119.212.0,255.255.255.0,6939
60557,176.119.215.0,255.255.255.0,6939
61363,176.119.216.0,255.255.255.0,8966
59444,176.121.80.0,255.255.252.0,6939
199416,176.121.112.0,255.255.240.0,6939
59517,176.122.200.0,255.255.255.0,8966
199061,176.122.212.0,255.255.252.0,6939
209921,176.122.240.0,255.255.252.0,6939
198076,176.123.49.0,255.255.255.0,41095
59506,176.123.64.0,255.255.192.0,8966
59515,176.123.192.0,255.255.254.0,15412
59665,176.124.144.0,255.255.252.0,8359
51596,176.124.150.0,255.255.254.0,8359
199197,176.124.190.0,255.255.255.0,15412
199188,176.124.191.0,255.255.255.0,4637
205363,176.124.240.0,255.255.255.0,6939
60341,176.124.253.0,255.255.255.0,15412
44172,176.126.0.0,255.255.224.0,8359
56600,176.126.128.0,255.255.224.0,4637
50324,176.126.216.0,255.255.252.0,6939
57746,176.223.96.0,255.255.254.0,15412
57588,176.241.80.0,255.255.255.0,8966
8167,177.0.0.0,255.255.0.0,4637
262830,177.8.32.0,255.255.252.0,4637
273779,177.8.69.0,255.255.255.0,8966
273663,177.8.71.0,255.255.255.0,4637
52890,177.8.80.0,255.255.240.0,4637
263028,177.8.112.0,255.255.240.0,8966
270581,177.8.132.0,255.255.252.0,8966
262720,177.8.192.0,255.255.240.0,8966
53191,177.8.216.0,255.255.252.0,4637
262841,177.10.24.0,255.255.252.0,8966
262842,177.10.32.0,255.255.248.0,4637
263591,177.10.44.0,255.255.252.0,4637
53234,177.10.64.0,255.255.255.0,4637
262846,177.10.80.0,255.255.248.0,4637
263442,177.10.92.0,255.255.252.0,8966
53235,177.10.112.0,255.255.252.0,8966
262851,177.10.144.0,255.255.248.0,8966
53238,177.10.160.0,255.255.248.0,8966
263019,177.10.168.0,255.255.252.0,8966
263601,177.10.172.0,255.255.252.0,8966
262854,177.10.192.0,255.255.248.0,6939
262302,177.10.204.0,255.255.252.0,8966
262856,177.10.208.0,255.255.248.0,4637
263036,177.10.216.0,255.255.252.0,4637
262861,177.10.224.0,255.255.248.0,8966
52754,177.11.31.0,255.255.255.0,6939
53243,177.11.48.0,255.255.252.0,4637
52934,177.11.60.0,255.255.252.0,8966
262872,177.11.64.0,255.255.248.0,8966
270499,177.11.132.0,255.255.252.0,6939
53209,177.11.136.0,255.255.248.0,4637
52903,177.11.168.0,255.255.254.0,8966
262885,177.11.240.0,255.255.252.0,4637
28665,177.12.0.0,255.255.192.0,6939
52967,177.12.81.0,255.255.255.0,8966
53118,177.12.96.0,255.255.240.0,8966
28188,177.12.132.0,255.255.255.0,8966
267464,177.12.135.0,255.255.255.0,8966
263033,177.12.176.0,255.255.240.0,4637
270751,177.12.220.0,255.255.255.0,8966
61568,177.12.224.0,255.255.254.0,8966
262866,177.12.240.0,255.255.240.0,8966
11338,177.13.0.0,255.255.240.0,8966
53237,177.14.64.0,255.255.224.0,8966
18881,177.16.0.0,255.252.0.0,6939
262857,177.20.128.0,255.255.224.0,8966
263084,177.21.48.0,255.255.240.0,8966
53088,177.21.80.0,255.255.240.0,4637
262876,177.21.160.0,255.255.224.0,8966
52952,177.22.16.0,255.255.240.0,8966
52981,177.22.32.0,255.255.240.0,6939
52958,177.22.128.0,255.255.240.0,6939
262901,177.22.192.0,255.255.240.0,4637
28264,177.22.240.0,255.255.248.0,8966
262357,177.22.252.0,255.255.254.0,4637
270868,177.23.48.0,255.255.252.0,8966
52906,177.23.56.0,255.255.248.0,15412
262268,177.23.88.0,255.255.248.0,4637
52907,177.23.104.0,255.255.252.0,4637
52908,177.23.120.0,255.255.248.0,4637
262896,177.23.144.0,255.255.248.0,4637
52911,177.23.152.0,255.255.248.0,4637
52960,177.23.160.0,255.255.255.0,8966
262898,177.23.176.0,255.255.248.0,4637
262903,177.23.208.0,255.255.252.0,6939
52970,177.23.222.0,255.255.254.0,8966
52963,177.23.224.0,255.255.248.0,8966
52938,177.23.232.0,255.255.248.0,8966
262906,177.23.248.0,255.255.255.0,4637
28573,177.32.0.0,255.255.0.0,4637
271042,177.36.16.0,255.255.252.0,8966
262909,177.36.48.0,255.255.240.0,8966
271211,177.36.72.0,255.255.252.0,4637
52972,177.36.96.0,255.255.240.0,8966
262401,177.36.128.0,255.255.255.0,8966
53070,177.36.224.0,255.255.240.0,35280
262462,177.37.0.0,255.255.240.0,8966
270606,177.37.16.0,255.255.252.0,4637
270675,177.37.24.0,255.255.252.0,4637
52893,177.37.48.0,255.255.254.0,4637
262418,177.37.96.0,255.255.255.0,8966
262808,177.37.112.0,255.255.240.0,703
28126,177.37.128.0,255.255.128.0,8966
52964,177.38.0.0,255.255.248.0,8966
262911,177.38.48.0,255.255.248.0,8966
262402,177.38.80.0,255.255.240.0,8966
262403,177.38.96.0,255.255.248.0,8966
52758,177.38.184.0,255.255.248.0,8966
262409,177.38.192.0,255.255.248.0,8966
52759,177.38.200.0,255.255.255.0,8966
262411,177.38.208.0,255.255.252.0,4637
262412,177.38.216.0,255.255.252.0,8966
28216,177.38.224.0,255.255.254.0,8966
52994,177.39.4.0,255.255.252.0,4637
262416,177.39.32.0,255.255.254.0,8966
271615,177.39.96.0,255.255.252.0,4637
52772,177.39.156.0,255.255.252.0,8966
52770,177.39.184.0,255.255.248.0,4637
52774,177.39.196.0,255.255.252.0,8966
52978,177.39.200.0,255.255.252.0,8966
262433,177.39.208.0,255.255.248.0,8966
52795,177.39.216.0,255.255.248.0,4637
52979,177.39.224.0,255.255.248.0,8966
28202,177.44.0.0,255.255.128.0,8966
262424,177.44.128.0,255.255.255.0,8966
262434,177.44.160.0,255.255.240.0,4637
53173,177.44.176.0,255.255.248.0,8966
263139,177.44.220.0,255.255.252.0,8966
262441,177.44.240.0,255.255.240.0,4637
19182,177.45.0.0,255.255.0.0,6939
28135,177.46.0.0,255.255.128.0,8966
28166,177.46.128.0,255.255.128.0,6939
262480,177.47.80.0,255.255.248.0,4637
28271,177.47.96.0,255.255.224.0,8966
52993,177.47.128.0,255.255.240.0,8966
262283,177.47.176.0,255.255.240.0,6939
262473,177.47.208.0,255.255.240.0,4637
52995,177.47.224.0,255.255.240.0,8966
262478,177.47.240.0,255.255.240.0,8966
262435,177.52.16.0,255.255.255.0,4637
52997,177.52.102.0,255.255.255.0,8966
52782,177.52.132.0,255.255.252.0,6939
52820,177.52.174.0,255.255.254.0,4637
262450,177.52.192.0,255.255.248.0,4637
262452,177.52.216.0,255.255.254.0,8966
262454,177.52.248.0,255.255.252.0,4637
52990,177.53.16.0,255.255.255.0,8966
270864,177.53.24.0,255.255.254.0,4637
262457,177.53.32.0,255.255.248.0,8966
262458,177.53.48.0,255.255.248.0,4637
262463,177.53.80.0,255.255.248.0,8966
262475,177.53.176.0,255.255.252.0,8966
262476,177.53.184.0,255.255.252.0,15412
53020,177.53.192.0,255.255.252.0,4637
53138,177.53.224.0,255.255.248.0,8966
263434,177.53.236.0,255.255.252.0,8966
262889,177.54.32.0,255.255.240.0,4637
28292,177.54.48.0,255.255.240.0,8966
28154,177.54.64.0,255.255.240.0,8966
53142,177.54.112.0,255.255.252.0,8966
262456,177.54.128.0,255.255.240.0,8966
52991,177.54.160.0,255.255.240.0,8966
28596,177.54.208.0,255.255.240.0,4637
262299,177.54.240.0,255.255.254.0,4637
53003,177.55.128.0,255.255.240.0,8966
262505,177.55.144.0,255.255.240.0,8966
262507,177.55.160.0,255.255.252.0,4637
52837,177.66.4.0,255.255.255.0,6939
52649,177.66.6.0,255.255.255.0,8966
262487,177.66.17.0,255.255.255.0,4637
52841,177.66.24.0,255.255.252.0,4637
52843,177.66.40.0,255.255.248.0,4637
52845,177.66.72.0,255.255.252.0,8966
262490,177.66.80.0,255.255.248.0,8966
262496,177.66.128.0,255.255.248.0,4637
262499,177.66.152.0,255.255.252.0,4637
262501,177.66.168.0,255.255.252.0,4637
52798,177.66.196.0,255.255.252.0,4637
52660,177.66.248.0,255.255.248.0,8966
52662,177.67.24.0,255.255.252.0,4637
272430,177.67.34.0,255.255.255.0,4637
53010,177.67.48.0,255.255.255.0,703
262477,177.67.63.0,255.255.255.0,4637
53013,177.67.80.0,255.255.252.0,8966
262517,177.67.96.0,255.255.248.0,4637
262526,177.67.192.0,255.255.248.0,8966
262527,177.67.208.0,255.255.248.0,8966
52679,177.67.216.0,255.255.254.0,8966
262583,177.67.253.0,255.255.255.0,4637
16735,177.69.0.0,255.255.0.0,6939
28209,177.70.0.0,255.255.224.0,8966
262545,177.70.96.0,255.255.248.0,4637
53019,177.70.160.0,255.255.240.0,8966
28359,177.70.192.0,255.255.240.0,4637
53217,177.70.208.0,255.255.240.0,8966
270630,177.70.244.0,255.255.254.0,4637
28254,177.71.16.0,255.255.248.0,8966
271340,177.71.104.0,255.255.252.0,4637
52814,177.72.8.0,255.255.248.0,8966
262539,177.72.24.0,255.255.252.0,8966
262540,177.72.32.0,255.255.248.0,8966
262541,177.72.48.0,255.255.248.0,6939
262558,177.72.112.0,255.255.254.0,8966
53017,177.72.120.0,255.255.248.0,4637
272505,177.72.144.0,255.255.254.0,8966
52818,177.72.148.0,255.255.252.0,8966
52870,177.72.152.0,255.255.252.0,6939
262548,177.72.160.0,255.255.252.0,4637
52827,177.72.164.0,255.255.252.0,8966
52687,177.72.196.0,255.255.252.0,8966
28283,177.72.224.0,255.255.248.0,4637
262629,177.72.252.0,255.255.254.0,4637
28637,177.72.255.0,255.255.255.0,4637
52683,177.73.8.0,255.255.248.0,8966
52685,177.73.24.0,255.255.248.0,4637
52696,177.73.44.0,255.255.255.0,8966
52698,177.73.68.0,255.255.252.0,4637
262566,177.73.72.0,255.255.252.0,4637
52704,177.73.92.0,255.255.252.0,8966
262567,177.73.96.0,255.255.248.0,703
52688,177.73.104.0,255.255.252.0,6939
52689,177.73.120.0,255.255.252.0,15412
262570,177.73.144.0,255.255.252.0,4637
262571,177.73.160.0,255.255.248.0,8966
262572,177.73.176.0,255.255.248.0,8966
53016,177.74.0.0,255.255.192.0,8966
263378,177.74.80.0,255.255.240.0,6939
263380,177.74.112.0,255.255.248.0,8966
271054,177.74.168.0,255.255.254.0,8966
270738,177.74.196.0,255.255.254.0,8966
263652,177.74.224.0,255.255.252.0,4637
28178,177.75.0.0,255.255.240.0,703
263647,177.75.24.0,255.255.248.0,4637
53087,177.75.64.0,255.255.240.0,4637
52819,177.75.112.0,255.255.252.0,8966
61851,177.75.224.0,255.255.240.0,4637
273704,177.84.31.0,255.255.255.0,703
262578,177.84.32.0,255.255.252.0,8966
262579,177.84.49.0,255.255.255.0,8966
28171,177.84.64.0,255.255.248.0,4637
52719,177.84.72.0,255.255.255.0,8966
263534,177.84.76.0,255.255.252.0,8966
52711,177.84.88.0,255.255.252.0,8966
52724,177.84.92.0,255.255.252.0,8966
262586,177.84.128.0,255.255.252.0,4637
52729,177.84.216.0,255.255.248.0,8966
262594,177.84.240.0,255.255.248.0,8966
271263,177.85.8.0,255.255.252.0,4637
262597,177.85.32.0,255.255.248.0,4637
262600,177.85.64.0,255.255.248.0,4637
262608,177.85.128.0,255.255.255.0,8966
52548,177.85.136.0,255.255.252.0,8966
52569,177.85.155.0,255.255.255.0,8966
262609,177.85.160.0,255.255.252.0,4637
52554,177.85.200.0,255.255.255.0,8966
53213,177.85.228.0,255.255.252.0,8966
270602,177.85.240.0,255.255.252.0,4637
270603,177.85.244.0,255.255.252.0,4637
52557,177.86.8.0,255.255.248.0,4637
262620,177.86.16.0,255.255.248.0,8966
52550,177.86.44.0,255.255.252.0,8966
52561,177.86.76.0,255.255.252.0,4637
262506,177.86.96.0,255.255.248.0,4637
52570,177.86.116.0,255.255.252.0,8966
52852,177.86.120.0,255.255.255.0,8966
271080,177.86.136.0,255.255.252.0,8966
262634,177.86.176.0,255.255.248.0,8966
263377,177.86.236.0,255.255.252.0,8966
28338,177.87.24.0,255.255.255.0,8966
263097,177.87.57.0,255.255.255.0,8966
52591,177.87.68.0,255.255.252.0,8966
28334,177.87.88.0,255.255.252.0,4637
262655,177.87.100.0,255.255.254.0,8966
263511,177.87.120.0,255.255.254.0,4637
262303,177.87.136.0,255.255.252.0,6939
263387,177.87.156.0,255.255.252.0,8966
262304,177.87.160.0,255.255.248.0,8966
262306,177.87.176.0,255.255.252.0,4637
262310,177.87.240.0,255.255.248.0,8966
263389,177.87.252.0,255.255.252.0,8966
61895,177.91.16.0,255.255.254.0,8966
61899,177.91.68.0,255.255.252.0,4637
263433,177.91.80.0,255.255.248.0,4637
262317,177.91.120.0,255.255.248.0,4637
263443,177.91.132.0,255.255.252.0,8966
263295,177.91.140.0,255.255.255.0,8966
263445,177.91.164.0,255.255.252.0,8966
28306,177.91.176.0,255.255.240.0,4637
263120,177.92.144.0,255.255.248.0,6939
28279,177.92.224.0,255.255.240.0,8966
262606,177.92.240.0,255.255.248.0,4637
52861,177.93.144.0,255.255.248.0,8966
263153,177.93.152.0,255.255.248.0,4637
263159,177.93.160.0,255.255.255.0,8966
52869,177.93.184.0,255.255.252.0,8966
53075,177.93.192.0,255.255.224.0,6939
28663,177.93.224.0,255.255.240.0,8966
262668,177.101.176.0,255.255.240.0,8966
262624,177.104.16.0,255.255.248.0,4637
262742,177.104.32.0,255.255.224.0,4637
28640,177.104.128.0,255.255.240.0,8966
262632,177.104.192.0,255.255.240.0,703
52657,177.104.240.0,255.255.240.0,8966
262637,177.105.64.0,255.255.240.0,8966
28634,177.105.128.0,255.255.240.0,8966
262653,177.105.208.0,255.255.240.0,8966
262313,177.105.224.0,255.255.240.0,8966
263609,177.105.240.0,255.255.252.0,8966
53101,177.107.208.0,255.255.248.0,4637
262311,177.124.0.0,255.255.248.0,8966
262312,177.124.16.0,255.255.252.0,8966
262320,177.124.96.0,255.255.252.0,8966
28133,177.124.134.0,255.255.254.0,4637
270541,177.124.152.0,255.255.252.0,4637
262328,177.124.176.0,255.255.252.0,8966
52607,177.125.56.0,255.255.255.0,4637
52611,177.125.120.0,255.255.252.0,8966
52641,177.125.132.0,255.255.252.0,4637
53132,177.125.144.0,255.255.248.0,8966
263396,177.125.252.0,255.255.252.0,8966
262338,177.126.64.0,255.255.240.0,4637
263520,177.126.152.0,255.255.248.0,8966
262361,177.128.0.0,255.255.248.0,8966
52631,177.128.24.0,255.255.248.0,8966
262364,177.128.32.0,255.255.248.0,8966
52638,177.128.56.0,255.255.248.0,8966
52643,177.128.72.0,255.255.248.0,4637
262365,177.128.80.0,255.255.248.0,4637
262805,177.128.92.0,255.255.252.0,8966
262385,177.128.104.0,255.255.248.0,4637
28148,177.128.116.0,255.255.255.0,4637
28253,177.128.117.0,255.255.255.0,4637
28196,177.128.118.0,255.255.254.0,8966
28587,177.128.184.0,255.255.248.0,4637
262381,177.128.240.0,255.255.248.0,4637
262383,177.129.0.0,255.255.252.0,4637
262807,177.129.16.0,255.255.248.0,6939
263063,177.129.75.0,255.255.255.0,4637
52538,177.129.111.0,255.255.255.0,4637
52541,177.129.156.0,255.255.252.0,8966
52876,177.129.176.0,255.255.252.0,4637
262940,177.129.204.0,255.255.252.0,8966
270888,177.129.240.0,255.255.254.0,4637
28260,177.130.0.0,255.255.240.0,8966
52551,177.130.112.0,255.255.240.0,8966
270782,177.131.132.0,255.255.252.0,4637
28615,177.131.192.0,255.255.224.0,8966
28624,177.131.197.0,255.255.255.0,8966
52871,177.136.0.0,255.255.248.0,703
263600,177.136.64.0,255.255.248.0,6939
263606,177.136.72.0,255.255.254.0,8966
263109,177.136.76.0,255.255.254.0,4637
263595,177.136.176.0,255.255.248.0,8966
53050,177.136.192.0,255.255.248.0,8966
52600,177.137.112.0,255.255.248.0,4637
263053,177.137.128.0,255.255.254.0,8966
53163,177.137.190.0,255.255.255.0,8966
263087,177.137.208.0,255.255.240.0,8966
28173,177.137.224.0,255.255.240.0,8966
52748,177.137.248.0,255.255.252.0,4637
262399,177.152.0.0,255.255.224.0,4637
52527,177.152.80.0,255.255.255.0,8966
270585,177.152.96.0,255.255.252.0,8966
270586,177.152.100.0,255.255.252.0,8966
271477,177.152.124.0,255.255.254.0,8966
52542,177.152.144.0,255.255.248.0,6939
27715,177.153.0.0,255.255.224.0,8966
262945,177.154.24.0,255.255.252.0,4637
262949,177.154.80.0,255.255.248.0,8966
262688,177.154.96.0,255.255.240.0,8966
262288,177.154.160.0,255.255.248.0,8966
263583,177.155.80.0,255.255.252.0,8966
263129,177.155.84.0,255.255.254.0,8966
263616,177.155.112.0,255.255.240.0,6939
52752,177.155.163.0,255.255.255.0,8966
262828,177.155.192.0,255.255.248.0,8966
263620,177.155.232.0,255.255.248.0,8966
26592,177.184.7.0,255.255.255.0,4637
28368,177.184.128.0,255.255.248.0,8966
52923,177.184.176.0,255.255.240.0,4637
52924,177.184.224.0,255.255.255.0,9304
52927,177.185.32.0,255.255.248.0,4637
52930,177.185.48.0,255.255.240.0,8966
52931,177.185.96.0,255.255.248.0,8966
272606,177.185.104.0,255.255.254.0,8966
52932,177.185.112.0,255.255.248.0,4637
263599,177.185.208.0,255.255.240.0,4637
262659,177.185.224.0,255.255.240.0,4637
263135,177.190.72.0,255.255.248.0,8966
22356,177.190.96.0,255.255.240.0,15412
263452,177.190.128.0,255.255.252.0,4637
263456,177.190.144.0,255.255.255.0,8966
263461,177.190.148.0,255.255.252.0,4637
263457,177.190.152.0,255.255.255.0,8966
262731,177.190.192.0,255.255.240.0,8966
263464,177.190.216.0,255.255.255.0,8966
52781,177.200.48.0,255.255.240.0,4637
270917,177.200.136.0,255.255.252.0,4637
270916,177.200.140.0,255.255.252.0,4637
263660,177.221.48.0,255.255.248.0,4637
52654,177.221.96.0,255.255.240.0,4637
270737,177.221.136.0,255.255.252.0,4637
270014,177.221.140.0,255.255.254.0,8966
270735,177.221.142.0,255.255.254.0,4637
52682,177.221.192.0,255.255.224.0,8966
61906,177.222.168.0,255.255.248.0,4637
263390,177.222.176.0,255.255.240.0,8966
263393,177.222.200.0,255.255.248.0,8966
263400,177.222.232.0,255.255.248.0,4637
263500,177.223.48.0,255.255.248.0,8966
52562,177.223.80.0,255.255.240.0,8966
271000,177.223.128.0,255.255.252.0,4637
28300,177.223.160.0,255.255.224.0,6939
52559,177.223.224.0,255.255.240.0,703
28554,177.236.16.0,255.255.240.0,6939
28545,177.236.112.0,255.255.252.0,6939
28548,177.236.143.0,255.255.255.0,703
27768,177.250.0.0,255.255.240.0,15412
213572,178.17.192.0,255.255.240.0,8966
49375,178.17.240.0,255.255.240.0,6939
197563,178.18.231.0,255.255.255.0,8966
199338,178.20.24.0,255.255.252.0,703
50655,178.20.168.0,255.255.248.0,4637
20483,178.21.24.0,255.255.248.0,8966
52070,178.21.40.0,255.255.254.0,8966
52155,178.21.45.0,255.255.255.0,8966
197480,178.21.136.0,255.255.248.0,6939
38915,178.21.216.0,255.255.248.0,6939
196997,178.21.248.0,255.255.248.0,6939
44943,178.22.48.0,255.255.248.0,8966
50858,178.22.128.0,255.255.248.0,6939
50891,178.22.184.0,255.255.248.0,6939
50953,178.23.88.0,255.255.248.0,6939
197036,178.23.152.0,255.255.248.0,4637
61094,178.23.184.0,255.255.255.0,15412
198916,178.23.200.0,255.255.255.0,8966
61403,178.57.96.0,255.255.240.0,8966
43550,178.57.192.0,255.255.255.0,8359
214937,178.92.0.0,255.255.255.0,15412
202498,178.130.140.0,255.255.255.0,8359
198818,178.132.64.0,255.255.252.0,6939
212522,178.132.70.0,255.255.255.0,6939
60517,178.157.96.0,255.255.252.0,15412
206791,178.159.37.0,255.255.255.0,8359
206812,178.170.189.0,255.255.255.0,8966
203784,178.170.245.0,255.255.255.0,8359
1756,178.173.128.0,255.255.255.0,8966
8661,178.175.0.0,255.255.128.0,8966
8301,178.208.192.0,255.255.224.0,15412
47408,178.211.64.0,255.255.224.0,6939
51337,178.212.40.0,255.255.248.0,6939
210801,178.212.74.0,255.255.255.0,15412
24893,178.212.104.0,255.255.248.0,8359
197233,178.212.168.0,255.255.248.0,6939
39065,178.212.192.0,255.255.248.0,8359
12438,178.213.0.0,255.255.248.0,8359
35676,178.213.64.0,255.255.252.0,6939
57906,178.213.78.0,255.255.255.0,41095
204126,178.213.88.0,255.255.248.0,6939
51590,178.213.120.0,255.255.248.0,6939
51636,178.213.160.0,255.255.248.0,6939
51390,178.214.0.0,255.255.248.0,703
51343,178.214.32.0,255.255.224.0,8966
42546,178.214.192.0,255.255.248.0,8359
41985,178.214.200.0,255.255.252.0,4637
49342,178.215.64.0,255.255.192.0,41095
196994,178.216.24.0,255.255.255.0,6939
197049,178.216.104.0,255.255.248.0,6939
35695,178.216.136.0,255.255.248.0,6939
204587,178.216.174.0,255.255.255.0,8359
29245,178.217.32.0,255.255.248.0,6939
50331,178.217.192.0,255.255.248.0,6939
51216,178.217.208.0,255.255.248.0,8359
211949,178.217.234.0,255.255.255.0,6939
50771,178.218.16.0,255.255.240.0,8966
204389,178.218.192.0,255.255.255.0,6939
51077,178.219.36.0,255.255.252.0,41095
202281,178.219.112.0,255.255.240.0,6939
202441,178.223.224.0,255.255.224.0,6939
207872,178.236.203.0,255.255.255.0,6939
210269,178.237.56.0,255.255.255.0,6939
51665,178.237.192.0,255.255.255.0,8359
15848,178.237.248.0,255.255.252.0,41095
210232,178.238.4.0,255.255.255.0,8966
197201,178.238.240.0,255.255.240.0,6939
198023,178.239.0.0,255.255.240.0,6939
200760,178.239.20.0,255.255.254.0,6939
209162,178.239.24.0,255.255.255.0,703
35590,178.239.37.0,255.255.255.0,8966
213727,178.239.144.0,255.255.255.0,8966
214361,178.239.146.0,255.255.255.0,8966
51681,178.239.208.0,255.255.240.0,8966
197046,178.248.56.0,255.255.248.0,6939
49653,178.248.176.0,255.255.248.0,6939
197063,178.249.0.0,255.255.248.0,6939
21161,178.249.80.0,255.255.252.0,6939
57420,178.249.128.0,255.255.248.0,41095
44788,178.250.1.0,255.255.255.0,6939
51319,178.251.144.0,255.255.248.0,6939
205786,178.253.247.0,255.255.255.0,8966
15388,178.254.63.0,255.255.255.0,35280
47479,178.254.134.0,255.255.255.0,8966
42890,178.255.32.0,255.255.252.0,15412
51409,178.255.56.0,255.255.248.0,4637
29605,178.255.128.0,255.255.248.0,15412
6723,178.255.176.0,255.255.252.0,8359
51297,178.255.200.0,255.255.255.0,6939
52275,179.0.14.0,255.255.255.0,6939
271408,179.0.44.0,255.255.252.0,8966
271498,179.0.56.0,255.255.252.0,8966
271459,179.0.64.0,255.255.254.0,8966
271361,179.0.76.0,255.255.255.0,6939
271325,179.0.116.0,255.255.254.0,8966
270833,179.0.164.0,255.255.252.0,4637
270840,179.0.168.0,255.255.255.0,703
272037,179.0.200.0,255.255.255.0,8966
263230,179.0.224.0,255.255.224.0,4637
22047,179.2.0.0,255.255.0.0,6939
271126,179.42.36.0,255.255.252.0,8966
271128,179.42.48.0,255.255.252.0,8966
271163,179.42.60.0,255.255.252.0,4637
271131,179.42.72.0,255.255.252.0,4637
271148,179.42.100.0,255.255.252.0,8966
271150,179.42.108.0,255.255.255.0,4637
271206,179.42.124.0,255.255.252.0,4637
271154,179.42.144.0,255.255.254.0,8966
270976,179.43.16.0,255.255.255.0,8966
270851,179.43.28.0,255.255.252.0,8966
270867,179.43.44.0,255.255.252.0,8966
263185,179.43.80.0,255.255.255.0,4637
263194,179.43.100.0,255.255.252.0,4637
271160,179.48.12.0,255.255.252.0,8966
271084,179.48.36.0,255.255.255.0,8966
271075,179.48.40.0,255.255.252.0,8966
270082,179.48.52.0,255.255.252.0,8966
271067,179.48.68.0,255.255.252.0,8966
271116,179.48.76.0,255.255.252.0,4637
271074,179.48.84.0,255.255.255.0,8966
271117,179.48.88.0,255.255.254.0,8966
271072,179.48.100.0,255.255.252.0,4637
271215,179.48.124.0,255.255.255.0,8966
271092,179.48.164.0,255.255.252.0,4637
271102,179.48.220.0,255.255.252.0,8966
271021,179.48.224.0,255.255.252.0,8966
271060,179.48.240.0,255.255.252.0,703
271394,179.49.80.0,255.255.254.0,8966
271208,179.49.136.0,255.255.254.0,8966
27751,179.49.168.0,255.255.252.0,4637
271203,179.49.176.0,255.255.252.0,4637
271201,179.49.184.0,255.255.252.0,8966
271220,179.49.244.0,255.255.252.0,4637
26619,179.50.0.0,255.255.128.0,4637
271205,179.51.132.0,255.255.254.0,4637
271179,179.51.148.0,255.255.252.0,8966
271244,179.51.196.0,255.255.252.0,4637
52279,179.51.247.0,255.255.255.0,4637
266145,179.51.248.0,255.255.252.0,8966
270669,179.60.140.0,255.255.252.0,8966
52458,179.60.244.0,255.255.255.0,8966
16921,179.61.64.0,255.255.255.0,35280
199829,179.61.185.0,255.255.255.0,8966
271597,179.63.12.0,255.255.254.0,4637
271569,179.63.28.0,255.255.252.0,6939
271549,179.63.64.0,255.255.255.0,8966
272678,179.63.68.0,255.255.252.0,8966
271612,179.63.92.0,255.255.255.0,8966
271554,179.63.96.0,255.255.252.0,8966
271544,179.63.116.0,255.255.252.0,4637
271604,179.63.128.0,255.255.255.0,4637
271560,179.63.132.0,255.255.254.0,8966
271613,179.63.138.0,255.255.254.0,8966
271587,179.63.144.0,255.255.254.0,8966
61605,179.63.178.0,255.255.254.0,8966
271439,179.63.236.0,255.255.252.0,8966
4230,179.68.0.0,255.255.0.0,4637
52639,179.96.176.0,255.255.248.0,4637
52640,179.96.208.0,255.255.255.0,4637
28181,179.97.16.0,255.255.248.0,8966
263411,179.97.24.0,255.255.248.0,8966
262740,179.97.32.0,255.255.240.0,8966
28361,179.97.80.0,255.255.248.0,8966
263413,179.97.88.0,255.255.248.0,4637
52525,179.106.64.0,255.255.248.0,703
263083,179.106.192.0,255.255.192.0,8966
263265,179.107.8.0,255.255.248.0,6939
263277,179.107.92.0,255.255.252.0,4637
263267,179.108.24.0,255.255.252.0,8966
53158,179.108.80.0,255.255.248.0,8966
263269,179.108.88.0,255.255.248.0,8966
262973,179.108.128.0,255.255.224.0,8966
263274,179.108.240.0,255.255.248.0,8966
263562,179.109.0.0,255.255.255.0,4637
263567,179.109.32.0,255.255.240.0,8966
263578,179.109.64.0,255.255.240.0,8966
270741,179.109.112.0,255.255.252.0,8966
270760,179.109.116.0,255.255.252.0,8966
263585,179.109.128.0,255.255.224.0,4637
61916,179.124.14.0,255.255.255.0,703
263611,179.124.16.0,255.255.252.0,8966
61914,179.124.176.0,255.255.248.0,4637
262972,179.124.248.0,255.255.248.0,8966
271737,179.125.12.0,255.255.252.0,4637
263625,179.125.16.0,255.255.252.0,4637
263633,179.125.60.0,255.255.252.0,6939
263283,179.127.72.0,255.255.255.0,8966
28605,179.127.112.0,255.255.252.0,4637
263105,179.127.116.0,255.255.252.0,8966
263645,179.127.248.0,255.255.248.0,4637
270943,179.189.80.0,255.255.252.0,8966
267221,179.189.84.0,255.255.252.0,8966
61945,179.189.192.0,255.255.254.0,4637
52411,179.189.216.0,255.255.255.0,8966
28252,179.189.240.0,255.255.240.0,8966
52580,179.191.160.0,255.255.255.0,8966
263422,179.191.232.0,255.255.248.0,8966
45400,180.92.241.0,255.255.255.0,9304
151376,180.94.1.0,255.255.255.0,6939
151377,180.94.6.0,255.255.255.0,15412
152040,180.94.8.0,255.255.255.0,41095
151755,180.94.16.0,255.255.255.0,15412
134417,180.97.120.0,255.255.248.0,8966
23932,180.128.0.0,255.255.255.0,6939
45204,180.149.64.0,255.255.240.0,8966
55334,180.149.252.0,255.255.255.0,9304
24210,180.150.232.0,255.255.255.0,8966
135047,180.210.209.0,255.255.255.0,4637
23775,180.235.140.0,255.255.252.0,4637
27895,181.1.152.0,255.255.254.0,4637
271984,181.13.217.0,255.255.255.0,15412
11816,181.41.0.0,255.255.254.0,15412
19863,181.41.64.0,255.255.224.0,6939
52440,181.85.155.0,255.255.255.0,8966
28006,181.112.8.0,255.255.255.0,15412
263170,181.114.56.0,255.255.255.0,8966
27953,181.118.176.0,255.255.255.0,4637
52501,181.174.124.0,255.255.255.0,8966
262192,181.174.192.0,255.255.240.0,4637
271473,181.174.208.0,255.255.252.0,8966
271548,181.174.212.0,255.255.255.0,8966
271562,181.174.220.0,255.255.252.0,8966
271529,181.174.248.0,255.255.254.0,4637
19114,181.188.192.0,255.255.192.0,6939
272552,181.189.0.0,255.255.252.0,4637
271380,181.189.8.0,255.255.252.0,4637
271345,181.189.60.0,255.255.254.0,8966
271626,181.189.80.0,255.255.252.0,4637
271395,181.189.84.0,255.255.252.0,703
271488,181.189.88.0,255.255.252.0,4637
271377,181.189.92.0,255.255.252.0,8966
271398,181.189.100.0,255.255.255.0,4637
271373,181.189.108.0,255.255.255.0,8966
271533,181.189.112.0,255.255.252.0,4637
271502,181.189.124.0,255.255.252.0,8966
262206,181.189.153.0,255.255.255.0,6939
265986,181.191.32.0,255.255.252.0,4637
266767,181.191.36.0,255.255.255.0,6939
267428,181.191.60.0,255.255.254.0,4637
265998,181.191.84.0,255.255.252.0,8966
266002,181.191.92.0,255.255.252.0,8966
266009,181.191.104.0,255.255.252.0,8966
267438,181.191.148.0,255.255.252.0,8966
267426,181.191.160.0,255.255.254.0,8966
267429,181.191.168.0,255.255.252.0,8966
272187,181.191.176.0,255.255.252.0,703
265806,181.191.186.0,255.255.255.0,4637
267439,181.191.196.0,255.255.252.0,8966
267456,181.191.240.0,255.255.252.0,8966
270639,181.192.120.0,255.255.252.0,8966
270648,181.192.124.0,255.255.252.0,8966
52361,181.209.0.0,255.255.128.0,4637
271414,181.224.0.0,255.255.252.0,8966
271474,181.224.28.0,255.255.252.0,8966
271418,181.224.40.0,255.255.255.0,8966
272025,181.224.64.0,255.255.252.0,4637
3790,181.224.74.0,255.255.255.0,8966
266228,181.224.76.0,255.255.252.0,8966
52412,181.224.204.0,255.255.252.0,703
270689,181.225.152.0,255.255.252.0,4637
270690,181.225.156.0,255.255.252.0,8966
270990,181.225.172.0,255.255.255.0,8966
52251,181.225.192.0,255.255.224.0,4637
271355,181.232.136.0,255.255.252.0,8966
263150,181.232.175.0,255.255.255.0,703
272542,181.232.220.0,255.255.252.0,8966
272549,181.232.230.0,255.255.254.0,4637
271339,181.233.0.0,255.255.254.0,8966
271450,181.233.68.0,255.255.252.0,4637
271565,181.233.84.0,255.255.252.0,8966
271441,181.233.92.0,255.255.255.0,8966
271559,181.233.108.0,255.255.252.0,8966
271456,181.233.112.0,255.255.252.0,8966
263270,181.233.164.0,255.255.252.0,4637
271500,181.233.176.0,255.255.254.0,6939
271557,181.233.188.0,255.255.255.0,8966
55784,182.50.184.0,255.255.255.0,4637
55486,182.54.224.0,255.255.255.0,4637
55569,182.161.72.0,255.255.255.0,6939
45785,183.78.168.0,255.255.255.0,9304
10212,183.91.144.0,255.255.240.0,9304
131127,183.91.160.0,255.255.255.0,41095
46692,184.94.224.0,255.255.240.0,6939
47065,184.164.224.0,255.255.255.0,4637
400110,184.169.38.0,255.255.254.0,6939
43755,184.175.200.0,255.255.252.0,15412
393521,184.185.6.0,255.255.255.0,6939
199645,185.2.16.0,255.255.252.0,6939
49584,185.2.60.0,255.255.252.0,35280
205005,185.2.144.0,255.255.254.0,6939
21034,185.2.146.0,255.255.254.0,8966
59686,185.3.112.0,255.255.252.0,6939
59689,185.3.128.0,255.255.252.0,6939
59959,185.3.156.0,255.255.252.0,6939
199244,185.3.192.0,255.255.252.0,703
199231,185.4.228.0,255.255.252.0,8359
2072,185.4.251.0,255.255.255.0,4637
199405,185.5.224.0,255.255.252.0,6939
59720,185.5.232.0,255.255.252.0,6939
2128,185.6.36.0,255.255.252.0,4637
28999,185.6.88.0,255.255.252.0,6939
47321,185.6.124.0,255.255.252.0,8359
43436,185.6.140.0,255.255.252.0,15412
16350,185.6.160.0,255.255.252.0,6939
39583,185.7.4.0,255.255.252.0,8966
199660,185.7.64.0,255.255.252.0,15412
42567,185.7.96.0,255.255.252.0,8966
205147,185.8.96.0,255.255.255.0,15412
61145,185.8.112.0,255.255.252.0,6939
61373,185.9.32.0,255.255.252.0,15412
61068,185.9.76.0,255.255.255.0,41095
61394,185.9.152.0,255.255.252.0,8966
43893,185.9.164.0,255.255.255.0,15412
199569,185.9.172.0,255.255.254.0,15412
49641,185.10.0.0,255.255.252.0,6939
50257,185.10.172.0,255.255.252.0,8359
199562,185.10.224.0,255.255.254.0,35280
61266,185.10.244.0,255.255.252.0,6939
60280,185.11.76.0,255.255.252.0,8966
203698,185.12.37.0,255.255.255.0,4637
56893,185.12.52.0,255.255.252.0,8966
198853,185.12.104.0,255.255.252.0,4637
61287,185.12.128.0,255.255.252.0,35280
199286,185.12.136.0,255.255.252.0,6939
199516,185.13.80.0,255.255.255.0,6939
49476,185.13.157.0,255.255.255.0,8359
43298,185.13.160.0,255.255.255.0,8966
35408,185.13.172.0,255.255.255.0,4637
61246,185.14.80.0,255.255.255.0,8966
61233,185.14.148.0,255.255.252.0,15412
3250,185.14.156.0,255.255.252.0,6939
20672,185.14.180.0,255.255.252.0,6939
199490,185.14.232.0,255.255.252.0,6939
199475,185.15.0.0,255.255.252.0,6939
60595,185.15.52.0,255.255.252.0,6939
199473,185.15.132.0,255.255.252.0,6939
16242,185.15.137.0,255.255.255.0,35280
28849,185.15.159.0,255.255.255.0,8359
197727,185.15.164.0,255.255.252.0,6939
61021,185.15.188.0,255.255.252.0,8359
60045,185.15.204.0,255.255.252.0,15412
61200,185.16.20.0,255.255.252.0,6939
199449,185.16.32.0,255.255.252.0,6939
199362,185.17.20.0,255.255.252.0,6939
215322,185.17.25.0,255.255.255.0,6939
58316,185.17.104.0,255.255.254.0,6939
199411,185.17.160.0,255.255.252.0,6939
201236,185.17.188.0,255.255.252.0,8966
43287,185.17.200.0,255.255.255.0,41095
199390,185.18.132.0,255.255.252.0,6939
60793,185.19.12.0,255.255.252.0,15412
198349,185.19.140.0,255.255.252.0,6939
60975,185.19.184.0,255.255.255.0,4637
199354,185.19.228.0,255.255.252.0,4637
199332,185.19.236.0,255.255.252.0,49544
48390,185.20.3.0,255.255.255.0,35280
206922,185.20.4.0,255.255.255.0,41095
60815,185.20.24.0,255.255.252.0,8966
61010,185.20.120.0,255.255.252.0,41095
43812,185.20.176.0,255.255.255.0,8966
60953,185.20.218.0,255.255.254.0,6939
61012,185.21.108.0,255.255.252.0,6939
211037,185.21.134.0,255.255.255.0,6939
39216,185.21.136.0,255.255.255.0,8966
200052,185.21.216.0,255.255.252.0,15412
199298,185.21.220.0,255.255.252.0,6939
60979,185.22.68.0,255.255.252.0,35280
60964,185.22.112.0,255.255.252.0,6939
49477,185.22.116.0,255.255.252.0,15412
60983,185.22.128.0,255.255.252.0,6939
203500,185.22.130.0,255.255.255.0,4637
199057,185.22.136.0,255.255.252.0,15412
59462,185.22.231.0,255.255.255.0,15412
60936,185.23.64.0,255.255.255.0,8359
38984,185.23.228.0,255.255.254.0,41095
60884,185.24.24.0,255.255.252.0,6939
210209,185.24.41.0,255.255.255.0,41095
51666,185.24.42.0,255.255.255.0,41095
47481,185.24.46.0,255.255.255.0,8359
60890,185.24.64.0,255.255.255.0,24482
209150,185.25.20.0,255.255.255.0,6939
36385,185.25.30.0,255.255.255.0,15412
60868,185.25.32.0,255.255.252.0,15412
12431,185.25.96.0,255.255.252.0,6939
210966,185.25.106.0,255.255.255.0,6939
60810,185.25.108.0,255.255.255.0,6939
60804,185.25.192.0,255.255.252.0,35280
202005,185.26.136.0,255.255.255.0,8966
60738,185.26.168.0,255.255.252.0,8966
60432,185.26.198.0,255.255.255.0,6939
16094,185.26.204.0,255.255.255.0,15412
25415,185.27.8.0,255.255.252.0,6939
60673,185.27.60.0,255.255.252.0,6939
60636,185.27.104.0,255.255.252.0,15412
60651,185.27.192.0,255.255.255.0,15412
203030,185.27.224.0,255.255.252.0,6939
8265,185.28.52.0,255.255.252.0,6939
206999,185.28.88.0,255.255.255.0,8966
201020,185.28.176.0,255.255.255.0,6939
206910,185.28.250.0,255.255.255.0,6939
60589,185.29.12.0,255.255.252.0,6939
60563,185.29.84.0,255.255.252.0,6939
60533,185.29.156.0,255.255.252.0,8966
61407,185.29.211.0,255.255.255.0,15412
57157,185.29.244.0,255.255.255.0,6939
199831,185.30.0.0,255.255.252.0,6939
60527,185.30.20.0,255.255.255.0,8966
48871,185.30.152.0,255.255.255.0,703
60497,185.30.172.0,255.255.255.0,6939
60451,185.30.180.0,255.255.252.0,6939
60459,185.30.192.0,255.255.252.0,8359
199917,185.30.208.0,255.255.254.0,6939
60415,185.31.92.0,255.255.252.0,6939
60388,185.31.108.0,255.255.252.0,8359
60407,185.31.124.0,255.255.254.0,8966
54312,185.31.128.0,255.255.255.0,6939
35790,185.31.140.0,255.255.252.0,15412
58334,185.31.216.0,255.255.252.0,6939
60352,185.32.20.0,255.255.254.0,6939
60357,185.32.56.0,255.255.254.0,8359
62749,185.32.76.0,255.255.255.0,6939
59891,185.32.124.0,255.255.255.0,35280
62416,185.32.188.0,255.255.252.0,8966
60277,185.32.252.0,255.255.252.0,6939
60304,185.33.32.0,255.255.255.0,6939
24796,185.33.108.0,255.255.254.0,39120
50313,185.33.172.0,255.255.252.0,41095
60316,185.33.216.0,255.255.252.0,15412
60241,185.34.60.0,255.255.252.0,6939
60239,185.34.202.0,255.255.255.0,703
60173,185.34.224.0,255.255.255.0,8359
200147,185.36.24.0,255.255.252.0,15412
50633,185.36.146.0,255.255.255.0,6939
47442,185.36.176.0,255.255.252.0,8966
200129,185.36.180.0,255.255.255.0,15412
213822,185.36.229.0,255.255.255.0,6939
200127,185.36.236.0,255.255.255.0,703
210806,185.37.11.0,255.255.255.0,15412
199727,185.37.41.0,255.255.255.0,15412
215329,185.37.100.0,255.255.255.0,6939
200089,185.37.112.0,255.255.254.0,6939
49220,185.37.136.0,255.255.252.0,15412
51324,185.37.153.0,255.255.255.0,6939
200086,185.37.155.0,255.255.255.0,15412
60550,185.37.238.0,255.255.255.0,6939
215792,185.37.239.0,255.255.255.0,6939
62373,185.38.4.0,255.255.252.0,15412
43056,185.38.28.0,255.255.255.0,703
62141,185.38.92.0,255.255.252.0,6939
62363,185.38.168.0,255.255.252.0,15412
215636,185.38.230.0,255.255.255.0,6939
15894,185.39.14.0,255.255.254.0,6939
60169,185.39.20.0,255.255.252.0,15412
212994,185.39.28.0,255.255.255.0,8359
200015,185.39.80.0,255.255.254.0,8359
59933,185.39.248.0,255.255.252.0,6939
206063,185.39.252.0,255.255.255.0,15412
35574,185.40.12.0,255.255.252.0,6939
49677,185.40.68.0,255.255.252.0,4637
199981,185.40.112.0,255.255.252.0,4637
8769,185.40.184.0,255.255.252.0,6939
199859,185.40.228.0,255.255.252.0,6939
203440,185.40.244.0,255.255.252.0,6939
201764,185.40.248.0,255.255.252.0,35280
199938,185.41.106.0,255.255.254.0,6939
62283,185.41.112.0,255.255.252.0,41095
208703,185.41.220.0,255.255.255.0,8966
201314,185.42.44.0,255.255.252.0,6939
199937,185.42.68.0,255.255.254.0,35280
49458,185.42.88.0,255.255.252.0,6939
12924,185.42.120.0,255.255.255.0,35280
199710,185.42.236.0,255.255.254.0,15412
62227,185.43.40.0,255.255.252.0,15412
202746,185.43.53.0,255.255.255.0,6939
62244,185.43.96.0,255.255.252.0,6939
25496,185.43.112.0,255.255.252.0,4637
25192,185.43.132.0,255.255.252.0,8966
21151,185.43.224.0,255.255.252.0,8359
198290,185.44.56.0,255.255.252.0,15412
62193,185.44.108.0,255.255.252.0,4637
204639,185.44.118.0,255.255.255.0,15412
199800,185.45.140.0,255.255.252.0,6939
199805,185.45.144.0,255.255.254.0,8359
199790,185.45.152.0,255.255.252.0,9304
213600,185.45.154.0,255.255.255.0,6939
199803,185.45.200.0,255.255.252.0,6939
201556,185.46.48.0,255.255.252.0,8966
41033,185.46.237.0,255.255.255.0,35280
202100,185.46.244.0,255.255.252.0,6939
202339,185.47.96.0,255.255.252.0,6939
62104,185.47.212.0,255.255.252.0,4637
202932,185.47.224.0,255.255.252.0,6939
200933,185.48.40.0,255.255.252.0,6939
62086,185.48.104.0,255.255.252.0,4637
199728,185.48.112.0,255.255.255.0,8966
206022,185.48.140.0,255.255.255.0,6939
205276,185.48.142.0,255.255.255.0,6939
199744,185.48.143.0,255.255.255.0,6939
198000,185.48.168.0,255.255.252.0,6939
25516,185.49.16.0,255.255.252.0,15412
39611,185.49.24.0,255.255.255.0,6939
59886,185.49.44.0,255.255.255.0,35280
202234,185.49.108.0,255.255.252.0,8966
62040,185.49.240.0,255.255.255.0,8966
62031,185.50.48.0,255.255.252.0,6939
201866,185.50.60.0,255.255.252.0,6939
62022,185.50.244.0,255.255.252.0,7713
50766,185.51.21.0,255.255.255.0,8359
51235,185.51.40.0,255.255.254.0,8966
51060,185.51.88.0,255.255.252.0,6939
201169,185.51.96.0,255.255.252.0,6939
62050,185.51.116.0,255.255.255.0,6939
62011,185.51.248.0,255.255.252.0,6939
202146,185.52.64.0,255.255.255.0,6939
198101,185.52.216.0,255.255.252.0,6939
59984,185.53.4.0,255.255.252.0,6939
201277,185.53.28.0,255.255.252.0,15412
15691,185.53.68.0,255.255.252.0,8966
60158,185.53.96.0,255.255.252.0,15412
9085,185.53.124.0,255.255.252.0,703
39217,185.53.148.0,255.255.252.0,6939
202032,185.54.80.0,255.255.252.0,35280
203993,185.54.92.0,255.255.254.0,6939
201723,185.54.95.0,255.255.255.0,35280
201789,185.54.160.0,255.255.255.0,6939
12459,185.54.161.0,255.255.255.0,8966
12315,185.55.20.0,255.255.254.0,6939
60129,185.56.24.0,255.255.252.0,35280
202022,185.56.32.0,255.255.252.0,6939
60138,185.56.92.0,255.255.255.0,8966
60132,185.56.153.0,255.255.255.0,35280
41026,185.56.244.0,255.255.252.0,6939
60514,185.57.47.0,255.255.255.0,4637
201939,185.57.52.0,255.255.252.0,6939
31449,185.57.128.0,255.255.252.0,4637
8793,185.58.0.0,255.255.252.0,6939
35761,185.58.20.0,255.255.254.0,8966
201977,185.58.48.0,255.255.254.0,6939
30950,185.58.68.0,255.255.252.0,6939
201563,185.58.72.0,255.255.252.0,6939
59740,185.58.252.0,255.255.252.0,41095
48487,185.59.4.0,255.255.252.0,703
24740,185.59.160.0,255.255.254.0,6939
204120,185.59.196.0,255.255.252.0,35280
47704,185.60.120.0,255.255.254.0,8966
201806,185.60.140.0,255.255.252.0,6939
16218,185.60.208.0,255.255.252.0,6939
60039,185.60.236.0,255.255.255.0,8966
201859,185.61.72.0,255.255.252.0,35280
59970,185.61.84.0,255.255.252.0,6939
210075,185.62.3.0,255.255.255.0,6939
48076,185.62.102.0,255.255.255.0,8966
205811,185.62.126.0,255.255.255.0,6939
59985,185.63.68.0,255.255.254.0,6939
204732,185.63.72.0,255.255.255.0,8966
204947,185.63.100.0,255.255.252.0,6939
29549,185.63.120.0,255.255.255.0,8966
201782,185.63.180.0,255.255.252.0,6939
39567,185.65.28.0,255.255.252.0,15412
36239,185.65.146.0,255.255.255.0,4637
41379,185.66.116.0,255.255.252.0,6939
201701,185.66.192.0,255.255.252.0,6939
201702,185.66.200.0,255.255.254.0,4637
212939,185.66.230.0,255.255.255.0,8966
61129,185.67.156.0,255.255.255.0,8966
59883,185.67.160.0,255.255.252.0,41095
40966,185.67.164.0,255.255.252.0,8966
207249,185.68.46.0,255.255.255.0,35280
59871,185.68.68.0,255.255.252.0,6939
201650,185.68.96.0,255.255.252.0,6939
59866,185.68.132.0,255.255.255.0,6939
208823,185.68.189.0,255.255.255.0,6939
20932,185.68.204.0,255.255.252.0,15412
201594,185.68.215.0,255.255.255.0,6939
16138,185.69.192.0,255.255.252.0,6939
62149,185.69.236.0,255.255.252.0,6939
202211,185.69.252.0,255.255.252.0,8966
49115,185.70.0.0,255.255.252.0,8966
59827,185.70.72.0,255.255.252.0,6939
204482,185.70.116.0,255.255.252.0,6939
59816,185.70.132.0,255.255.252.0,8966
57022,185.70.168.0,255.255.252.0,15412
35798,185.70.176.0,255.255.252.0,6939
48522,185.70.232.0,255.255.252.0,6939
49296,185.71.4.0,255.255.255.0,8966
204025,185.71.56.0,255.255.252.0,6939
201535,185.71.164.0,255.255.252.0,6939
60051,185.71.204.0,255.255.255.0,8966
59776,185.72.120.0,255.255.252.0,15412
49571,185.72.254.0,255.255.255.0,8966
201494,185.73.40.0,255.255.252.0,703
58246,185.73.148.0,255.255.252.0,6939
59748,185.73.156.0,255.255.252.0,8966
204240,185.73.203.0,255.255.255.0,8966
57811,185.73.210.0,255.255.255.0,6939
57902,185.74.40.0,255.255.252.0,6939
51004,185.74.228.0,255.255.252.0,8359
273218,185.75.12.0,255.255.255.0,8966
20679,185.75.31.0,255.255.255.0,6939
62222,185.75.44.0,255.255.252.0,8966
49907,185.75.55.0,255.255.255.0,15412
25341,185.75.180.0,255.255.252.0,8359
208154,185.75.192.0,255.255.252.0,6939
204576,185.75.221.0,255.255.255.0,6939
9110,185.75.250.0,255.255.255.0,8359
205919,185.76.120.0,255.255.252.0,6939
201029,185.77.76.0,255.255.255.0,6939
214173,185.77.148.0,255.255.252.0,8966
51090,185.77.192.0,255.255.252.0,41095
201900,185.78.80.0,255.255.252.0,8966
201330,185.78.96.0,255.255.252.0,6939
200863,185.78.148.0,255.255.252.0,6939
207024,185.79.15.0,255.255.255.0,6939
200561,185.79.24.0,255.255.252.0,15412
6895,185.79.172.0,255.255.254.0,6939
43445,185.79.192.0,255.255.252.0,35280
39892,185.79.196.0,255.255.255.0,15412
206768,185.79.212.0,255.255.255.0,41095
201261,185.80.132.0,255.255.252.0,6939
16143,185.81.64.0,255.255.255.0,41095
201059,185.81.148.0,255.255.252.0,6939
9137,185.82.56.0,255.255.252.0,6939
201722,185.82.112.0,255.255.255.0,6939
42812,185.82.140.0,255.255.252.0,6939
31019,185.82.184.0,255.255.254.0,6939
210267,185.82.196.0,255.255.252.0,8359
51349,185.83.4.0,255.255.255.0,6939
199471,185.83.87.0,255.255.255.0,4637
207922,185.83.126.0,255.255.254.0,15412
62166,185.83.172.0,255.255.252.0,6939
44222,185.83.212.0,255.255.255.0,15412
200899,185.83.252.0,255.255.252.0,6939
201146,185.84.28.0,255.255.254.0,6939
8816,185.84.228.0,255.255.252.0,6939
207029,185.85.20.0,255.255.255.0,6939
5403,185.85.28.0,255.255.252.0,6939
39455,185.85.36.0,255.255.252.0,6939
28816,185.85.40.0,255.255.252.0,8966
206626,185.85.56.0,255.255.252.0,15412
201026,185.85.220.0,255.255.252.0,4637
47734,185.86.66.0,255.255.255.0,6939
41494,185.86.67.0,255.255.255.0,15412
201086,185.86.80.0,255.255.255.0,8966
198297,185.86.132.0,255.255.252.0,8359
49192,185.86.224.0,255.255.255.0,6939
204536,185.87.180.0,255.255.252.0,6939
203851,185.87.212.0,255.255.255.0,15412
209147,185.88.20.0,255.255.255.0,6939
201031,185.88.24.0,255.255.255.0,703
210111,185.88.72.0,255.255.252.0,703
41906,185.88.116.0,255.255.252.0,35280
42043,185.88.152.0,255.255.255.0,8966
201014,185.88.224.0,255.255.252.0,6939
34144,185.89.20.0,255.255.255.0,6939
201001,185.89.64.0,255.255.252.0,6939
200970,185.89.160.0,255.255.252.0,6939
29246,185.89.168.0,255.255.252.0,35280
200920,185.89.176.0,255.255.252.0,6939
201222,185.89.196.0,255.255.252.0,4637
41071,185.90.8.0,255.255.252.0,35280
200937,185.90.148.0,255.255.255.0,6939
200977,185.90.240.0,255.255.255.0,703
39114,185.91.12.0,255.255.252.0,6939
215547,185.91.24.0,255.255.252.0,35280
15739,185.91.97.0,255.255.255.0,703
41103,185.91.100.0,255.255.252.0,6939
211494,185.93.7.0,255.255.255.0,6939
211713,185.93.24.0,255.255.252.0,6939
200700,185.93.28.0,255.255.252.0,8966
203971,185.93.91.0,255.255.255.0,6939
35353,185.93.128.0,255.255.252.0,4637
1850,185.93.156.0,255.255.252.0,6939
44863,185.93.185.0,255.255.255.0,8359
199341,185.93.240.0,255.255.255.0,6939
50352,185.94.80.0,255.255.254.0,6939
34663,185.94.120.0,255.255.252.0,6939
209508,185.94.128.0,255.255.252.0,7713
200813,185.94.160.0,255.255.252.0,6939
211175,185.95.67.0,255.255.255.0,8966
5409,185.95.80.0,255.255.252.0,6939
41827,185.95.132.0,255.255.252.0,15412
200797,185.95.212.0,255.255.255.0,703
47768,185.95.244.0,255.255.252.0,8359
24800,185.96.88.0,255.255.252.0,6939
8657,185.96.172.0,255.255.252.0,15412
50084,185.96.176.0,255.255.252.0,6939
15995,185.97.44.0,255.255.252.0,6939
197898,185.98.176.0,255.255.254.0,6939
30880,185.98.192.0,255.255.252.0,6939
41400,185.98.200.0,255.255.252.0,6939
30929,185.98.208.0,255.255.252.0,4637
15725,185.98.236.0,255.255.252.0,35280
50667,185.99.88.0,255.255.255.0,6939
34727,185.99.200.0,255.255.252.0,6939
200653,185.100.28.0,255.255.252.0,6939
34942,185.100.36.0,255.255.252.0,6939
205032,185.100.164.0,255.255.252.0,15412
64415,185.100.248.0,255.255.255.0,6939
16076,185.100.252.0,255.255.252.0,6939
31037,185.101.16.0,255.255.255.0,703
15955,185.101.48.0,255.255.252.0,35280
60011,185.101.97.0,255.255.255.0,6939
30786,185.101.116.0,255.255.252.0,15412
203632,185.101.130.0,255.255.255.0,6939
12941,185.101.132.0,255.255.252.0,6939
29547,185.101.204.0,255.255.252.0,8359
203736,185.102.32.0,255.255.252.0,7713
29140,185.102.64.0,255.255.252.0,6939
201641,185.102.100.0,255.255.252.0,703
201588,185.102.181.0,255.255.255.0,41095
212092,185.102.182.0,255.255.255.0,41095
200582,185.102.184.0,255.255.252.0,6939
200560,185.103.56.0,255.255.255.0,35280
57380,185.103.108.0,255.255.255.0,8966
215116,185.103.132.0,255.255.255.0,8359
200539,185.103.152.0,255.255.252.0,6939
201553,185.103.180.0,255.255.252.0,6939
28746,185.104.20.0,255.255.255.0,35280
28715,185.104.120.0,255.255.255.0,4637
213959,185.104.131.0,255.255.255.0,8966
200485,185.104.156.0,255.255.255.0,8966
12577,185.104.224.0,255.255.252.0,6939
24792,185.105.20.0,255.255.255.0,6939
25451,185.105.48.0,255.255.252.0,8359
57317,185.105.112.0,255.255.255.0,6939
200437,185.105.140.0,255.255.252.0,703
200480,185.105.240.0,255.255.252.0,8966
25094,185.106.24.0,255.255.252.0,4637
50472,185.106.84.0,255.255.254.0,6939
207335,185.106.133.0,255.255.255.0,8966
47935,185.106.134.0,255.255.255.0,6939
3331,185.106.164.0,255.255.252.0,8966
212781,185.107.64.0,255.255.255.0,6939
204019,185.107.66.0,255.255.255.0,6939
204479,185.107.67.0,255.255.255.0,6939
49395,185.107.128.0,255.255.255.0,8966
204280,185.107.184.0,255.255.252.0,8966
206655,185.107.204.0,255.255.252.0,6939
200418,185.107.228.0,255.255.255.0,15412
51093,185.108.16.0,255.255.255.0,8359
205226,185.108.19.0,255.255.255.0,8359
43930,185.108.32.0,255.255.255.0,703
206028,185.108.76.0,255.255.252.0,4637
24837,185.108.196.0,255.255.254.0,8966
204178,185.109.0.0,255.255.252.0,6939
204264,185.109.44.0,255.255.252.0,15412
206737,185.109.50.0,255.255.255.0,6939
20832,185.109.104.0,255.255.252.0,6939
204082,185.109.242.0,255.255.255.0,35280
203969,185.110.152.0,255.255.252.0,4637
62250,185.110.252.0,255.255.255.0,8966
20698,185.111.100.0,255.255.252.0,8359
204207,185.111.236.0,255.255.252.0,6939
204180,185.111.248.0,255.255.252.0,703
210472,185.112.0.0,255.255.255.0,8966
204540,185.112.172.0,255.255.255.0,15412
204573,185.112.175.0,255.255.255.0,15412
212440,185.112.180.0,255.255.255.0,8966
20596,185.113.24.0,255.255.252.0,15412
5582,185.113.32.0,255.255.254.0,4637
60627,185.113.56.0,255.255.252.0,8966
204094,185.113.140.0,255.255.255.0,6939
12926,185.113.156.0,255.255.252.0,8966
204121,185.114.0.0,255.255.252.0,6939
212975,185.115.72.0,255.255.252.0,6939
15449,185.115.156.0,255.255.252.0,8966
204064,185.115.180.0,255.255.252.0,6939
204050,185.116.53.0,255.255.255.0,6939
60816,185.116.118.0,255.255.255.0,6939
51786,185.117.12.0,255.255.255.0,8966
34183,185.117.40.0,255.255.252.0,6939
49176,185.117.81.0,255.255.255.0,6939
202177,185.117.84.0,255.255.252.0,6939
31043,185.117.112.0,255.255.252.0,6939
31175,185.117.204.0,255.255.255.0,8966
13006,185.118.62.0,255.255.255.0,6939
8285,185.118.76.0,255.255.252.0,6939
12984,185.118.80.0,255.255.252.0,6939
203962,185.118.84.0,255.255.252.0,8966
203925,185.118.192.0,255.255.255.0,8966
203954,185.118.240.0,255.255.255.0,6939
31293,185.118.241.0,255.255.255.0,6939
12307,185.119.104.0,255.255.255.0,4637
202364,185.119.108.0,255.255.255.0,15412
203937,185.119.120.0,255.255.252.0,6939
48519,185.119.136.0,255.255.254.0,6939
43253,185.119.148.0,255.255.252.0,6939
207221,185.119.186.0,255.255.255.0,6939
50016,185.119.208.0,255.255.252.0,6939
8646,185.120.68.0,255.255.252.0,6939
197152,185.120.88.0,255.255.252.0,8359
16007,185.120.132.0,255.255.252.0,8359
204778,185.120.141.0,255.255.255.0,35280
212849,185.120.142.0,255.255.255.0,6939
8666,185.121.52.0,255.255.255.0,6939
199975,185.121.84.0,255.255.255.0,41095
60401,185.121.110.0,255.255.255.0,8359
34154,185.121.196.0,255.255.252.0,6939
62328,185.122.60.0,255.255.252.0,6939
38983,185.122.152.0,255.255.252.0,6939
60646,185.122.172.0,255.255.254.0,6939
203157,185.122.174.0,255.255.255.0,6939
199787,185.122.175.0,255.255.255.0,6939
6704,185.123.40.0,255.255.252.0,6939
12462,185.123.120.0,255.255.252.0,4637
8018,185.123.180.0,255.255.255.0,15412
5505,185.123.204.0,255.255.255.0,6939
49371,185.124.14.0,255.255.255.0,41095
48727,185.124.128.0,255.255.252.0,6939
209199,185.124.160.0,255.255.255.0,4637
203754,185.124.204.0,255.255.252.0,6939
43326,185.124.242.0,255.255.255.0,703
203752,185.125.60.0,255.255.252.0,8966
50042,185.125.112.0,255.255.252.0,8359
203742,185.125.132.0,255.255.252.0,6939
60111,185.125.220.0,255.255.252.0,6939
44749,185.126.172.0,255.255.252.0,8966
208555,185.126.203.0,255.255.255.0,8966
56899,185.126.252.0,255.255.255.0,4637
203658,185.127.20.0,255.255.254.0,6939
199517,185.127.22.0,255.255.254.0,6939
212054,185.127.132.0,255.255.255.0,6939
211074,185.128.8.0,255.255.255.0,35280
34696,185.128.60.0,255.255.255.0,8966
203628,185.129.32.0,255.255.252.0,6939
44772,185.129.56.0,255.255.252.0,41095
203616,185.129.80.0,255.255.254.0,8966
203572,185.130.124.0,255.255.255.0,8966
6750,185.130.200.0,255.255.252.0,8966
203547,185.131.45.0,255.255.255.0,6939
203143,185.132.60.0,255.255.252.0,4637
43826,185.132.240.0,255.255.252.0,8966
203485,185.133.92.0,255.255.252.0,6939
214666,185.133.160.0,255.255.252.0,6939
203459,185.133.224.0,255.255.255.0,15412
213089,185.133.232.0,255.255.255.0,6939
50642,185.134.44.0,255.255.252.0,6939
50754,185.134.76.0,255.255.255.0,6939
204504,185.134.168.0,255.255.252.0,6939
207487,185.134.191.0,255.255.255.0,35280
205889,185.135.68.0,255.255.255.0,8966
203387,185.135.232.0,255.255.252.0,41095
208332,185.135.240.0,255.255.252.0,6939
202839,185.136.92.0,255.255.252.0,6939
210604,185.136.110.0,255.255.255.0,4637
204631,185.136.120.0,255.255.252.0,4637
203375,185.136.224.0,255.255.254.0,6939
209276,185.136.226.0,255.255.255.0,6939
208331,185.136.227.0,255.255.255.0,6939
203372,185.137.0.0,255.255.252.0,15412
203367,185.137.84.0,255.255.252.0,15412
210171,185.137.176.0,255.255.252.0,8359
25231,185.138.129.0,255.255.255.0,8359
204598,185.138.158.0,255.255.255.0,35280
49013,185.138.188.0,255.255.252.0,6939
48557,185.138.230.0,255.255.254.0,4637
202126,185.138.236.0,255.255.252.0,6939
203302,185.139.124.0,255.255.252.0,15412
205761,185.139.134.0,255.255.254.0,6939
203311,185.139.252.0,255.255.252.0,15412
203266,185.140.24.0,255.255.255.0,6939
43065,185.140.116.0,255.255.252.0,6939
9036,185.140.128.0,255.255.252.0,6939
48722,185.140.132.0,255.255.254.0,8359
41364,185.140.168.0,255.255.252.0,6939
48602,185.140.244.0,255.255.255.0,6939
203235,185.141.140.0,255.255.252.0,15412
48374,185.141.144.0,255.255.252.0,6939
215783,185.141.152.0,255.255.252.0,7713
203126,185.142.0.0,255.255.252.0,6939
57758,185.142.141.0,255.255.255.0,6939
203180,185.142.172.0,255.255.252.0,6939
15932,185.142.240.0,255.255.252.0,15412
207446,185.143.20.0,255.255.252.0,41095
20742,185.143.48.0,255.255.254.0,6939
3245,185.143.80.0,255.255.252.0,6939
204619,185.143.144.0,255.255.255.0,4637
205585,185.143.232.0,255.255.255.0,8966
203123,185.144.8.0,255.255.252.0,6939
8757,185.144.84.0,255.255.255.0,6939
202626,185.144.174.0,255.255.254.0,15412
41847,185.144.220.0,255.255.255.0,8966
25534,185.146.16.0,255.255.252.0,41095
203505,185.146.224.0,255.255.255.0,6939
203977,185.146.226.0,255.255.255.0,6939
51262,185.147.8.0,255.255.255.0,6939
210152,185.147.35.0,255.255.255.0,6939
56444,185.147.247.0,255.255.255.0,6939
210391,185.147.252.0,255.255.255.0,6939
202936,185.148.64.0,255.255.252.0,6939
202979,185.148.172.0,255.255.252.0,6939
200281,185.148.228.0,255.255.254.0,35280
44784,185.149.0.0,255.255.252.0,6939
42649,185.149.56.0,255.255.255.0,6939
49920,185.149.60.0,255.255.252.0,6939
202954,185.149.88.0,255.255.252.0,6939
206616,185.149.92.0,255.255.254.0,35280
12480,185.149.156.0,255.255.252.0,6939
51172,185.150.40.0,255.255.255.0,4637
44358,185.150.42.0,255.255.255.0,8359
6776,185.150.52.0,255.255.252.0,15412
202915,185.150.100.0,255.255.255.0,6939
202919,185.150.132.0,255.255.252.0,6939
34197,185.150.160.0,255.255.252.0,15412
206758,185.150.236.0,255.255.252.0,6939
207073,185.150.248.0,255.255.252.0,6939
62296,185.151.12.0,255.255.254.0,6939
199378,185.151.116.0,255.255.254.0,6939
49535,185.151.124.0,255.255.252.0,703
31529,185.151.141.0,255.255.255.0,41095
61273,185.151.205.0,255.255.255.0,15412
202877,185.151.252.0,255.255.252.0,6939
61090,185.152.12.0,255.255.255.0,8966
61232,185.152.16.0,255.255.255.0,8966
61292,185.152.34.0,255.255.255.0,24482
6717,185.152.160.0,255.255.254.0,15412
57537,185.152.232.0,255.255.252.0,6939
198257,185.153.0.0,255.255.252.0,703
204523,185.153.20.0,255.255.252.0,15412
52188,185.153.48.0,255.255.255.0,8966
203713,185.153.76.0,255.255.252.0,6939
8192,185.153.120.0,255.255.252.0,8359
49769,185.153.156.0,255.255.254.0,7713
207785,185.153.201.0,255.255.255.0,6939
214215,185.154.117.0,255.255.255.0,15412
57697,185.154.180.0,255.255.252.0,8359
204788,185.155.88.0,255.255.255.0,8359
206120,185.155.175.0,255.255.255.0,6939
202594,185.156.0.0,255.255.252.0,8359
202605,185.156.36.0,255.255.252.0,6939
202719,185.156.120.0,255.255.252.0,6939
202707,185.156.156.0,255.255.252.0,6939
56388,185.156.200.0,255.255.255.0,4637
202701,185.156.204.0,255.255.252.0,6939
206423,185.156.252.0,255.255.254.0,6939
51392,185.157.208.0,255.255.255.0,35280
210022,185.158.20.0,255.255.255.0,15412
202566,185.158.96.0,255.255.252.0,6939
51001,185.158.236.0,255.255.255.0,6939
50963,185.159.20.0,255.255.252.0,35280
211428,185.159.108.0,255.255.255.0,15412
57531,185.160.36.0,255.255.255.0,8359
207085,185.160.90.0,255.255.255.0,8359
49460,185.160.108.0,255.255.255.0,8966
202085,185.160.140.0,255.255.255.0,6939
210175,185.160.141.0,255.255.255.0,6939
42745,185.160.192.0,255.255.255.0,8966
48449,185.160.194.0,255.255.255.0,15412
207133,185.160.216.0,255.255.252.0,41095
43238,185.161.34.0,255.255.255.0,8359
207192,185.161.48.0,255.255.252.0,8359
8240,185.161.84.0,255.255.252.0,6939
205697,185.161.96.0,255.255.252.0,8966
61423,185.161.120.0,255.255.255.0,35280
197221,185.162.20.0,255.255.252.0,15412
196640,185.162.152.0,255.255.252.0,15412
44224,185.162.192.0,255.255.252.0,4637
207181,185.162.208.0,255.255.252.0,6939
26088,185.162.240.0,255.255.252.0,6939
207198,185.163.40.0,255.255.252.0,6939
207153,185.164.68.0,255.255.252.0,6939
206846,185.164.148.0,255.255.255.0,8359
64444,185.164.164.0,255.255.252.0,9304
212763,185.165.0.0,255.255.255.0,8966
64432,185.165.120.0,255.255.255.0,15412
398427,185.165.212.0,255.255.255.0,6939
51188,185.166.28.0,255.255.252.0,15412
20514,185.166.32.0,255.255.252.0,7713
205068,185.166.164.0,255.255.252.0,35280
207541,185.166.252.0,255.255.255.0,6939
209138,185.167.104.0,255.255.252.0,6939
207056,185.167.120.0,255.255.255.0,15412
203687,185.167.140.0,255.255.252.0,6939
48690,185.167.212.0,255.255.252.0,6939
207042,185.167.244.0,255.255.255.0,15412
213317,185.167.252.0,255.255.255.0,35280
203263,185.168.124.0,255.255.254.0,6939
206581,185.168.127.0,255.255.255.0,6939
207013,185.168.176.0,255.255.252.0,6939
205930,185.169.68.0,255.255.252.0,8359
41185,185.170.2.0,255.255.254.0,8359
206186,185.170.225.0,255.255.255.0,6939
206108,185.170.227.0,255.255.255.0,6939
16189,185.171.4.0,255.255.252.0,6939
211694,185.171.162.0,255.255.255.0,15412
49709,185.172.180.0,255.255.252.0,6939
206579,185.172.208.0,255.255.252.0,6939
206890,185.172.240.0,255.255.252.0,6939
44102,185.173.81.0,255.255.255.0,8966
57777,185.173.128.0,255.255.255.0,35280
206873,185.173.176.0,255.255.255.0,8359
206389,185.173.216.0,255.255.252.0,6939
206478,185.174.32.0,255.255.252.0,35280
204668,185.175.8.0,255.255.254.0,15412
206836,185.175.24.0,255.255.252.0,6939
216257,185.176.20.0,255.255.252.0,703
206784,185.176.136.0,255.255.252.0,6939
39845,185.176.220.0,255.255.252.0,8359
206568,185.176.232.0,255.255.255.0,6939
3262,185.177.40.0,255.255.255.0,6939
206755,185.177.58.0,255.255.255.0,8966
49755,185.177.112.0,255.255.255.0,41095
29670,185.177.204.0,255.255.252.0,6939
209246,185.177.209.0,255.255.255.0,15412
20592,185.178.96.0,255.255.252.0,4637
21182,185.178.156.0,255.255.252.0,4637
5435,185.178.224.0,255.255.255.0,6939
206674,185.179.56.0,255.255.254.0,6939
200348,185.179.89.0,255.255.255.0,8966
212269,185.179.100.0,255.255.255.0,6939
24823,185.179.144.0,255.255.252.0,8966
206078,185.180.32.0,255.255.255.0,15412
206652,185.180.36.0,255.255.255.0,6939
5463,185.180.68.0,255.255.252.0,6939
206640,185.180.112.0,255.255.252.0,6939
206530,185.180.146.0,255.255.255.0,15412
12564,185.181.148.0,255.255.252.0,4637
8859,185.181.188.0,255.255.252.0,6939
206589,185.182.96.0,255.255.252.0,6939
42687,185.182.168.0,255.255.252.0,35280
206571,185.182.176.0,255.255.254.0,6939
13249,185.183.108.0,255.255.252.0,6939
205790,185.183.126.0,255.255.255.0,35280
206529,185.183.184.0,255.255.252.0,6939
61064,185.183.224.0,255.255.254.0,6939
206454,185.183.226.0,255.255.254.0,6939
43653,185.183.232.0,255.255.252.0,6939
209635,185.185.79.0,255.255.255.0,15412
208693,185.185.204.0,255.255.252.0,15412
49964,185.185.231.0,255.255.255.0,15412
43414,185.185.244.0,255.255.252.0,6939
43409,185.185.252.0,255.255.252.0,8359
55207,185.186.8.0,255.255.255.0,4637
202562,185.186.10.0,255.255.255.0,8966
206432,185.186.156.0,255.255.252.0,6939
60580,185.186.184.0,255.255.252.0,8359
206350,185.186.206.0,255.255.255.0,4637
44033,185.186.216.0,255.255.252.0,6939
206404,185.187.68.0,255.255.255.0,8966
43332,185.187.80.0,255.255.254.0,8359
216066,185.187.101.0,255.255.255.0,6939
206369,185.188.116.0,255.255.252.0,6939
206322,185.188.136.0,255.255.255.0,703
206194,185.188.188.0,255.255.254.0,6939
206324,185.189.144.0,255.255.252.0,703
206319,185.189.212.0,255.255.252.0,6939
43228,185.190.104.0,255.255.254.0,41095
206295,185.190.120.0,255.255.252.0,8359
206135,185.190.160.0,255.255.252.0,8966
16298,185.190.232.0,255.255.252.0,49544
205926,185.191.96.0,255.255.255.0,6939
60167,185.192.48.0,255.255.252.0,6939
208444,185.192.170.0,255.255.254.0,6939
206094,185.192.240.0,255.255.252.0,6939
29504,185.193.84.0,255.255.252.0,4637
42913,185.193.151.0,255.255.255.0,6939
206201,185.193.180.0,255.255.255.0,15412
62035,185.193.244.0,255.255.252.0,35280
197869,185.194.92.0,255.255.252.0,8966
207080,185.194.113.0,255.255.255.0,6939
205099,185.194.202.0,255.255.254.0,6939
200274,185.194.224.0,255.255.252.0,6939
208034,185.194.248.0,255.255.255.0,6939
205976,185.195.140.0,255.255.252.0,7713
39068,185.195.152.0,255.255.255.0,8359
42696,185.195.154.0,255.255.255.0,41095
49600,185.196.43.0,255.255.255.0,6939
212576,185.196.62.0,255.255.255.0,15412
206101,185.196.112.0,255.255.255.0,8966
202661,185.197.40.0,255.255.252.0,6939
59570,185.197.133.0,255.255.255.0,4637
213151,185.197.135.0,255.255.255.0,6939
211083,185.198.70.0,255.255.255.0,6939
203605,185.198.192.0,255.255.254.0,6939
203932,185.198.241.0,255.255.255.0,6939
205985,185.199.48.0,255.255.255.0,8966
205996,185.199.164.0,255.255.252.0,6939
205443,185.199.252.0,255.255.252.0,6939
205943,185.201.69.0,255.255.255.0,4637
211084,185.201.255.0,255.255.255.0,6939
48708,185.202.79.0,255.255.255.0,15412
210333,185.202.96.0,255.255.254.0,6939
51658,185.202.133.0,255.255.255.0,6939
42411,185.202.140.0,255.255.255.0,8966
8245,185.202.192.0,255.255.252.0,6939
208354,185.203.24.0,255.255.252.0,703
205689,185.203.56.0,255.255.252.0,6939
205856,185.203.252.0,255.255.252.0,6939
205845,185.204.120.0,255.255.252.0,35280
49565,185.204.155.0,255.255.255.0,7713
28979,185.204.240.0,255.255.254.0,6939
208310,185.204.251.0,255.255.255.0,15412
57684,185.205.212.0,255.255.252.0,15412
29097,185.206.0.0,255.255.252.0,6939
212686,185.206.8.0,255.255.255.0,15412
202254,185.206.71.0,255.255.255.0,6939
205780,185.206.96.0,255.255.255.0,8966
42207,185.206.184.0,255.255.252.0,4637
202550,185.206.252.0,255.255.255.0,6939
42149,185.207.24.0,255.255.252.0,8359
12630,185.207.84.0,255.255.252.0,7713
41232,185.207.140.0,255.255.252.0,6939
205755,185.207.192.0,255.255.255.0,6939
205726,185.208.56.0,255.255.255.0,15412
42083,185.208.100.0,255.255.255.0,6939
57999,185.209.56.0,255.255.252.0,4637
205685,185.209.68.0,255.255.254.0,6939
204568,185.209.70.0,255.255.254.0,6939
205687,185.209.172.0,255.255.252.0,6939
210265,185.209.243.0,255.255.255.0,6939
205674,185.209.248.0,255.255.252.0,6939
12762,185.210.12.0,255.255.252.0,6939
49432,185.210.224.0,255.255.255.0,6939
215510,185.210.225.0,255.255.255.0,703
56883,185.211.43.0,255.255.255.0,6939
205620,185.211.64.0,255.255.252.0,8966
41779,185.211.108.0,255.255.252.0,6939
61399,185.211.228.0,255.255.252.0,41095
50138,185.212.9.0,255.255.255.0,4637
21140,185.212.88.0,255.255.254.0,41095
34191,185.213.32.0,255.255.252.0,15412
205572,185.213.84.0,255.255.252.0,8966
214164,185.213.114.0,255.255.255.0,6939
205570,185.213.170.0,255.255.255.0,8966
215875,185.213.188.0,255.255.252.0,8966
208056,185.213.212.0,255.255.254.0,41095
29132,185.213.224.0,255.255.252.0,6939
205558,185.214.32.0,255.255.255.0,6939
205543,185.214.236.0,255.255.255.0,6939
48084,185.214.246.0,255.255.255.0,8359
205535,185.215.20.0,255.255.252.0,6939
210834,185.215.70.0,255.255.255.0,4637
213150,185.216.11.0,255.255.255.0,8966
205504,185.216.44.0,255.255.255.0,6939
209254,185.216.96.0,255.255.255.0,6939
47929,185.216.208.0,255.255.255.0,8359
209989,185.216.211.0,255.255.255.0,8359
211482,185.217.28.0,255.255.255.0,703
47864,185.217.60.0,255.255.255.0,41095
41303,185.217.72.0,255.255.252.0,6939
57407,185.217.80.0,255.255.252.0,6939
212321,185.217.142.0,255.255.255.0,6939
204860,185.217.234.0,255.255.254.0,4637
205460,185.218.8.0,255.255.255.0,8359
42357,185.218.196.0,255.255.255.0,35280
45017,185.218.202.0,255.255.254.0,4637
41206,185.219.48.0,255.255.252.0,6939
56327,185.219.224.0,255.255.252.0,6939
205385,185.220.48.0,255.255.252.0,6939
202509,185.220.76.0,255.255.252.0,4637
205375,185.220.84.0,255.255.252.0,6939
212911,185.220.119.0,255.255.255.0,6939
24956,185.220.200.0,255.255.252.0,6939
205929,185.221.61.0,255.255.255.0,4637
213054,185.221.244.0,255.255.255.0,6939
211633,185.221.245.0,255.255.255.0,6939
215782,185.221.246.0,255.255.255.0,6939
20612,185.222.12.0,255.255.252.0,35280
51826,185.222.60.0,255.255.255.0,6939
205313,185.222.72.0,255.255.255.0,8966
41061,185.222.180.0,255.255.252.0,8966
207653,185.223.22.0,255.255.255.0,6939
34422,185.223.72.0,255.255.252.0,6939
150158,185.223.154.0,255.255.255.0,7713
41690,185.223.156.0,255.255.252.0,6939
205260,185.223.196.0,255.255.252.0,6939
205244,185.224.100.0,255.255.255.0,703
12070,185.224.168.0,255.255.255.0,9304
61280,185.224.228.0,255.255.255.0,8359
205119,185.225.28.0,255.255.255.0,6939
205198,185.225.48.0,255.255.252.0,703
205010,185.226.32.0,255.255.252.0,6939
209846,185.227.156.0,255.255.255.0,35280
205168,185.227.168.0,255.255.252.0,4637
205146,185.227.188.0,255.255.254.0,6939
208145,185.227.190.0,255.255.255.0,6939
211047,185.227.192.0,255.255.252.0,6939
31061,185.228.60.0,255.255.252.0,6939
198539,185.228.112.0,255.255.254.0,8359
33932,185.228.173.0,255.255.255.0,6939
39614,185.228.176.0,255.255.255.0,703
41952,185.228.206.0,255.255.255.0,6939
207715,185.229.100.0,255.255.252.0,15412
273829,185.229.216.0,255.255.255.0,8966
57263,185.230.28.0,255.255.252.0,6939
205103,185.230.68.0,255.255.252.0,6939
205098,185.230.152.0,255.255.252.0,6939
205105,185.230.168.0,255.255.252.0,6939
205093,185.230.236.0,255.255.255.0,6939
210350,185.230.239.0,255.255.255.0,6939
42989,185.231.4.0,255.255.255.0,35280
205074,185.231.12.0,255.255.255.0,6939
38965,185.231.57.0,255.255.255.0,8966
212086,185.231.64.0,255.255.255.0,41095
205075,185.231.80.0,255.255.255.0,15412
204609,185.231.88.0,255.255.252.0,6939
205041,185.231.188.0,255.255.252.0,6939
209385,185.232.124.0,255.255.254.0,6939
205894,185.232.176.0,255.255.252.0,8966
211999,185.232.234.0,255.255.255.0,4637
60274,185.233.67.0,255.255.255.0,6939
39533,185.233.141.0,255.255.255.0,15412
216107,185.234.20.0,255.255.255.0,4637
39691,185.234.224.0,255.255.252.0,4637
211925,185.235.62.0,255.255.255.0,15412
211918,185.235.140.0,255.255.255.0,35280
42369,185.235.147.0,255.255.255.0,703
211850,185.235.207.0,255.255.255.0,4637
204906,185.235.248.0,255.255.252.0,6939
204869,185.236.0.0,255.255.252.0,6939
39419,185.237.24.0,255.255.252.0,35280
205160,185.237.167.0,255.255.255.0,8966
206055,185.238.118.0,255.255.254.0,6939
204809,185.238.156.0,255.255.252.0,6939
198046,185.238.173.0,255.255.255.0,6939
62067,185.238.208.0,255.255.255.0,6939
210896,185.239.24.0,255.255.255.0,4637
44294,185.239.25.0,255.255.255.0,4637
200573,185.239.40.0,255.255.255.0,6939
43268,185.239.152.0,255.255.252.0,8359
204798,185.239.177.0,255.255.255.0,703
61282,185.239.220.0,255.255.252.0,6939
13058,185.240.52.0,255.255.252.0,6939
204772,185.240.220.0,255.255.252.0,6939
211785,185.241.11.0,255.255.255.0,6939
33309,185.241.46.0,255.255.255.0,4637
210844,185.241.62.0,255.255.255.0,8966
214401,185.241.152.0,255.255.252.0,4637
200748,185.241.180.0,255.255.252.0,6939
204751,185.241.188.0,255.255.252.0,6939
206359,185.242.136.0,255.255.255.0,6939
202395,185.242.208.0,255.255.252.0,6939
207346,185.242.216.0,255.255.255.0,703
202418,185.242.227.0,255.255.255.0,4637
210321,185.242.248.0,255.255.255.0,8966
203038,185.243.23.0,255.255.255.0,4637
48693,185.243.96.0,255.255.255.0,8359
201531,185.243.228.0,255.255.252.0,6939
209920,185.244.16.0,255.255.255.0,15412
202585,185.244.24.0,255.255.255.0,8966
60552,185.244.84.0,255.255.252.0,6939
213052,185.244.162.0,255.255.255.0,35280
200887,185.244.236.0,255.255.255.0,15412
204538,185.245.204.0,255.255.252.0,6939
204562,185.245.240.0,255.255.252.0,8966
204564,185.246.192.0,255.255.252.0,8966
204522,185.246.204.0,255.255.255.0,6939
207046,185.247.5.0,255.255.255.0,8966
12399,185.247.40.0,255.255.252.0,6939
49436,185.248.188.0,255.255.252.0,6939
208877,185.249.92.0,255.255.252.0,15412
204409,185.249.112.0,255.255.252.0,6939
34428,185.249.157.0,255.255.255.0,6939
202393,185.249.228.0,255.255.252.0,703
51092,185.250.0.0,255.255.252.0,8966
42330,185.250.8.0,255.255.255.0,15412
204403,185.250.16.0,255.255.252.0,6939
204394,185.250.100.0,255.255.252.0,6939
211669,185.251.15.0,255.255.255.0,703
204376,185.251.84.0,255.255.254.0,6939
60354,185.251.115.0,255.255.255.0,6939
203582,185.252.80.0,255.255.252.0,15412
204332,185.252.88.0,255.255.252.0,6939
201750,185.252.116.0,255.255.255.0,7713
200249,185.252.140.0,255.255.252.0,6939
13054,185.253.12.0,255.255.252.0,6939
48989,185.253.20.0,255.255.255.0,8966
211623,185.253.58.0,255.255.255.0,4637
204310,185.253.172.0,255.255.255.0,6939
204297,185.253.180.0,255.255.252.0,8359
204309,185.253.200.0,255.255.252.0,6939
211029,185.253.245.0,255.255.255.0,35280
39224,185.253.252.0,255.255.252.0,15412
210256,185.254.7.0,255.255.255.0,6939
200271,185.255.84.0,255.255.252.0,6939
204333,185.255.121.0,255.255.255.0,6939
270520,186.0.144.0,255.255.252.0,4637
27837,186.1.160.0,255.255.255.0,8966
52260,186.1.192.0,255.255.240.0,6939
52262,186.2.128.0,255.255.255.0,6939
263175,186.2.244.0,255.255.252.0,703
27964,186.4.64.0,255.255.192.0,4637
26426,186.5.130.0,255.255.255.0,6939
52384,186.5.224.0,255.255.252.0,4637
270923,186.26.68.0,255.255.252.0,8966
270927,186.26.84.0,255.255.255.0,8966
270938,186.26.92.0,255.255.252.0,8966
263181,186.38.30.0,255.255.254.0,4637
5639,186.44.0.0,255.254.0.0,703
270664,186.65.92.0,255.255.252.0,4637
266142,186.65.104.0,255.255.252.0,8966
52473,186.148.120.0,255.255.248.0,4637
27695,186.159.64.0,255.255.224.0,4637
27717,186.167.0.0,255.255.128.0,4637
16814,186.189.224.0,255.255.240.0,6939
26505,186.190.240.0,255.255.240.0,6939
262727,186.192.64.0,255.255.240.0,8966
262516,186.192.160.0,255.255.240.0,8966
53133,186.192.192.0,255.255.240.0,8966
28145,186.192.224.0,255.255.240.0,15412
53134,186.193.0.0,255.255.240.0,4637
262708,186.193.32.0,255.255.240.0,4637
28191,186.193.176.0,255.255.240.0,4637
28249,186.194.81.0,255.255.255.0,4637
53141,186.194.128.0,255.255.248.0,6939
270820,186.194.168.0,255.255.252.0,8966
270766,186.194.172.0,255.255.252.0,8966
262734,186.195.0.0,255.255.240.0,6939
53102,186.195.48.0,255.255.240.0,8966
262737,186.195.128.0,255.255.240.0,4637
274676,186.195.167.0,255.255.255.0,8966
270874,186.195.244.0,255.255.254.0,4637
262713,186.208.0.0,255.255.240.0,4637
262741,186.208.176.0,255.255.240.0,4637
28610,186.209.88.0,255.255.252.0,8966
271409,186.209.160.0,255.255.252.0,8966
271324,186.209.172.0,255.255.252.0,4637
53154,186.209.224.0,255.255.240.0,4637
53156,186.211.0.0,255.255.240.0,6939
14840,186.211.128.0,255.255.248.0,6939
262663,186.216.0.0,255.255.255.0,8966
262753,186.216.160.0,255.255.224.0,8966
52973,186.216.192.0,255.255.240.0,4637
262989,186.216.208.0,255.255.248.0,4637
264096,186.216.224.0,255.255.240.0,8966
53166,186.217.0.0,255.255.0.0,4637
270071,186.219.48.0,255.255.254.0,703
28218,186.219.64.0,255.255.255.0,6939
52888,186.219.80.0,255.255.240.0,4637
262970,186.219.184.0,255.255.248.0,8966
270608,186.219.232.0,255.255.252.0,4637
28142,186.224.64.0,255.255.240.0,8966
262757,186.224.96.0,255.255.240.0,8966
28189,186.224.192.0,255.255.240.0,4637
270622,186.224.197.0,255.255.255.0,8966
262762,186.225.160.0,255.255.254.0,4637
53174,186.225.192.0,255.255.240.0,4637
263101,186.225.208.0,255.255.248.0,4637
262999,186.226.176.0,255.255.240.0,4637
262764,186.226.192.0,255.255.248.0,4637
263011,186.226.240.0,255.255.254.0,8966
53182,186.227.16.0,255.255.240.0,8966
273431,186.227.76.0,255.255.252.0,4637
53185,186.227.80.0,255.255.248.0,4637
263278,186.227.124.0,255.255.252.0,8966
263287,186.227.190.0,255.255.254.0,8966
262779,186.227.240.0,255.255.252.0,8966
263056,186.232.8.0,255.255.255.0,8966
262766,186.232.16.0,255.255.240.0,8966
262614,186.232.61.0,255.255.255.0,8966
263062,186.232.108.0,255.255.252.0,8966
263059,186.232.152.0,255.255.248.0,8966
53194,186.232.160.0,255.255.240.0,8966
262772,186.232.176.0,255.255.252.0,15412
61607,186.232.243.0,255.255.255.0,703
270890,186.233.4.0,255.255.252.0,6939
262778,186.233.8.0,255.255.255.0,8966
273697,186.233.102.0,255.255.254.0,8966
263075,186.233.120.0,255.255.248.0,4637
52891,186.233.143.0,255.255.255.0,4637
263076,186.233.152.0,255.255.248.0,8966
7162,186.234.16.0,255.255.255.0,4637
13878,186.234.192.0,255.255.224.0,4637
19089,186.234.228.0,255.255.252.0,4637
263096,186.235.48.0,255.255.248.0,8966
273785,186.235.88.0,255.255.252.0,8966
28239,186.235.112.0,255.255.248.0,8966
53202,186.235.128.0,255.255.252.0,8966
61888,186.235.184.0,255.255.252.0,4637
53205,186.235.224.0,255.255.248.0,8966
28219,186.236.224.0,255.255.240.0,4637
263638,186.236.240.0,255.255.254.0,4637
262968,186.237.56.0,255.255.255.0,4637
262799,186.237.64.0,255.255.240.0,8966
270624,186.237.100.0,255.255.252.0,6939
270625,186.237.104.0,255.255.252.0,4637
263553,186.237.152.0,255.255.252.0,8966
61583,186.237.240.0,255.255.248.0,4637
23106,186.248.0.0,255.255.0.0,4637
263022,186.249.16.0,255.255.248.0,4637
28195,186.249.32.0,255.255.248.0,8966
263023,186.249.48.0,255.255.240.0,8966
262822,186.249.64.0,255.255.240.0,703
263024,186.249.80.0,255.255.240.0,8966
263576,186.249.220.0,255.255.255.0,4637
263027,186.249.240.0,255.255.248.0,15412
264141,186.250.96.0,255.255.248.0,8966
262812,186.250.112.0,255.255.252.0,4637
262818,186.250.160.0,255.255.252.0,8966
53216,186.250.176.0,255.255.248.0,8966
53219,186.250.224.0,255.255.254.0,6939
53221,186.250.240.0,255.255.248.0,4637
270752,186.251.32.0,255.255.252.0,8966
52622,186.251.62.0,255.255.254.0,4637
262834,186.251.192.0,255.255.248.0,703
274743,186.251.212.0,255.255.254.0,8966
262839,186.251.240.0,255.255.248.0,8966
262751,187.0.16.0,255.255.240.0,8966
270589,187.0.44.0,255.255.252.0,4637
28352,187.0.48.0,255.255.240.0,8966
263128,187.0.168.0,255.255.248.0,8966
61609,187.0.236.0,255.255.255.0,8966
263162,187.16.0.0,255.255.255.0,8966
28261,187.17.0.0,255.255.254.0,8966
28285,187.17.16.0,255.255.240.0,4637
270607,187.17.132.0,255.255.252.0,8966
270596,187.17.136.0,255.255.255.0,8966
28263,187.17.160.0,255.255.240.0,4637
28121,187.18.16.0,255.255.240.0,8966
273772,187.19.0.0,255.255.240.0,8966
28125,187.19.16.0,255.255.240.0,4637
263080,187.33.48.0,255.255.248.0,8966
28194,187.33.56.0,255.255.248.0,8966
28661,187.33.64.0,255.255.224.0,8966
262693,187.33.128.0,255.255.255.0,8966
262694,187.33.176.0,255.255.240.0,8966
53086,187.33.192.0,255.255.240.0,8966
263320,187.45.133.0,255.255.255.0,8966
28140,187.49.32.0,255.255.255.0,8966
28143,187.49.96.0,255.255.240.0,4637
28144,187.49.112.0,255.255.240.0,6939
272750,187.49.148.0,255.255.252.0,4637
28644,187.60.224.0,255.255.240.0,4637
269719,187.62.64.0,255.255.254.0,8966
269713,187.62.76.0,255.255.252.0,8966
269720,187.62.96.0,255.255.252.0,4637
270244,187.62.100.0,255.255.252.0,8966
28159,187.62.128.0,255.255.240.0,4637
262662,187.62.176.0,255.255.240.0,4637
53111,187.63.100.0,255.255.255.0,703
262667,187.63.113.0,255.255.255.0,4637
271494,187.63.152.0,255.255.254.0,8966
53097,187.63.208.0,255.255.240.0,8966
28170,187.63.243.0,255.255.255.0,4637
263621,187.73.112.0,255.255.240.0,703
28576,187.73.128.0,255.255.248.0,8966
28654,187.73.160.0,255.255.240.0,8966
270543,187.73.188.0,255.255.252.0,703
262676,187.73.224.0,255.255.240.0,4637
53051,187.84.16.0,255.255.240.0,8966
53052,187.84.32.0,255.255.252.0,8966
52850,187.84.80.0,255.255.240.0,6939
8055,187.84.96.0,255.255.240.0,8966
274685,187.84.144.0,255.255.254.0,4637
53061,187.85.128.0,255.255.240.0,4637
270986,187.86.168.0,255.255.252.0,8966
271138,187.86.196.0,255.255.252.0,4637
263146,187.86.200.0,255.255.248.0,6939
53072,187.86.240.0,255.255.240.0,8966
61610,187.87.28.0,255.255.252.0,8966
262686,187.87.144.0,255.255.255.0,8966
262687,187.87.192.0,255.255.255.0,4637
262690,187.87.240.0,255.255.240.0,8966
270577,187.94.12.0,255.255.252.0,8966
262684,187.94.32.0,255.255.240.0,8966
53124,187.94.48.0,255.255.255.0,6939
270593,187.95.216.0,255.255.254.0,6939
270528,187.95.220.0,255.255.255.0,4637
53095,187.102.48.0,255.255.240.0,8966
271458,187.102.111.0,255.255.255.0,4637
270743,187.102.198.0,255.255.254.0,8966
262702,187.103.80.0,255.255.240.0,8966
53100,187.103.128.0,255.255.240.0,8966
270522,187.103.192.0,255.255.252.0,8966
270523,187.103.196.0,255.255.252.0,4637
262674,187.108.80.0,255.255.240.0,4637
28124,187.108.224.0,255.255.240.0,8966
262706,187.109.32.0,255.255.254.0,8966
20406,187.109.44.0,255.255.255.0,8966
272753,187.109.112.0,255.255.252.0,4637
273798,187.109.121.0,255.255.255.0,8966
53115,187.109.192.0,255.255.240.0,15412
262498,187.109.208.0,255.255.240.0,4637
270772,187.110.156.0,255.255.252.0,8966
262710,187.111.32.0,255.255.240.0,8966
53147,187.111.80.0,255.255.240.0,6939
262714,187.111.96.0,255.255.240.0,8966
271694,187.111.124.0,255.255.252.0,8966
53123,187.111.192.0,255.255.248.0,8966
270550,187.120.168.0,255.255.255.0,8966
53140,187.120.192.0,255.255.240.0,4637
262722,187.120.224.0,255.255.252.0,8966
53130,187.120.240.0,255.255.240.0,8966
270921,187.121.152.0,255.255.252.0,4637
270918,187.121.156.0,255.255.252.0,6939
28296,187.121.236.0,255.255.252.0,4637
46090,187.174.66.0,255.255.255.0,4637
18592,187.251.32.0,255.255.224.0,8966
57261,188.0.0.0,255.255.224.0,8359
198007,188.0.32.0,255.255.248.0,6939
57201,188.0.48.0,255.255.240.0,8359
49640,188.64.120.0,255.255.248.0,8966
60561,188.64.137.0,255.255.255.0,8359
12906,188.65.0.0,255.255.248.0,35280
204934,188.68.64.0,255.255.240.0,4637
200178,188.72.20.0,255.255.255.0,8966
215013,188.72.103.0,255.255.255.0,41095
211597,188.74.96.0,255.255.224.0,15412
48209,188.75.0.0,255.255.224.0,8359
203558,188.75.71.0,255.255.255.0,8966
196735,188.75.128.0,255.255.192.0,6939
9032,188.92.176.0,255.255.252.0,8359
49254,188.92.208.0,255.255.248.0,15412
215553,188.93.116.0,255.255.255.0,4637
35779,188.93.124.0,255.255.252.0,4637
52143,188.94.0.0,255.255.255.0,6939
49368,188.94.32.0,255.255.248.0,8359
19305,188.94.128.0,255.255.248.0,4637
210357,188.95.92.0,255.255.255.0,8966
205030,188.114.88.0,255.255.254.0,6939
215253,188.122.23.0,255.255.255.0,4637
209901,188.125.156.0,255.255.255.0,6939
205026,188.130.140.0,255.255.255.0,4637
205641,188.130.255.0,255.255.255.0,8966
56407,188.190.128.0,255.255.248.0,8359
28773,188.190.160.0,255.255.224.0,8359
207744,188.190.192.0,255.255.224.0,8359
203706,188.191.146.0,255.255.255.0,8359
50577,188.191.160.0,255.255.248.0,41095
197620,188.191.200.0,255.255.248.0,6939
31732,188.209.155.0,255.255.255.0,4637
202637,188.213.48.0,255.255.255.0,15412
62030,188.214.124.0,255.255.255.0,15412
12754,188.225.128.0,255.255.128.0,703
214816,188.227.48.0,255.255.252.0,15412
44416,188.239.192.0,255.255.192.0,8359
16192,188.241.48.0,255.255.255.0,15412
47114,188.246.96.0,255.255.240.0,6939
51331,188.246.114.0,255.255.255.0,4637
28666,189.1.160.0,255.255.240.0,8966
26609,189.8.0.0,255.255.192.0,6939
52950,189.8.128.0,255.255.128.0,8966
270836,189.14.112.0,255.255.252.0,8966
14282,189.14.240.0,255.255.240.0,6939
28293,189.28.32.0,255.255.224.0,8966
270600,189.36.128.0,255.255.252.0,8966
28308,189.36.192.0,255.255.240.0,4637
270796,189.36.252.0,255.255.252.0,703
28295,189.39.64.0,255.255.240.0,4637
28305,189.39.96.0,255.255.240.0,6939
268940,189.39.176.0,255.255.252.0,6939
270838,189.39.180.0,255.255.252.0,8966
270792,189.39.184.0,255.255.255.0,4637
270673,189.45.180.0,255.255.252.0,8966
270674,189.45.188.0,255.255.252.0,8966
28324,189.50.16.0,255.255.240.0,8966
28326,189.50.40.0,255.255.248.0,4637
270905,189.50.52.0,255.255.252.0,8966
270907,189.50.56.0,255.255.255.0,8966
23105,189.50.176.0,255.255.240.0,4637
270551,189.50.220.0,255.255.252.0,8966
22177,189.51.0.0,255.255.255.0,4637
263349,189.51.96.0,255.255.224.0,4637
270794,189.51.164.0,255.255.252.0,4637
270111,189.51.168.0,255.255.255.0,6939
270538,189.84.36.0,255.255.254.0,8966
271686,189.84.48.0,255.255.252.0,8966
273886,189.84.60.0,255.255.254.0,4637
270893,189.84.100.0,255.255.252.0,8966
28172,189.84.192.0,255.255.240.0,4637
28176,189.85.0.0,255.255.255.0,4637
270644,189.85.44.0,255.255.255.0,8966
28177,189.85.64.0,255.255.252.0,4637
270500,189.85.96.0,255.255.255.0,8966
270560,189.85.104.0,255.255.252.0,8966
270553,189.85.108.0,255.255.252.0,8966
270561,189.85.116.0,255.255.255.0,8966
273590,189.85.120.0,255.255.254.0,4637
11844,189.85.160.0,255.255.224.0,4637
28184,189.89.64.0,255.255.254.0,8966
262749,189.89.80.0,255.255.240.0,703
272772,189.89.252.0,255.255.254.0,8966
28193,189.90.64.0,255.255.240.0,8966
28197,189.90.160.0,255.255.240.0,8966
27988,189.90.228.0,255.255.254.0,4637
28204,189.91.48.0,255.255.240.0,8966
271300,189.91.172.0,255.255.252.0,4637
10938,189.91.208.0,255.255.240.0,4637
22431,189.113.16.0,255.255.240.0,6939
28215,189.113.144.0,255.255.240.0,4637
270333,189.113.176.0,255.255.252.0,4637
270344,189.126.4.0,255.255.252.0,8966
270398,189.126.10.0,255.255.254.0,8966
28225,189.126.64.0,255.255.240.0,8966
40356,189.126.136.0,255.255.255.0,703
28229,189.126.224.0,255.255.248.0,8966
28232,189.127.32.0,255.255.240.0,8966
270711,189.127.128.0,255.255.254.0,8966
270701,189.127.132.0,255.255.254.0,8966
270706,189.127.152.0,255.255.252.0,8966
270713,189.127.176.0,255.255.254.0,8966
28234,189.127.192.0,255.255.240.0,8966
28438,189.201.128.0,255.255.192.0,6939
7438,189.201.226.0,255.255.255.0,6939
269705,189.201.248.0,255.255.252.0,703
28513,189.247.245.0,255.255.255.0,6939
28111,190.0.160.0,255.255.255.0,6939
270317,190.2.64.0,255.255.254.0,8966
28008,190.2.192.0,255.255.255.0,6939
271185,190.5.208.0,255.255.252.0,4637
21599,190.5.224.0,255.255.240.0,4637
26105,190.5.241.0,255.255.255.0,4637
27975,190.7.96.0,255.255.240.0,8966
27908,190.7.160.0,255.255.240.0,6939
271011,190.8.172.0,255.255.252.0,8966
28096,190.9.56.0,255.255.248.0,4637
271586,190.9.64.0,255.255.252.0,8966
271642,190.9.76.0,255.255.252.0,6939
271595,190.9.84.0,255.255.252.0,8966
273639,190.9.112.0,255.255.252.0,8966
271590,190.9.116.0,255.255.252.0,4637
270653,190.11.212.0,255.255.254.0,8966
270654,190.11.216.0,255.255.252.0,8966
52348,190.14.40.0,255.255.248.0,4637
27659,190.14.48.0,255.255.240.0,4637
22541,190.14.64.0,255.255.255.0,4637
211397,190.14.102.0,255.255.255.0,4637
27879,190.15.192.0,255.255.224.0,4637
6429,190.54.0.0,255.255.128.0,15412
23487,190.63.0.0,255.255.0.0,8966
270320,190.83.4.0,255.255.252.0,8966
270336,190.83.24.0,255.255.252.0,8966
270337,190.83.48.0,255.255.254.0,4637
270354,190.83.56.0,255.255.255.0,4637
270340,190.83.84.0,255.255.252.0,703
270341,190.83.96.0,255.255.254.0,4637
270342,190.83.100.0,255.255.255.0,6939
270332,190.83.108.0,255.255.252.0,6939
269940,190.83.116.0,255.255.255.0,8966
270425,190.83.120.0,255.255.252.0,4637
270399,190.89.4.0,255.255.252.0,8966
270346,190.89.8.0,255.255.254.0,8966
270350,190.89.20.0,255.255.255.0,8966
270365,190.89.34.0,255.255.255.0,4637
270358,190.89.72.0,255.255.252.0,4637
270359,190.89.76.0,255.255.252.0,8966
270364,190.89.92.0,255.255.252.0,8966
270372,190.89.108.0,255.255.252.0,8966
270393,190.89.140.0,255.255.254.0,4637
270374,190.89.152.0,255.255.252.0,8966
270389,190.89.180.0,255.255.252.0,8966
52235,190.99.64.0,255.255.252.0,4637
262259,190.99.112.0,255.255.252.0,4637
273204,190.102.124.0,255.255.255.0,6939
13316,190.103.0.0,255.255.252.0,6939
52363,190.104.32.0,255.255.255.0,4637
52290,190.105.164.0,255.255.252.0,4637
28022,190.106.64.0,255.255.240.0,8966
271010,190.106.88.0,255.255.252.0,4637
270995,190.106.92.0,255.255.252.0,8966
270643,190.106.232.0,255.255.252.0,4637
271189,190.107.88.0,255.255.252.0,8966
271181,190.107.92.0,255.255.255.0,8966
20255,190.108.0.0,255.255.224.0,8966
52253,190.108.196.0,255.255.252.0,6939
264226,190.109.68.0,255.255.252.0,8966
264227,190.109.76.0,255.255.252.0,8966
272710,190.109.100.0,255.255.252.0,8966
271232,190.109.112.0,255.255.252.0,4637
271945,190.110.32.0,255.255.255.0,6939
27978,190.110.157.0,255.255.255.0,15412
52300,190.110.176.0,255.255.248.0,4637
264797,190.110.248.0,255.255.254.0,4637
273480,190.111.96.0,255.255.252.0,8966
11514,190.111.112.0,255.255.255.0,4637
270421,190.111.188.0,255.255.254.0,4637
52317,190.112.40.0,255.255.252.0,4637
28048,190.112.64.0,255.255.248.0,15412
269708,190.112.140.0,255.255.252.0,8966
269712,190.112.156.0,255.255.252.0,8966
27996,190.114.232.0,255.255.248.0,4637
270548,190.115.68.0,255.255.254.0,8966
270454,190.115.76.0,255.255.254.0,6939
270455,190.115.80.0,255.255.252.0,8966
270447,190.115.88.0,255.255.252.0,4637
270448,190.115.92.0,255.255.252.0,8966
52409,190.120.176.0,255.255.240.0,4637
270823,190.120.236.0,255.255.252.0,8966
270928,190.123.2.0,255.255.255.0,8966
265540,190.123.10.0,255.255.255.0,15412
52389,190.123.16.0,255.255.252.0,6939
52391,190.123.20.0,255.255.255.0,6939
27877,190.123.96.0,255.255.240.0,4637
266253,190.123.192.0,255.255.252.0,8966
266195,190.123.200.0,255.255.252.0,8966
266214,190.123.204.0,255.255.252.0,6939
27928,190.123.224.0,255.255.255.0,8966
27678,190.124.24.0,255.255.255.0,8966
52304,190.124.27.0,255.255.255.0,4637
270860,190.124.244.0,255.255.252.0,8966
52269,190.143.127.0,255.255.255.0,4637
27708,190.151.176.0,255.255.255.0,8966
26613,190.152.251.0,255.255.255.0,15412
27893,190.170.64.0,255.255.192.0,8966
25620,190.171.192.0,255.255.192.0,4637
28035,190.210.54.0,255.255.255.0,15412
52256,190.255.44.0,255.255.255.0,6939
19611,191.4.0.0,255.255.0.0,4637
263535,191.5.96.0,255.255.248.0,8966
263536,191.5.128.0,255.255.240.0,8966
263541,191.5.164.0,255.255.252.0,4637
61903,191.6.6.0,255.255.255.0,4637
263546,191.6.16.0,255.255.240.0,8966
263548,191.6.64.0,255.255.254.0,4637
273744,191.7.2.0,255.255.255.0,8966
273394,191.7.32.0,255.255.255.0,8966
263309,191.7.35.0,255.255.255.0,8966
263310,191.7.40.0,255.255.248.0,8966
263311,191.7.48.0,255.255.248.0,8966
271014,191.7.104.0,255.255.252.0,8966
263322,191.7.160.0,255.255.248.0,8966
263329,191.7.188.0,255.255.252.0,6939
263327,191.7.192.0,255.255.224.0,8966
263336,191.36.168.0,255.255.248.0,8966
263339,191.36.192.0,255.255.240.0,703
263340,191.36.216.0,255.255.252.0,4637
263342,191.36.224.0,255.255.252.0,8966
263345,191.36.240.0,255.255.240.0,4637
263346,191.37.0.0,255.255.254.0,8966
263353,191.37.64.0,255.255.252.0,8966
263357,191.37.96.0,255.255.224.0,4637
263362,191.37.152.0,255.255.248.0,8966
263363,191.37.160.0,255.255.248.0,8966
263372,191.37.208.0,255.255.248.0,8966
263374,191.37.224.0,255.255.248.0,8966
263257,191.37.255.0,255.255.255.0,4637
263165,191.52.248.0,255.255.248.0,8966
210977,191.96.96.0,255.255.255.0,6939
9280,191.96.214.0,255.255.255.0,4637
263209,191.97.68.0,255.255.252.0,4637
201320,191.101.86.0,255.255.255.0,8966
262928,191.102.192.0,255.255.224.0,8966
263663,191.241.0.0,255.255.252.0,8966
263664,191.241.24.0,255.255.248.0,8966
263666,191.241.48.0,255.255.252.0,4637
10617,191.241.143.0,255.255.255.0,4637
263675,191.241.168.0,255.255.248.0,8966
263677,191.241.184.0,255.255.248.0,8966
274689,191.242.36.0,255.255.252.0,8966
263473,191.242.64.0,255.255.248.0,8966
263474,191.242.72.0,255.255.248.0,4637
263475,191.242.96.0,255.255.252.0,4637
263477,191.242.100.0,255.255.252.0,8966
263143,191.242.196.0,255.255.252.0,4637
263481,191.242.208.0,255.255.254.0,8966
263144,191.242.220.0,255.255.252.0,8966
263484,191.242.232.0,255.255.248.0,8966
263492,191.243.36.0,255.255.252.0,4637
263493,191.243.40.0,255.255.255.0,6939
271026,191.243.128.0,255.255.255.0,6939
263508,191.243.160.0,255.255.255.0,8966
263509,191.243.176.0,255.255.240.0,8966
263517,191.243.224.0,255.255.240.0,8966
263521,191.243.244.0,255.255.252.0,8966
272539,191.253.48.0,255.255.248.0,4637
14660,192.0.3.0,255.255.255.0,15412
40528,192.0.32.0,255.255.252.0,15412
20144,192.0.37.0,255.255.255.0,8359
16876,192.0.44.0,255.255.252.0,15412
3557,192.5.4.0,255.255.254.0,4637
6922,192.12.10.0,255.255.255.0,6939
2597,192.12.192.0,255.255.254.0,4637
55244,192.16.76.0,255.255.254.0,8966
40454,192.16.108.0,255.255.252.0,8359
4697,192.16.178.0,255.255.255.0,6939
10355,192.24.0.0,255.255.240.0,6939
7667,192.26.91.0,255.255.255.0,8966
48984,192.26.237.0,255.255.255.0,15412
63454,192.30.101.0,255.255.255.0,4637
112,192.31.196.0,255.255.255.0,35280
10255,192.31.227.0,255.255.255.0,6939
393990,192.33.167.0,255.255.255.0,6939
12276,192.33.255.0,255.255.255.0,4637
971,192.34.101.0,255.255.255.0,8966
35889,192.35.145.0,255.255.255.0,35280
6373,192.35.195.0,255.255.255.0,6939
9201,192.36.7.0,255.255.255.0,7713
47699,192.36.30.0,255.255.255.0,6939
199902,192.36.83.0,255.255.255.0,6939
39871,192.36.133.0,255.255.255.0,8966
39870,192.36.134.0,255.255.255.0,8966
39840,192.36.135.0,255.255.255.0,8966
1880,192.36.143.0,255.255.255.0,8966
18951,192.40.23.0,255.255.255.0,15412
30539,192.40.96.0,255.255.248.0,8966
8015,192.40.200.0,255.255.255.0,8359
33044,192.40.240.0,255.255.252.0,8966
4767,192.41.170.0,255.255.255.0,4637
2000,192.41.171.0,255.255.255.0,15412
7674,192.47.160.0,255.255.255.0,703
18131,192.47.166.0,255.255.255.0,6939
24287,192.50.12.0,255.255.255.0,8966
7500,192.50.45.0,255.255.255.0,41095
8687,192.54.44.0,255.255.255.0,6939
13039,192.54.45.0,255.255.255.0,15412
781,192.54.210.0,255.255.255.0,4637
63180,192.55.104.0,255.255.255.0,8966
26723,192.55.208.0,255.255.255.0,15412
1732,192.58.44.0,255.255.255.0,6939
32155,192.58.90.0,255.255.255.0,703
62782,192.64.36.0,255.255.254.0,6939
3912,192.65.78.0,255.255.255.0,4637
204680,192.67.189.0,255.255.255.0,6939
204911,192.68.11.0,255.255.255.0,15412
8002,192.68.29.0,255.255.255.0,6939
14746,192.69.24.0,255.255.255.0,8966
11142,192.69.48.0,255.255.240.0,6939
32621,192.69.76.0,255.255.255.0,6939
9408,192.69.116.0,255.255.255.0,4637
200559,192.71.40.0,255.255.255.0,7713
3166,192.71.96.0,255.255.255.0,7713
140099,192.73.22.0,255.255.255.0,35280
396515,192.75.191.0,255.255.255.0,8966
15368,192.76.151.0,255.255.255.0,35280
35052,192.76.243.0,255.255.255.0,41095
5783,192.78.182.0,255.255.255.0,4637
54945,192.80.112.0,255.255.240.0,6939
33293,192.81.116.0,255.255.252.0,703
23457,192.82.150.0,255.255.255.0,8966
35891,192.83.205.0,255.255.255.0,6939
21681,192.86.21.0,255.255.255.0,6939
2486,192.93.0.0,255.255.255.0,4637
48688,192.93.164.0,255.255.255.0,35280
5726,192.94.74.0,255.255.255.0,35280
7577,192.94.174.0,255.255.255.0,9304
6083,192.94.246.0,255.255.255.0,6939
25615,192.96.233.0,255.255.255.0,6939
20306,192.100.55.0,255.255.255.0,15412
263261,192.100.177.0,255.255.255.0,8966
211655,192.102.225.0,255.255.255.0,8966
35937,192.103.252.0,255.255.255.0,4637
40149,192.107.38.0,255.255.255.0,8966
22721,192.107.46.0,255.255.255.0,8966
9083,192.108.88.0,255.255.255.0,6939
1922,192.108.172.0,255.255.254.0,4637
213938,192.109.147.0,255.255.255.0,4637
207876,192.109.210.0,255.255.255.0,703
26652,192.110.192.0,255.255.240.0,8359
13460,192.111.38.0,255.255.255.0,6939
22422,192.111.56.0,255.255.248.0,6939
11369,192.111.84.0,255.255.255.0,35280
395848,192.112.68.0,255.255.255.0,15412
52177,192.121.29.0,255.255.255.0,6939
199950,192.121.44.0,255.255.255.0,8966
204302,192.121.68.0,255.255.255.0,4637
12381,192.121.100.0,255.255.255.0,7713
199545,192.121.118.0,255.255.254.0,6939
2118,192.124.179.0,255.255.255.0,8966
3312,192.124.184.0,255.255.252.0,8359
2901,192.132.2.0,255.255.255.0,6939
64275,192.133.2.0,255.255.255.0,4637
63465,192.133.47.0,255.255.255.0,15412
12401,192.133.109.0,255.255.255.0,6939
40063,192.135.54.0,255.255.254.0,15412
6667,192.136.73.0,255.255.255.0,15412
29888,192.136.176.0,255.255.252.0,35280
10965,192.139.69.0,255.255.255.0,8966
819,192.139.219.0,255.255.255.0,6939
266222,192.140.24.0,255.255.252.0,4637
266550,192.140.64.0,255.255.255.0,8966
266260,192.140.88.0,255.255.252.0,8966
266240,192.140.116.0,255.255.252.0,8966
267448,192.141.60.0,255.255.252.0,8966
267470,192.141.72.0,255.255.252.0,8966
267462,192.141.84.0,255.255.252.0,8966
267522,192.141.100.0,255.255.252.0,8966
267467,192.141.116.0,255.255.252.0,8966
267466,192.141.120.0,255.255.254.0,8966
267469,192.141.156.0,255.255.252.0,4637
265792,192.141.180.0,255.255.252.0,6939
267473,192.141.184.0,255.255.255.0,4637
267475,192.141.192.0,255.255.252.0,8966
267479,192.141.200.0,255.255.252.0,4637
267503,192.141.252.0,255.255.255.0,8966
266156,192.144.68.0,255.255.255.0,4637
266244,192.144.104.0,255.255.252.0,4637
266533,192.144.116.0,255.255.252.0,8966
272483,192.144.124.0,255.255.252.0,8966
328605,192.145.180.0,255.255.252.0,9304
266242,192.145.204.0,255.255.252.0,8966
266236,192.145.212.0,255.255.252.0,703
266220,192.145.216.0,255.255.252.0,4637
13501,192.148.240.0,255.255.255.0,6939
3836,192.150.250.0,255.255.254.0,4637
26549,192.159.31.0,255.255.255.0,4637
33422,192.159.144.0,255.255.240.0,703
62901,192.159.160.0,255.255.255.0,15412
264370,192.160.50.0,255.255.255.0,4637
35165,192.162.8.0,255.255.252.0,8966
49827,192.162.32.0,255.255.252.0,8359
197682,192.162.44.0,255.255.252.0,6939
29203,192.162.76.0,255.255.252.0,4637
39056,192.162.116.0,255.255.252.0,8359
12662,192.162.132.0,255.255.252.0,8359
197709,192.162.144.0,255.255.252.0,6939
197721,192.162.164.0,255.255.252.0,6939
56634,192.162.212.0,255.255.252.0,8966
8995,192.165.82.0,255.255.255.0,8966
8642,192.165.86.0,255.255.255.0,7713
207448,192.165.132.0,255.255.255.0,15412
41446,192.166.12.0,255.255.252.0,6939
56574,192.166.232.0,255.255.252.0,8359
32286,192.170.136.0,255.255.255.0,6939
64273,192.172.244.0,255.255.255.0,4637
53164,192.188.11.0,255.255.255.0,8966
2721,192.188.108.0,255.255.255.0,8966
1115,192.188.121.0,255.255.255.0,18106
54294,192.188.230.0,255.255.255.0,703
11996,192.189.147.0,255.255.255.0,6939
36249,192.189.253.0,255.255.255.0,15412
25883,192.193.8.0,255.255.255.0,703
4996,192.193.12.0,255.255.255.0,703
3081,192.193.18.0,255.255.255.0,703
2912,192.193.64.0,255.255.255.0,35280
1696,192.193.101.0,255.255.255.0,35280
15606,192.195.72.0,255.255.255.0,6939
53405,192.199.192.0,255.255.240.0,8966
13926,192.200.152.0,255.255.255.0,6939
393853,192.206.36.0,255.255.254.0,6939
152657,192.206.152.0,255.255.255.0,4637
11097,192.207.194.0,255.255.255.0,4637
212895,192.208.1.0,255.255.255.0,8966
40217,192.209.18.0,255.255.255.0,6939
6143,192.225.98.0,255.255.255.0,15412
54301,192.225.161.0,255.255.255.0,6939
55178,192.230.176.0,255.255.255.0,15412
16874,192.231.110.0,255.255.255.0,4637
271407,192.231.117.0,255.255.255.0,4637
19556,192.232.12.0,255.255.255.0,6939
40716,192.234.159.0,255.255.255.0,8359
63370,192.234.194.0,255.255.255.0,6939
54985,192.235.32.0,255.255.240.0,8966
394744,192.240.64.0,255.255.224.0,6939
36218,192.250.237.0,255.255.255.0,6939
64223,192.251.56.0,255.255.255.0,8966
3465,192.252.67.0,255.255.255.0,4637
3333,193.0.0.0,255.255.248.0,8966
197000,193.0.8.0,255.255.254.0,39120
25152,193.0.14.0,255.255.254.0,41095
8890,193.0.64.0,255.255.192.0,6939
25150,193.0.228.0,255.255.255.0,6939
41980,193.0.253.0,255.255.255.0,7713
216316,193.3.38.0,255.255.255.0,6939
212033,193.3.45.0,255.255.255.0,15412
202359,193.3.165.0,255.255.255.0,6939
196621,193.5.68.0,255.255.254.0,35280
52183,193.5.116.0,255.255.255.0,6939
211452,193.5.176.0,255.255.254.0,35280
197764,193.8.61.0,255.255.255.0,703
60284,193.9.27.0,255.255.255.0,15412
49311,193.9.240.0,255.255.255.0,41095
44602,193.9.250.0,255.255.255.0,6939
200768,193.16.36.0,255.255.252.0,6939
42312,193.16.160.0,255.255.248.0,35280
31080,193.17.41.0,255.255.255.0,6939
31564,193.17.73.0,255.255.255.0,6939
210752,193.17.90.0,255.255.255.0,4637
29620,193.17.214.0,255.255.255.0,6939
12815,193.17.229.0,255.255.255.0,15412
44665,193.19.116.0,255.255.255.0,8359
49866,193.19.136.0,255.255.252.0,15412
57319,193.19.168.0,255.255.255.0,8359
212754,193.19.248.0,255.255.254.0,6939
57249,193.22.81.0,255.255.255.0,6939
215140,193.22.129.0,255.255.255.0,4637
39133,193.22.252.0,255.255.255.0,8966
51799,193.23.4.0,255.255.252.0,15412
197068,193.23.55.0,255.255.255.0,8359
8741,193.23.141.0,255.255.255.0,6939
50803,193.24.220.0,255.255.255.0,8359
198036,193.24.244.0,255.255.252.0,6939
31173,193.25.176.0,255.255.254.0,8359
31235,193.25.195.0,255.255.255.0,6939
12986,193.26.27.0,255.255.255.0,8359
44097,193.27.0.0,255.255.255.0,35280
31038,193.27.70.0,255.255.254.0,6939
208164,193.27.91.0,255.255.255.0,6939
30889,193.27.195.0,255.255.255.0,9304
41718,193.27.224.0,255.255.255.0,41095
30730,193.28.0.0,255.255.255.0,8966
6764,193.28.14.0,255.255.255.0,703
31174,193.28.44.0,255.255.255.0,8359
31360,193.28.92.0,255.255.255.0,15412
207858,193.28.255.0,255.255.255.0,8359
15580,193.29.52.0,255.255.255.0,35280
12625,193.29.64.0,255.255.224.0,4637
211868,193.29.180.0,255.255.255.0,4637
207488,193.29.203.0,255.255.255.0,15412
42198,193.30.32.0,255.255.255.0,4637
30920,193.30.39.0,255.255.255.0,8359
31396,193.30.42.0,255.255.255.0,6939
15945,193.31.52.0,255.255.255.0,15412
211268,193.32.59.0,255.255.255.0,35280
200889,193.32.95.0,255.255.255.0,6939
209114,193.33.120.0,255.255.255.0,8966
42712,193.33.154.0,255.255.255.0,6939
42939,193.33.250.0,255.255.254.0,6939
48626,193.34.52.0,255.255.252.0,6939
44246,193.34.84.0,255.255.252.0,6939
199510,193.34.138.0,255.255.254.0,6939
41796,193.34.162.0,255.255.254.0,4637
203574,193.34.174.0,255.255.254.0,15412
50856,193.34.216.0,255.255.252.0,8359
59404,193.35.32.0,255.255.254.0,8966
205873,193.35.61.0,255.255.255.0,6939
211010,193.35.63.0,255.255.255.0,6939
211450,193.36.90.0,255.255.255.0,8966
210036,193.36.104.0,255.255.255.0,35280
61201,193.36.189.0,255.255.255.0,15412
203364,193.37.39.0,255.255.255.0,6939
205138,193.37.45.0,255.255.255.0,8966
210847,193.37.84.0,255.255.252.0,8966
214459,193.38.32.0,255.255.255.0,6939
211441,193.38.246.0,255.255.255.0,6939
50293,193.39.195.0,255.255.255.0,6939
210788,193.41.47.0,255.255.255.0,6939
57260,193.41.136.0,255.255.254.0,6939
49095,193.41.154.0,255.255.254.0,6939
197146,193.41.172.0,255.255.252.0,6939
16101,193.41.194.0,255.255.255.0,6939
16062,193.41.195.0,255.255.255.0,8359
208441,193.41.228.0,255.255.255.0,6939
211170,193.42.22.0,255.255.255.0,6939
208060,193.43.30.0,255.255.254.0,6939
34330,193.43.77.0,255.255.255.0,6939
8978,193.43.128.0,255.255.252.0,4637
208794,193.43.139.0,255.255.255.0,703
13165,193.43.182.0,255.255.255.0,41095
51742,193.43.210.0,255.255.254.0,8359
35585,193.43.228.0,255.255.252.0,6939
208985,193.46.36.0,255.255.254.0,8966
43462,193.46.75.0,255.255.255.0,6939
5397,193.46.180.0,255.255.255.0,15412
200974,193.46.187.0,255.255.255.0,6939
39804,193.53.207.0,255.255.255.0,6939
215514,193.56.62.0,255.255.255.0,6939
62269,193.56.133.0,255.255.255.0,6939
208960,193.56.192.0,255.255.255.0,6939
50263,193.57.47.0,255.255.255.0,4637
44355,193.57.167.0,255.255.255.0,6939
64241,193.57.173.0,255.255.255.0,8966
200930,193.58.180.0,255.255.255.0,6939
41586,193.58.246.0,255.255.255.0,4637
207684,193.59.14.0,255.255.254.0,8966
204679,193.59.78.0,255.255.254.0,7713
59832,193.59.104.0,255.255.254.0,7713
51066,193.80.132.0,255.255.252.0,6939
39331,193.84.17.0,255.255.255.0,8359
44478,193.84.76.0,255.255.255.0,15412
211360,193.84.108.0,255.255.255.0,6939
51465,193.91.5.0,255.255.255.0,15412
39513,193.93.76.0,255.255.252.0,4637
8458,193.93.156.0,255.255.252.0,6939
213028,193.93.180.0,255.255.255.0,4637
39764,193.93.208.0,255.255.252.0,6939
49009,193.96.224.0,255.255.255.0,15412
12502,193.96.243.0,255.255.255.0,15412
49923,193.104.48.0,255.255.255.0,6939
41551,193.104.70.0,255.255.255.0,8966
34599,193.104.76.0,255.255.255.0,4637
50038,193.104.87.0,255.255.255.0,8359
41077,193.104.109.0,255.255.255.0,8966
50172,193.104.162.0,255.255.255.0,6939
214729,193.104.198.0,255.255.255.0,6939
50989,193.104.214.0,255.255.255.0,6939
16075,193.104.220.0,255.255.255.0,6939
15422,193.104.231.0,255.255.255.0,35280
196887,193.104.244.0,255.255.255.0,6939
42915,193.105.2.0,255.255.255.0,8966
12553,193.105.5.0,255.255.255.0,4637
198655,193.105.16.0,255.255.255.0,6939
34291,193.105.39.0,255.255.255.0,8966
50475,193.105.56.0,255.255.255.0,8966
8236,193.105.76.0,255.255.255.0,7713
50737,193.105.111.0,255.255.255.0,35280
196939,193.105.124.0,255.255.255.0,8359
39121,193.105.126.0,255.255.255.0,8359
41427,193.105.127.0,255.255.255.0,6939
50638,193.105.143.0,255.255.255.0,6939
50786,193.105.227.0,255.255.255.0,6939
42547,193.106.100.0,255.255.252.0,6939
196879,193.106.108.0,255.255.252.0,8966
50357,193.106.124.0,255.255.254.0,15412
209008,193.106.151.0,255.255.255.0,41095
50507,193.106.180.0,255.255.252.0,4637
50459,193.106.200.0,255.255.252.0,8359
50488,193.107.0.0,255.255.252.0,41095
196980,193.107.8.0,255.255.252.0,6939
34190,193.107.24.0,255.255.254.0,8359
50562,193.107.28.0,255.255.252.0,6939
209719,193.107.67.0,255.255.255.0,6939
22399,193.108.158.0,255.255.255.0,15412
211786,193.108.200.0,255.255.255.0,15412
20934,193.108.226.0,255.255.254.0,8359
24743,193.109.16.0,255.255.240.0,6939
21158,193.109.132.0,255.255.254.0,8966
21247,193.109.142.0,255.255.254.0,6939
20983,193.109.244.0,255.255.254.0,6939
24652,193.110.48.0,255.255.255.0,6939
24579,193.110.89.0,255.255.255.0,6939
199692,193.110.96.0,255.255.254.0,6939
21488,193.110.106.0,255.255.254.0,6939
24770,193.110.159.0,255.255.255.0,15412
24593,193.110.162.0,255.255.254.0,8359
50072,193.110.232.0,255.255.252.0,6939
24717,193.111.20.0,255.255.254.0,35280
39526,193.111.29.0,255.255.255.0,6939
24724,193.111.37.0,255.255.255.0,703
30894,193.111.75.0,255.255.255.0,4637
24995,193.111.85.0,255.255.255.0,15412
50030,193.111.212.0,255.255.255.0,6939
3244,193.131.100.0,255.255.252.0,6939
51907,193.134.16.0,255.255.240.0,35280
27363,193.134.162.0,255.255.255.0,703
59812,193.134.251.0,255.255.255.0,4637
34885,193.138.0.0,255.255.255.0,6939
208814,193.138.81.0,255.255.255.0,15412
205798,193.141.109.0,255.255.255.0,6939
200144,193.142.61.0,255.255.255.0,15412
42643,193.142.210.0,255.255.255.0,15412
59492,193.142.213.0,255.255.255.0,8359
200602,193.143.18.0,255.255.255.0,6939
132077,193.149.153.0,255.255.255.0,4637
57381,193.150.22.0,255.255.254.0,6939
61325,193.150.54.0,255.255.254.0,8359
57404,193.150.76.0,255.255.252.0,6939
204534,193.151.39.0,255.255.255.0,6939
31381,193.151.68.0,255.255.252.0,4637
25482,193.151.240.0,255.255.254.0,4637
215128,193.151.244.0,255.255.255.0,6939
57821,193.160.39.0,255.255.255.0,8966
51273,193.160.224.0,255.255.255.0,8359
62165,193.163.52.0,255.255.255.0,703
212608,193.163.53.0,255.255.255.0,15412
212640,193.163.54.0,255.255.255.0,15412
202971,193.164.134.0,255.255.254.0,6939
49763,193.164.196.0,255.255.254.0,6939
214814,193.164.208.0,255.255.255.0,6939
210872,193.168.8.0,255.255.255.0,6939
42423,193.168.184.0,255.255.254.0,703
56598,193.168.204.0,255.255.254.0,35280
49404,193.169.52.0,255.255.254.0,8966
49384,193.169.142.0,255.255.255.0,4637
2541,193.169.144.0,255.255.255.0,15412
209994,193.176.88.0,255.255.252.0,6939
199400,193.176.101.0,255.255.255.0,6939
207063,193.177.128.0,255.255.252.0,6939
216078,193.178.226.0,255.255.255.0,4637
208639,193.180.56.0,255.255.254.0,7713
206013,193.180.104.0,255.255.248.0,7713
39658,193.180.124.0,255.255.255.0,15412
57602,193.180.238.0,255.255.255.0,7713
199150,193.180.242.0,255.255.255.0,6939
208453,193.181.23.0,255.255.255.0,8966
212021,193.182.168.0,255.255.255.0,7713
34628,193.183.70.0,255.255.255.0,15412
209608,193.186.200.0,255.255.252.0,703
43598,193.187.192.0,255.255.252.0,8966
215551,193.189.101.0,255.255.255.0,6939
8323,193.193.64.0,255.255.224.0,6939
204471,193.194.16.0,255.255.255.0,6939
3208,193.194.64.0,255.255.224.0,4637
12982,193.194.156.0,255.255.255.0,8966
42809,193.200.34.0,255.255.254.0,6939
42534,193.200.88.0,255.255.255.0,8966
52020,193.200.122.0,255.255.254.0,6939
42856,193.200.137.0,255.255.255.0,4637
25598,193.200.144.0,255.255.255.0,35280
43217,193.200.184.0,255.255.255.0,35280
60766,193.201.44.0,255.255.255.0,6939
203348,193.201.166.0,255.255.255.0,4637
25055,193.201.167.0,255.255.255.0,4637
41191,193.203.32.0,255.255.252.0,6939
35386,193.203.37.0,255.255.255.0,6939
8664,193.219.28.0,255.255.255.0,4637
215219,193.221.125.0,255.255.255.0,6939
57455,193.222.52.0,255.255.252.0,6939
2561,193.227.0.0,255.255.255.0,4637
41478,193.227.97.0,255.255.255.0,8359
250,193.227.234.0,255.255.254.0,6939
207543,193.227.242.0,255.255.255.0,35280
200577,193.228.3.0,255.255.255.0,6939
214656,193.228.146.0,255.255.255.0,41095
49077,193.231.151.0,255.255.255.0,4637
50169,193.232.50.0,255.255.255.0,8359
50218,193.232.51.0,255.255.255.0,8359
59801,193.232.70.0,255.255.255.0,41095
205022,193.232.72.0,255.255.255.0,6939
50677,193.232.98.0,255.255.254.0,8359
39589,193.232.100.0,255.255.255.0,8359
50416,193.232.101.0,255.255.255.0,8359
45029,193.232.132.0,255.255.255.0,8359
44597,193.232.134.0,255.255.255.0,8359
45018,193.232.137.0,255.255.255.0,8359
47445,193.232.139.0,255.255.255.0,8359
42253,193.232.214.0,255.255.254.0,8966
42139,193.232.230.0,255.255.255.0,15412
42728,193.232.231.0,255.255.255.0,8359
205628,193.233.148.0,255.255.255.0,41095
49954,193.233.154.0,255.255.255.0,41095
203163,193.233.155.0,255.255.255.0,8966
199768,193.235.28.0,255.255.255.0,7713
203426,193.235.52.0,255.255.254.0,7713
48220,193.235.154.0,255.255.255.0,6939
207969,193.236.96.0,255.255.255.0,4637
12833,193.236.100.0,255.255.254.0,4637
212236,193.238.46.0,255.255.254.0,8359
20938,193.238.92.0,255.255.252.0,6939
211319,193.238.173.0,255.255.255.0,703
34933,193.238.224.0,255.255.255.0,4637
39468,193.239.68.0,255.255.252.0,6939
35306,193.239.124.0,255.255.252.0,6939
35296,193.239.180.0,255.255.254.0,8359
22056,193.240.244.0,255.255.255.0,4637
34199,193.242.100.0,255.255.255.0,8966
12808,193.242.123.0,255.255.255.0,4637
198945,193.242.172.0,255.255.255.0,4637
215444,193.242.185.0,255.255.255.0,6939
211148,193.242.186.0,255.255.255.0,6939
35420,193.242.204.0,255.255.252.0,6939
34559,193.247.213.0,255.255.255.0,8966
25323,193.254.228.0,255.255.254.0,8966
48053,194.0.4.0,255.255.255.0,4637
199670,194.0.6.0,255.255.255.0,35280
197440,194.0.16.0,255.255.255.0,4637
8410,194.0.120.0,255.255.252.0,8359
42180,194.0.140.0,255.255.255.0,6939
42181,194.0.160.0,255.255.255.0,8359
199148,194.0.219.0,255.255.255.0,41095
43476,194.1.144.0,255.255.255.0,15412
8298,194.1.163.0,255.255.255.0,35280
42458,194.1.195.0,255.255.255.0,8359
208353,194.4.214.0,255.255.255.0,15412
51778,194.5.228.0,255.255.252.0,35280
209256,194.6.243.0,255.255.255.0,7713
33900,194.6.245.0,255.255.255.0,6939
21083,194.8.57.0,255.255.255.0,4637
39057,194.8.61.0,255.255.255.0,6939
216333,194.8.133.0,255.255.255.0,4637
47117,194.8.136.0,255.255.252.0,8359
48914,194.11.29.0,255.255.255.0,8359
205915,194.13.160.0,255.255.240.0,4637
44529,194.14.100.0,255.255.254.0,6939
31800,194.14.236.0,255.255.255.0,4637
207995,194.24.162.0,255.255.254.0,6939
31471,194.24.224.0,255.255.255.0,8966
41044,194.24.228.0,255.255.254.0,6939
211816,194.26.196.0,255.255.255.0,6939
50882,194.28.8.0,255.255.252.0,6939
60399,194.28.12.0,255.255.252.0,6939
48712,194.28.32.0,255.255.252.0,6939
45049,194.28.97.0,255.255.255.0,6939
197058,194.28.144.0,255.255.252.0,8359
51068,194.28.200.0,255.255.252.0,6939
51186,194.28.236.0,255.255.252.0,8966
51086,194.28.240.0,255.255.252.0,8359
20537,194.29.99.0,255.255.255.0,6939
12464,194.29.128.0,255.255.224.0,4637
198431,194.31.36.0,255.255.254.0,15412
60193,194.31.255.0,255.255.255.0,6939
49859,194.32.111.0,255.255.255.0,8359
58237,194.33.72.0,255.255.252.0,6939
203778,194.33.76.0,255.255.254.0,6939
204278,194.33.111.0,255.255.255.0,6939
212119,194.33.116.0,255.255.252.0,6939
41910,194.33.188.0,255.255.255.0,4637
210201,194.34.96.0,255.255.254.0,41095
215065,194.34.170.0,255.255.255.0,4637
207593,194.35.187.0,255.255.255.0,6939
213389,194.36.80.0,255.255.254.0,8359
213387,194.36.94.0,255.255.255.0,6939
42012,194.36.162.0,255.255.255.0,6939
15814,194.36.224.0,255.255.240.0,35280
41915,194.37.72.0,255.255.248.0,6939
60349,194.38.36.0,255.255.252.0,703
205483,194.39.28.0,255.255.252.0,35280
202434,194.39.196.0,255.255.252.0,6939
62443,194.39.255.0,255.255.255.0,4637
200001,194.42.110.0,255.255.254.0,6939
50569,194.44.28.0,255.255.255.0,8359
50487,194.44.222.0,255.255.255.0,8359
210353,194.44.234.0,255.255.255.0,8359
62097,194.45.166.0,255.255.255.0,6939
12991,194.48.4.0,255.255.252.0,6939
206356,194.48.228.0,255.255.254.0,6939
200387,194.49.8.0,255.255.255.0,4637
215968,194.49.55.0,255.255.255.0,8966
34800,194.50.99.0,255.255.255.0,4637
8838,194.50.108.0,255.255.255.0,6939
39661,194.50.110.0,255.255.255.0,8966
203420,194.50.176.0,255.255.255.0,8966
201163,194.50.202.0,255.255.255.0,6939
207796,194.50.204.0,255.255.255.0,4637
207973,194.53.86.0,255.255.254.0,6939
41692,194.54.92.0,255.255.252.0,6939
42598,194.55.4.0,255.255.255.0,6939
205308,194.55.7.0,255.255.255.0,6939
21190,194.56.100.0,255.255.252.0,35280
48755,194.56.151.0,255.255.255.0,6939
198951,194.56.174.0,255.255.254.0,35280
214323,194.58.64.0,255.255.255.0,8966
201677,194.58.241.0,255.255.255.0,41095
12470,194.59.213.0,255.255.255.0,6939
200311,194.60.212.0,255.255.255.0,39120
213216,194.61.0.0,255.255.255.0,4637
41842,194.61.24.0,255.255.255.0,8359
200020,194.62.131.0,255.255.255.0,6939
39561,194.67.73.0,255.255.255.0,8359
212662,194.68.1.0,255.255.255.0,7713
20943,194.68.134.0,255.255.255.0,8966
206889,194.71.18.0,255.255.255.0,8966
210679,194.71.153.0,255.255.255.0,7713
6782,194.71.156.0,255.255.255.0,6939
24668,194.71.182.0,255.255.255.0,6939
207489,194.76.145.0,255.255.255.0,49544
28974,194.76.188.0,255.255.252.0,4637
202438,194.79.36.0,255.255.252.0,4637
48876,194.79.250.0,255.255.255.0,8359
57680,194.85.63.0,255.255.255.0,41095
208447,194.85.64.0,255.255.255.0,8966
47104,194.85.82.0,255.255.254.0,41095
62135,194.85.254.0,255.255.255.0,8359
34214,194.88.1.0,255.255.255.0,4637
35522,194.88.200.0,255.255.254.0,8966
35640,194.88.204.0,255.255.254.0,8359
50598,194.93.112.0,255.255.252.0,8966
211018,194.99.159.0,255.255.255.0,4637
39803,194.102.100.0,255.255.255.0,15412
57082,194.102.195.0,255.255.255.0,6939
49862,194.103.21.0,255.255.255.0,6939
6820,194.105.192.0,255.255.224.0,8966
213403,194.106.196.0,255.255.254.0,41095
53973,194.106.199.0,255.255.255.0,4637
39208,194.107.248.0,255.255.252.0,35280
42711,194.110.129.0,255.255.255.0,15412
44193,194.110.204.0,255.255.255.0,8359
42778,194.110.240.0,255.255.255.0,6939
211295,194.113.249.0,255.255.255.0,6939
207638,194.116.104.0,255.255.255.0,6939
209631,194.116.112.0,255.255.248.0,4637
42986,194.116.182.0,255.255.254.0,6939
213342,194.116.239.0,255.255.255.0,6939
44865,194.116.242.0,255.255.254.0,35280
60735,194.124.236.0,255.255.255.0,6939
59813,194.124.237.0,255.255.255.0,6939
12847,194.125.240.0,255.255.255.0,35280
34540,194.126.214.0,255.255.255.0,15412
207793,194.127.156.0,255.255.255.0,15412
202321,194.127.248.0,255.255.255.0,4637
15756,194.135.100.0,255.255.255.0,41095
6802,194.141.0.0,255.255.0.0,8966
39063,194.145.116.0,255.255.255.0,8966
9182,194.145.122.0,255.255.254.0,15412
12817,194.145.150.0,255.255.254.0,4637
208614,194.145.230.0,255.255.255.0,6939
60488,194.146.122.0,255.255.255.0,8966
202347,194.146.164.0,255.255.252.0,6939
60159,194.146.188.0,255.255.252.0,4637
21641,194.147.71.0,255.255.255.0,8966
207465,194.147.139.0,255.255.255.0,4637
5379,194.149.128.0,255.255.224.0,8966
203522,194.149.139.0,255.255.255.0,8966
198035,194.150.170.0,255.255.254.0,6939
47220,194.152.42.0,255.255.255.0,6939
47275,194.152.50.0,255.255.254.0,6939
209597,194.152.57.0,255.255.255.0,6939
12628,194.153.117.0,255.255.255.0,8966
28801,194.153.190.0,255.255.254.0,35280
51505,194.154.32.0,255.255.224.0,6939
29008,194.156.20.0,255.255.254.0,6939
212989,194.156.22.0,255.255.255.0,15412
48386,194.156.155.0,255.255.255.0,8966
213641,194.169.157.0,255.255.255.0,4637
199330,194.169.218.0,255.255.255.0,24482
42094,194.169.235.0,255.255.255.0,4637
48790,194.177.28.0,255.255.252.0,6939
199162,194.180.6.0,255.255.255.0,6939
216092,194.180.216.0,255.255.255.0,6939
202854,194.181.67.0,255.255.255.0,8966
39040,194.187.88.0,255.255.252.0,15412
200142,194.187.236.0,255.255.252.0,6939
201302,194.190.7.0,255.255.255.0,15412
47213,194.190.8.0,255.255.255.0,8359
52184,194.190.9.0,255.255.255.0,41095
50002,194.190.22.0,255.255.255.0,8359
49925,194.190.24.0,255.255.255.0,8359
50822,194.190.78.0,255.255.255.0,8359
50776,194.190.80.0,255.255.252.0,8966
50958,194.190.96.0,255.255.252.0,8966
207561,194.190.113.0,255.255.255.0,8359
204600,194.190.116.0,255.255.254.0,8359
207239,194.190.220.0,255.255.254.0,8966
36956,194.204.217.0,255.255.255.0,15412
197185,194.213.102.0,255.255.254.0,8359
51314,194.213.104.0,255.255.254.0,4637
41620,194.225.224.0,255.255.240.0,4637
5568,194.226.68.0,255.255.255.0,8359
60040,194.226.174.0,255.255.255.0,8966
214069,194.226.248.0,255.255.255.0,8966
196764,194.242.30.0,255.255.254.0,41095
25557,194.242.52.0,255.255.255.0,8966
28858,194.242.116.0,255.255.252.0,8359
5564,194.247.64.0,255.255.224.0,4637
48650,195.8.40.0,255.255.254.0,6939
48651,195.8.44.0,255.255.254.0,15412
12592,195.8.105.0,255.255.255.0,6939
211752,195.8.125.0,255.255.255.0,4637
41790,195.8.220.0,255.255.254.0,6939
35802,195.10.198.0,255.255.255.0,8359
35067,195.16.76.0,255.255.252.0,8359
50586,195.19.6.0,255.255.255.0,8359
209821,195.19.112.0,255.255.254.0,8359
6699,195.19.128.0,255.255.255.0,8966
200847,195.19.208.0,255.255.255.0,8359
61197,195.19.214.0,255.255.255.0,8359
205288,195.20.138.0,255.255.255.0,6939
8928,195.21.56.0,255.255.248.0,15412
20833,195.24.242.0,255.255.254.0,6939
41285,195.26.64.0,255.255.252.0,8359
202311,195.26.68.0,255.255.255.0,6939
41320,195.26.94.0,255.255.254.0,4637
8620,195.28.96.0,255.255.224.0,4637
212433,195.35.94.0,255.255.255.0,6939
9099,195.35.127.0,255.255.255.0,15412
5392,195.36.0.0,255.255.192.0,703
8511,195.38.160.0,255.255.224.0,41095
207921,195.39.246.0,255.255.254.0,8966
44732,195.42.98.0,255.255.254.0,6939
6879,195.43.0.0,255.255.255.0,4637
197091,195.43.72.0,255.255.254.0,6939
47457,195.43.144.0,255.255.255.0,8966
29366,195.47.193.0,255.255.255.0,15412
196624,195.47.195.0,255.255.255.0,6939
29051,195.47.226.0,255.255.255.0,6939
12507,195.49.200.0,255.255.248.0,8966
51147,195.54.176.0,255.255.254.0,41095
196969,195.54.184.0,255.255.252.0,6939
57268,195.60.220.0,255.255.252.0,8359
199901,195.62.34.0,255.255.255.0,15412
41293,195.64.180.0,255.255.254.0,6939
8258,195.64.224.0,255.255.252.0,4637
39022,195.66.134.0,255.255.254.0,6939
5459,195.66.232.0,255.255.252.0,15412
57233,195.68.240.0,255.255.254.0,8966
213084,195.69.181.0,255.255.255.0,6939
42177,195.74.48.0,255.255.255.0,15412
48527,195.74.62.0,255.255.254.0,8966
39315,195.80.140.0,255.255.255.0,8359
50947,195.80.144.0,255.255.252.0,8966
29267,195.85.211.0,255.255.255.0,15412
24602,195.88.0.0,255.255.255.0,8966
48897,195.88.72.0,255.255.254.0,4637
48928,195.88.96.0,255.255.254.0,4637
48185,195.90.96.0,255.255.254.0,6939
205268,195.90.103.0,255.255.255.0,6939
44392,195.93.220.0,255.255.254.0,6939
59589,195.93.248.0,255.255.255.0,41095
39297,195.95.147.0,255.255.255.0,8359
210169,195.95.151.0,255.255.255.0,8359
200132,195.95.177.0,255.255.255.0,35280
34204,195.95.222.0,255.255.254.0,703
12971,195.110.192.0,255.255.224.0,35280
56603,195.128.133.0,255.255.255.0,15412
205094,195.128.143.0,255.255.255.0,6939
8670,195.130.32.0,255.255.224.0,4637
199399,195.130.66.0,255.255.255.0,6939
206968,195.133.240.0,255.255.255.0,8359
205608,195.136.4.0,255.255.252.0,6939
216446,195.136.16.0,255.255.254.0,6939
204744,195.136.27.0,255.255.255.0,6939
31409,195.137.246.0,255.255.254.0,6939
8391,195.138.32.0,255.255.252.0,6939
8601,195.138.160.0,255.255.224.0,8359
41617,195.138.210.0,255.255.255.0,8359
41638,195.138.222.0,255.255.255.0,6939
48257,195.138.232.0,255.255.248.0,8966
29432,195.140.194.0,255.255.254.0,15412
41319,195.140.220.0,255.255.252.0,6939
199484,195.142.104.0,255.255.255.0,8966
39095,195.142.200.0,255.255.255.0,8966
38961,195.144.25.0,255.255.255.0,6939
207784,195.144.27.0,255.255.255.0,6939
8241,195.146.64.0,255.255.224.0,41095
216434,195.160.64.0,255.255.255.0,15412
8395,195.170.32.0,255.255.224.0,41095
39656,195.170.189.0,255.255.255.0,35280
3252,195.177.68.0,255.255.255.0,6939
6807,195.178.155.0,255.255.255.0,4637
39198,195.182.23.0,255.255.255.0,8966
207777,195.182.24.0,255.255.255.0,6939
47301,195.182.34.0,255.255.255.0,35280
44175,195.184.82.0,255.255.254.0,6939
200259,195.189.176.0,255.255.255.0,35280
39903,195.189.194.0,255.255.254.0,6939
205347,195.189.206.0,255.255.255.0,8966
50579,195.189.214.0,255.255.255.0,8359
198033,195.190.152.0,255.255.255.0,8359
50379,195.191.60.0,255.255.254.0,6939
51367,195.191.72.0,255.255.254.0,8359
196924,195.191.126.0,255.255.255.0,4637
196938,195.191.174.0,255.255.254.0,8359
212395,195.191.193.0,255.255.255.0,8359
50695,195.191.204.0,255.255.255.0,6939
213425,195.200.69.0,255.255.255.0,15412
44653,195.200.74.0,255.255.254.0,41095
50156,195.200.224.0,255.255.254.0,35280
205432,195.208.16.0,255.255.255.0,8966
15754,195.208.98.0,255.255.255.0,6939
62272,195.208.99.0,255.255.255.0,8966
43213,195.209.6.0,255.255.255.0,8359
206407,195.209.59.0,255.255.255.0,8359
29114,195.209.139.0,255.255.255.0,8966
197062,195.210.20.0,255.255.254.0,8966
51619,195.210.60.0,255.255.254.0,6939
215895,195.211.43.0,255.255.255.0,8966
48533,195.211.108.0,255.255.255.0,8359
34832,195.211.120.0,255.255.252.0,8966
59564,195.211.152.0,255.255.252.0,8359
31149,195.211.212.0,255.255.252.0,8359
8856,195.214.192.0,255.255.255.0,8359
8364,195.216.96.0,255.255.224.0,6939
20783,195.222.192.0,255.255.192.0,6939
50102,195.225.58.0,255.255.254.0,15412
34359,195.225.144.0,255.255.252.0,8359
8431,195.230.0.0,255.255.240.0,8966
6846,195.230.128.0,255.255.224.0,8359
202386,195.234.8.0,255.255.254.0,6939
35726,195.234.54.0,255.255.254.0,6939
29117,195.234.61.0,255.255.255.0,6939
33999,195.234.72.0,255.255.252.0,4637
25282,195.234.148.0,255.255.255.0,8359
15398,195.234.163.0,255.255.255.0,15412
49204,195.238.108.0,255.255.252.0,8359
47468,195.242.176.0,255.255.255.0,8966
210051,195.245.84.0,255.255.255.0,6939
28892,195.245.209.0,255.255.255.0,6939
47121,195.245.236.0,255.255.255.0,6939
202962,195.250.38.0,255.255.255.0,6939
21491,196.0.0.0,255.255.0.0,8966
36948,196.1.4.0,255.255.255.0,8966
33764,196.2.3.0,255.255.255.0,6939
329479,196.2.160.0,255.255.224.0,8966
37441,196.3.162.0,255.255.255.0,8966
11744,196.4.0.0,255.255.254.0,4637
23058,196.6.184.0,255.255.255.0,7713
37578,196.6.220.0,255.255.255.0,6939
327988,196.6.246.0,255.255.255.0,4637
37663,196.10.54.0,255.255.255.0,4637
37668,196.10.55.0,255.255.255.0,4637
37679,196.10.228.0,255.255.255.0,8966
327941,196.11.80.0,255.255.248.0,15412
37656,196.11.102.0,255.255.255.0,4637
327923,196.13.107.0,255.255.255.0,6939
6968,196.29.56.0,255.255.248.0,6939
22386,196.29.240.0,255.255.240.0,8966
36944,196.32.208.0,255.255.248.0,4637
37266,196.32.232.0,255.255.255.0,4637
37364,196.32.240.0,255.255.248.0,9304
36891,196.41.224.0,255.255.224.0,4637
37366,196.43.223.0,255.255.255.0,8966
37419,196.43.230.0,255.255.255.0,9304
15022,196.44.32.0,255.255.240.0,6939
328788,196.45.228.0,255.255.255.0,6939
7420,196.46.192.0,255.255.252.0,4637
36946,196.49.0.0,255.255.255.0,15412
328014,196.49.7.0,255.255.255.0,9304
327831,196.49.10.0,255.255.255.0,9304
30997,196.49.14.0,255.255.255.0,4637
328998,196.49.15.0,255.255.255.0,8966
328010,196.49.19.0,255.255.255.0,15412
36940,196.49.26.0,255.255.255.0,4637
328089,196.61.52.0,255.255.255.0,8966
328632,196.192.48.0,255.255.240.0,8966
328001,196.192.88.0,255.255.248.0,8966
21739,196.202.248.0,255.255.254.0,8966
327935,196.216.97.0,255.255.255.0,8966
13854,196.216.154.0,255.255.255.0,4637
37177,196.216.168.0,255.255.255.0,6939
37181,196.216.169.0,255.255.255.0,6939
37288,196.216.188.0,255.255.252.0,4637
37399,196.216.192.0,255.255.252.0,4637
37496,196.216.234.0,255.255.255.0,9304
328301,196.216.245.0,255.255.255.0,4637
328074,196.223.232.0,255.255.248.0,8966
328173,196.250.204.0,255.255.252.0,8966
328125,196.250.224.0,255.255.248.0,8966
37461,197.29.123.0,255.255.255.0,703
37484,197.155.32.0,255.255.224.0,6939
37479,197.155.248.0,255.255.248.0,8966
327707,197.157.128.0,255.255.192.0,15412
37531,197.214.1.0,255.255.255.0,8966
37550,197.214.128.0,255.255.128.0,8966
37558,197.215.128.0,255.255.255.0,703
327936,197.215.160.0,255.255.224.0,6939
37580,197.215.216.0,255.255.252.0,4637
37342,197.218.0.0,255.254.0.0,15412
37582,197.231.64.0,255.255.252.0,15412
37313,197.253.64.0,255.255.192.0,4637
21099,198.7.96.0,255.255.240.0,6939
206628,198.8.58.0,255.255.255.0,35280
24,198.10.0.0,255.255.0.0,35280
30648,198.17.96.0,255.255.255.0,8966
55183,198.21.88.0,255.255.255.0,8966
15191,198.29.32.0,255.255.252.0,703
4557,198.32.224.0,255.255.240.0,8966
53933,198.35.60.0,255.255.252.0,6939
212660,198.38.94.0,255.255.255.0,6939
21758,198.40.99.0,255.255.255.0,4637
52441,198.41.42.0,255.255.255.0,6939
18583,198.46.102.0,255.255.255.0,703
32150,198.49.126.0,255.255.255.0,6939
62663,198.54.166.0,255.255.254.0,4637
18559,198.54.221.0,255.255.255.0,703
12212,198.55.62.0,255.255.255.0,15412
40498,198.59.97.0,255.255.255.0,4637
21941,198.62.239.0,255.255.255.0,15412
55091,198.73.5.0,255.255.255.0,6939
23010,198.80.208.0,255.255.255.0,8966
23484,198.105.32.0,255.255.255.0,15412
11332,198.133.173.0,255.255.255.0,15412
21708,198.133.204.0,255.255.255.0,4637
203274,198.133.206.0,255.255.255.0,8966
40588,198.135.229.0,255.255.255.0,703
18973,198.138.68.0,255.255.254.0,15412
38177,198.140.4.0,255.255.255.0,15412
36011,198.140.183.0,255.255.255.0,4637
399090,198.140.190.0,255.255.255.0,6939
36416,198.153.201.0,255.255.255.0,8966
21504,198.160.34.0,255.255.255.0,35280
16760,198.160.149.0,255.255.255.0,15412
19662,198.161.21.0,255.255.255.0,8966
36399,198.161.87.0,255.255.255.0,703
27623,198.161.203.0,255.255.255.0,6939
54957,198.162.225.0,255.255.255.0,4637
10972,198.165.161.0,255.255.255.0,8966
55179,198.168.106.0,255.255.254.0,703
26806,198.169.21.0,255.255.255.0,8966
32196,198.175.186.0,255.255.255.0,15412
4128,198.180.152.0,255.255.255.0,6939
395226,198.181.223.0,255.255.255.0,4637
32425,198.181.229.0,255.255.255.0,6939
14747,198.184.170.0,255.255.255.0,6939
14437,198.185.64.0,255.255.192.0,8966
18558,198.188.95.0,255.255.255.0,4637
40878,198.190.255.0,255.255.255.0,8966
1645,198.199.7.0,255.255.255.0,8966
10985,198.200.213.0,255.255.255.0,703
27483,198.203.32.0,255.255.255.0,6939
40413,198.204.66.0,255.255.255.0,6939
14200,198.206.224.0,255.255.255.0,6939
13718,198.207.187.0,255.255.255.0,703
30383,198.208.0.0,255.255.255.0,8966
213593,198.212.48.0,255.255.255.0,4637
35929,198.237.48.0,255.255.252.0,8966
3412,198.240.130.0,255.255.255.0,8966
10317,198.245.183.0,255.255.255.0,703
16652,198.252.153.0,255.255.255.0,8966
15157,199.3.108.0,255.255.255.0,8359
394018,199.5.26.0,255.255.255.0,15412
4043,199.5.172.0,255.255.255.0,8966
397138,199.5.253.0,255.255.255.0,6939
33071,199.6.0.0,255.255.255.0,6939
26415,199.7.63.0,255.255.255.0,8966
53567,199.15.152.0,255.255.248.0,8966
19626,199.15.228.0,255.255.252.0,15412
14224,199.16.208.0,255.255.252.0,6939
21835,199.16.212.0,255.255.255.0,8966
32478,199.19.120.0,255.255.252.0,6939
36290,199.21.164.0,255.255.252.0,8966
54380,199.33.244.0,255.255.255.0,15412
23248,199.36.132.0,255.255.252.0,15412
63419,199.43.172.0,255.255.252.0,8966
26700,199.43.225.0,255.255.255.0,15412
36210,199.45.0.0,255.255.254.0,6939
53636,199.47.151.0,255.255.255.0,4637
32546,199.47.168.0,255.255.255.0,15412
11798,199.58.196.0,255.255.252.0,703
27631,199.59.73.0,255.255.255.0,8966
27006,199.68.232.0,255.255.248.0,15412
2722,199.74.15.0,255.255.255.0,8966
54305,199.83.80.0,255.255.255.0,6939
33361,199.83.240.0,255.255.252.0,6939
400436,199.87.4.0,255.255.252.0,6939
27197,199.87.104.0,255.255.248.0,15412
32876,199.91.148.0,255.255.255.0,703
46179,199.91.152.0,255.255.248.0,703
30054,199.93.81.0,255.255.255.0,703
46110,199.101.8.0,255.255.248.0,703
15177,199.102.60.0,255.255.252.0,8966
19174,199.102.92.0,255.255.252.0,4637
3630,199.109.94.0,255.255.255.0,6939
40428,199.116.161.0,255.255.255.0,6939
26815,199.127.8.0,255.255.255.0,8966
38439,199.127.129.0,255.255.255.0,4637
1617,199.166.3.0,255.255.255.0,15412
19272,199.180.64.0,255.255.248.0,15412
36466,199.180.216.0,255.255.252.0,15412
40460,199.182.188.0,255.255.252.0,15412
22512,199.185.136.0,255.255.254.0,8966
20338,199.189.208.0,255.255.248.0,6939
7055,199.193.128.0,255.255.248.0,6939
40187,199.193.224.0,255.255.255.0,6939
19747,199.195.216.0,255.255.254.0,15412
25720,199.199.208.0,255.255.248.0,4637
13686,199.201.242.0,255.255.255.0,15412
11189,199.204.116.0,255.255.252.0,6939
393225,199.212.0.0,255.255.255.0,6939
6509,199.212.24.0,255.255.255.0,8966
54941,199.216.150.0,255.255.255.0,6939
17172,199.224.21.0,255.255.255.0,6939
54671,199.231.88.0,255.255.255.0,6939
26031,199.233.80.0,255.255.255.0,6939
23310,199.233.217.0,255.255.255.0,6939
13581,199.241.104.0,255.255.255.0,8966
54547,199.242.174.0,255.255.255.0,15412
11852,199.242.245.0,255.255.255.0,8359
10587,199.244.26.0,255.255.254.0,15412
40355,199.244.88.0,255.255.255.0,6939
16542,199.244.166.0,255.255.255.0,703
63109,199.250.184.0,255.255.252.0,15412
4314,199.254.157.0,255.255.255.0,15412
6224,199.254.201.0,255.255.255.0,15412
33445,199.255.188.0,255.255.255.0,6939
263251,200.0.8.0,255.255.248.0,8966
11960,200.0.16.0,255.255.255.0,703
271180,200.0.64.0,255.255.255.0,8966
19582,200.0.67.0,255.255.255.0,8966
264185,200.0.114.0,255.255.255.0,4637
10834,200.0.224.0,255.255.224.0,6939
16701,200.1.116.0,255.255.255.0,4637
207036,200.1.154.0,255.255.255.0,8966
27795,200.1.200.0,255.255.248.0,8966
28001,200.3.12.0,255.255.252.0,6939
7908,200.3.116.0,255.255.252.0,4637
271479,200.4.108.0,255.255.252.0,8966
53119,200.5.36.0,255.255.252.0,4637
263762,200.5.48.0,255.255.240.0,8966
19723,200.6.40.0,255.255.255.0,8966
270677,200.6.80.0,255.255.252.0,4637
271660,200.6.132.0,255.255.255.0,8966
262657,200.7.0.0,255.255.252.0,8966
52234,200.7.4.0,255.255.255.0,24482
52305,200.7.5.0,255.255.255.0,24482
61922,200.7.8.0,255.255.252.0,8966
264339,200.7.12.0,255.255.255.0,4637
61923,200.7.112.0,255.255.240.0,8966
266215,200.9.24.0,255.255.252.0,8966
271328,200.9.116.0,255.255.254.0,8966
61929,200.9.124.0,255.255.252.0,6939
263953,200.9.164.0,255.255.255.0,4637
10292,200.10.152.0,255.255.255.0,6939
64113,200.10.167.0,255.255.255.0,4637
265284,200.10.227.0,255.255.255.0,8966
270438,200.11.108.0,255.255.255.0,4637
19332,200.13.16.0,255.255.240.0,15412
7087,200.13.192.0,255.255.224.0,8966
27810,200.14.40.0,255.255.255.0,8966
270441,200.14.56.0,255.255.252.0,8966
270442,200.14.124.0,255.255.252.0,8966
22975,200.14.130.0,255.255.255.0,7713
52306,200.16.112.0,255.255.255.0,8966
10881,200.17.96.0,255.255.240.0,8966
11802,200.19.192.0,255.255.224.0,8966
28496,200.23.30.0,255.255.255.0,6939
22894,200.23.179.0,255.255.255.0,4637
61932,200.23.180.0,255.255.252.0,8966
270964,200.24.92.0,255.255.252.0,4637
271600,200.24.120.0,255.255.254.0,8966
270444,200.26.252.0,255.255.254.0,4637
28497,200.33.0.0,255.255.255.0,15412
28511,200.33.80.0,255.255.255.0,15412
265450,200.33.174.0,255.255.255.0,8966
270042,200.35.148.0,255.255.255.0,4637
271388,200.36.132.0,255.255.252.0,8966
271303,200.36.144.0,255.255.252.0,8966
271287,200.36.148.0,255.255.252.0,8966
271284,200.36.204.0,255.255.252.0,4637
271383,200.36.212.0,255.255.252.0,8966
271283,200.36.220.0,255.255.252.0,4637
271343,200.39.36.0,255.255.252.0,8966
271425,200.39.44.0,255.255.252.0,8966
270776,200.39.140.0,255.255.252.0,8966
270818,200.39.157.0,255.255.255.0,8966
14187,200.47.156.0,255.255.255.0,8966
273111,200.50.152.0,255.255.254.0,4637
272872,200.50.155.0,255.255.255.0,4637
270482,200.50.208.0,255.255.252.0,8966
16531,200.52.128.0,255.255.255.0,15412
271018,200.52.228.0,255.255.255.0,4637
270263,200.53.4.0,255.255.252.0,8966
271304,200.53.68.0,255.255.255.0,8966
271432,200.53.88.0,255.255.252.0,4637
269998,200.59.208.0,255.255.252.0,8966
15034,200.61.64.0,255.255.255.0,4637
28065,200.69.159.0,255.255.255.0,4637
20002,200.71.0.0,255.255.255.0,15412
266191,200.71.64.0,255.255.252.0,4637
266216,200.71.72.0,255.255.252.0,8966
61599,200.71.76.0,255.255.255.0,15412
270477,200.71.100.0,255.255.254.0,8966
61939,200.75.176.0,255.255.248.0,8966
61444,200.77.184.0,255.255.255.0,8966
271547,200.80.108.0,255.255.255.0,8966
271369,200.80.112.0,255.255.252.0,8966
271291,200.80.124.0,255.255.255.0,8966
10293,200.84.128.0,255.255.255.0,6939
28037,200.85.184.0,255.255.255.0,6939
27744,200.105.120.0,255.255.254.0,4637
270468,200.106.140.0,255.255.252.0,4637
266155,200.106.144.0,255.255.252.0,4637
271262,200.106.176.0,255.255.252.0,8966
271779,200.106.184.0,255.255.255.0,6939
271270,200.106.200.0,255.255.252.0,4637
271247,200.106.212.0,255.255.252.0,4637
271337,200.106.222.0,255.255.254.0,8966
271692,200.107.72.0,255.255.252.0,8966
270248,200.107.116.0,255.255.252.0,8966
26593,200.108.64.0,255.255.255.0,4637
262249,200.108.144.0,255.255.255.0,8966
270264,200.108.180.0,255.255.252.0,8966
27814,200.110.112.0,255.255.252.0,8966
270253,200.110.204.0,255.255.252.0,8966
52359,200.115.86.0,255.255.255.0,4637
52370,200.115.87.0,255.255.255.0,4637
52360,200.115.88.0,255.255.255.0,4637
52375,200.115.89.0,255.255.255.0,4637
52324,200.115.90.0,255.255.255.0,4637
52403,200.115.91.0,255.255.255.0,4637
52294,200.115.93.0,255.255.255.0,4637
270268,200.115.100.0,255.255.252.0,4637
270266,200.115.104.0,255.255.255.0,6939
262226,200.115.181.0,255.255.255.0,703
270270,200.123.236.0,255.255.252.0,8966
270271,200.124.64.0,255.255.252.0,4637
270289,200.124.80.0,255.255.252.0,4637
270274,200.124.84.0,255.255.252.0,8966
270276,200.124.92.0,255.255.252.0,8966
270277,200.124.164.0,255.255.252.0,8966
270279,200.124.172.0,255.255.252.0,8966
14234,200.124.192.0,255.255.252.0,6939
61950,200.142.189.0,255.255.255.0,8966
270922,200.142.228.0,255.255.254.0,4637
14204,200.142.240.0,255.255.240.0,8966
11921,200.150.128.0,255.255.240.0,8966
28590,200.152.0.0,255.255.255.0,8966
14463,200.152.64.0,255.255.240.0,8966
21571,200.152.96.0,255.255.240.0,8966
23002,200.155.96.0,255.255.240.0,4637
27688,200.159.128.0,255.255.224.0,4637
22548,200.160.0.0,255.255.240.0,6939
22819,200.160.128.0,255.255.240.0,4637
22250,200.170.64.0,255.255.248.0,8966
264592,200.170.76.0,255.255.252.0,4637
11706,200.176.1.0,255.255.255.0,6939
16685,200.185.0.0,255.255.224.0,8966
270682,200.187.96.0,255.255.252.0,8966
270684,200.187.104.0,255.255.252.0,8966
10906,200.189.40.0,255.255.255.0,4637
18739,200.189.96.0,255.255.240.0,4637
7465,200.189.128.0,255.255.224.0,8966
13357,200.192.96.0,255.255.248.0,8966
14026,200.192.104.0,255.255.255.0,8966
13522,200.192.112.0,255.255.240.0,8966
28572,200.192.144.0,255.255.252.0,8966
11284,200.192.232.0,255.255.254.0,8966
13495,200.194.64.0,255.255.224.0,4637
10733,200.196.0.0,255.255.224.0,703
10670,200.198.0.0,255.255.192.0,4637
10412,200.201.0.0,255.255.128.0,8966
271387,200.215.224.0,255.255.252.0,8966
271868,200.215.228.0,255.255.255.0,703
273730,200.215.238.0,255.255.255.0,8966
10362,200.218.9.0,255.255.255.0,4637
11271,200.218.128.0,255.255.192.0,8966
272786,200.218.236.0,255.255.254.0,8966
28594,200.218.240.0,255.255.240.0,4637
270810,200.219.16.0,255.255.252.0,8966
270826,200.219.28.0,255.255.252.0,8966
270817,200.219.56.0,255.255.252.0,6939
270804,200.219.60.0,255.255.252.0,8966
11644,200.219.154.0,255.255.255.0,49544
14650,200.219.158.0,255.255.255.0,9304
27712,200.220.160.0,255.255.255.0,8966
28581,200.220.176.0,255.255.240.0,4637
274734,200.225.58.0,255.255.255.0,4637
28588,200.229.48.0,255.255.240.0,6939
61778,200.229.208.0,255.255.252.0,8966
12136,200.229.248.0,255.255.254.0,49544
10704,200.234.128.0,255.255.192.0,8966
28597,200.234.240.0,255.255.254.0,703
10417,200.236.128.0,255.255.192.0,8966
11242,200.237.192.0,255.255.192.0,8966
10875,200.238.0.0,255.255.255.0,4637
28595,201.7.192.0,255.255.248.0,8966
61697,201.7.212.0,255.255.255.0,8966
28275,201.33.96.0,255.255.240.0,4637
28274,201.33.128.0,255.255.240.0,4637
28278,201.33.208.0,255.255.240.0,4637
28603,201.46.0.0,255.255.248.0,4637
28602,201.49.160.0,255.255.240.0,8966
271466,201.49.176.0,255.255.254.0,4637
273497,201.49.184.0,255.255.254.0,4637
28623,201.54.128.0,255.255.224.0,4637
271137,201.54.188.0,255.255.254.0,8966
28616,201.54.208.0,255.255.240.0,8966
262585,201.55.160.0,255.255.240.0,8966
28626,201.55.208.0,255.255.254.0,4637
28631,201.55.240.0,255.255.240.0,8966
270283,201.71.8.0,255.255.252.0,8966
273818,201.71.12.0,255.255.252.0,8966
270285,201.71.16.0,255.255.252.0,4637
270290,201.71.24.0,255.255.255.0,4637
270293,201.71.196.0,255.255.254.0,8966
271145,201.71.216.0,255.255.252.0,4637
271115,201.71.220.0,255.255.255.0,4637
262792,201.76.96.0,255.255.240.0,8966
28653,201.76.208.0,255.255.240.0,8966
270294,201.77.100.0,255.255.255.0,4637
61822,201.130.20.0,255.255.252.0,8966
61924,201.130.88.0,255.255.248.0,4637
263229,201.131.67.0,255.255.255.0,24482
61944,201.131.92.0,255.255.252.0,4637
61785,201.131.152.0,255.255.252.0,8966
61801,201.131.208.0,255.255.252.0,4637
61802,201.139.92.0,255.255.252.0,8966
61941,201.139.216.0,255.255.248.0,4637
61827,201.140.232.0,255.255.252.0,4637
61831,201.140.252.0,255.255.252.0,8966
61863,201.148.116.0,255.255.252.0,4637
61858,201.148.180.0,255.255.252.0,8966
61849,201.149.104.0,255.255.255.0,8966
61873,201.149.108.0,255.255.252.0,8966
61859,201.149.116.0,255.255.252.0,4637
61699,201.150.52.0,255.255.255.0,8966
61876,201.150.124.0,255.255.252.0,4637
263778,201.159.8.0,255.255.255.0,8966
61763,201.159.72.0,255.255.248.0,4637
61764,201.159.84.0,255.255.252.0,4637
61818,201.175.60.0,255.255.252.0,8966
267496,201.182.4.0,255.255.252.0,4637
267497,201.182.8.0,255.255.255.0,4637
267525,201.182.54.0,255.255.255.0,4637
267517,201.182.120.0,255.255.252.0,6939
61441,201.182.129.0,255.255.255.0,4637
61521,201.182.130.0,255.255.255.0,4637
64106,201.182.133.0,255.255.255.0,4637
64104,201.182.137.0,255.255.255.0,4637
61553,201.182.138.0,255.255.255.0,4637
52509,201.182.139.0,255.255.255.0,4637
52332,201.182.141.0,255.255.255.0,4637
52500,201.182.142.0,255.255.255.0,4637
52508,201.182.143.0,255.255.255.0,4637
267536,201.182.168.0,255.255.252.0,8966
267548,201.182.184.0,255.255.254.0,8966
267564,201.182.212.0,255.255.252.0,4637
267549,201.182.236.0,255.255.252.0,8966
267550,201.182.244.0,255.255.255.0,8966
267613,201.182.252.0,255.255.252.0,4637
270558,201.216.72.0,255.255.252.0,8966
52373,201.217.244.0,255.255.252.0,4637
272648,201.218.160.0,255.255.255.0,8966
271508,201.218.176.0,255.255.252.0,8966
61951,201.219.248.0,255.255.255.0,8966
271783,201.222.44.0,255.255.252.0,4637
273112,201.234.117.0,255.255.255.0,24482
24395,202.0.155.0,255.255.255.0,4637
17554,202.0.167.0,255.255.255.0,4637
56195,202.1.2.0,255.255.255.0,24482
154100,202.1.22.0,255.255.254.0,8966
132696,202.3.78.0,255.255.255.0,24482
17535,202.4.190.0,255.255.255.0,35280
23642,202.4.250.0,255.255.255.0,4637
45495,202.4.251.0,255.255.255.0,4637
45494,202.6.102.0,255.255.255.0,15412
9745,202.6.124.0,255.255.252.0,4637
24017,202.10.240.0,255.255.252.0,35280
17683,202.11.156.0,255.255.252.0,4637
4777,202.12.28.0,255.255.255.0,4637
4608,202.12.29.0,255.255.255.0,4637
7529,202.17.189.0,255.255.255.0,4637
139657,202.28.8.0,255.255.248.0,4637
137261,202.28.60.0,255.255.255.0,4637
24475,202.29.12.0,255.255.255.0,8966
216053,202.37.103.0,255.255.255.0,8966
9680,202.39.80.0,255.255.240.0,6939
10225,202.41.0.0,255.255.254.0,35280
38198,202.43.8.0,255.255.252.0,4637
24303,202.44.116.0,255.255.252.0,4637
38064,202.46.184.0,255.255.255.0,4637
152037,202.47.162.0,255.255.254.0,7713
152022,202.47.176.0,255.255.254.0,7713
213768,202.50.53.0,255.255.255.0,8966
55878,202.50.196.0,255.255.254.0,15412
23950,202.51.16.0,255.255.255.0,7713
56190,202.51.128.0,255.255.255.0,6939
7610,202.51.240.0,255.255.248.0,4637
46058,202.52.58.0,255.255.254.0,8966
38600,202.56.0.0,255.255.252.0,9304
131758,202.56.168.0,255.255.255.0,24482
18112,202.57.16.0,255.255.255.0,24482
46027,202.58.238.0,255.255.254.0,7713
138451,202.58.246.0,255.255.255.0,8966
4802,202.59.96.0,255.255.240.0,35280
38017,202.59.128.0,255.255.240.0,8966
23633,202.59.144.0,255.255.248.0,4637
151956,202.61.80.0,255.255.254.0,4637
10131,202.65.32.0,255.255.224.0,8966
4658,202.75.0.0,255.255.252.0,9304
23948,202.75.16.0,255.255.255.0,6939
45710,202.75.96.0,255.255.255.0,41095
9925,202.77.128.0,255.255.248.0,6939
23699,202.80.112.0,255.255.255.0,24482
45881,202.80.186.0,255.255.255.0,15412
17888,202.83.192.0,255.255.224.0,8359
9729,202.85.128.0,255.255.240.0,9304
18255,202.86.32.0,255.255.255.0,4637
55679,202.92.200.0,255.255.255.0,6939
23952,202.93.16.0,255.255.255.0,7713
23696,202.93.112.0,255.255.255.0,8966
4382,202.93.128.0,255.255.255.0,7713
23669,202.93.160.0,255.255.224.0,35280
151058,202.100.215.0,255.255.255.0,8966
24348,202.112.4.0,255.255.255.0,9304
24361,202.112.23.0,255.255.255.0,9304
24209,202.122.8.0,255.255.255.0,7713
24262,202.122.136.0,255.255.248.0,15412
17910,202.123.224.0,255.255.255.0,7713
46037,202.124.196.0,255.255.255.0,8966
24229,202.126.16.0,255.255.252.0,4637
146976,202.126.24.0,255.255.248.0,4637
38313,202.126.120.0,255.255.248.0,6939
10202,202.128.104.0,255.255.255.0,24482
38781,202.129.224.0,255.255.252.0,7713
9789,202.131.7.0,255.255.255.0,8966
24200,202.133.0.0,255.255.255.0,8966
136914,202.133.64.0,255.255.254.0,4637
154215,202.133.94.0,255.255.255.0,6939
23900,202.136.240.0,255.255.248.0,4637
45349,202.137.176.0,255.255.254.0,4637
9657,202.138.224.0,255.255.255.0,8966
23836,202.142.8.0,255.255.248.0,4637
18365,202.146.0.0,255.255.255.0,7713
24212,202.146.128.0,255.255.255.0,7713
4857,202.147.96.0,255.255.240.0,35280
18156,202.147.224.0,255.255.224.0,6939
17826,202.149.64.0,255.255.248.0,24482
4833,202.149.128.0,255.255.248.0,41095
10101,202.152.64.0,255.255.224.0,6939
24449,202.153.8.0,255.255.252.0,9304
24077,202.153.88.0,255.255.248.0,8966
10208,202.153.128.0,255.255.224.0,7713
4434,202.154.0.0,255.255.255.0,7713
9216,202.154.192.0,255.255.224.0,4637
45118,202.158.253.0,255.255.255.0,35280
24006,202.160.48.0,255.255.248.0,4637
45278,202.162.66.0,255.255.255.0,4637
211513,202.164.206.0,255.255.255.0,8966
38143,202.169.240.0,255.255.248.0,35280
134189,202.172.128.0,255.255.224.0,4637
9226,202.172.160.0,255.255.224.0,4637
9648,202.173.192.0,255.255.240.0,35280
133135,202.176.7.0,255.255.255.0,4637
24271,202.177.64.0,255.255.192.0,4637
18259,202.178.96.0,255.255.240.0,703
24489,202.179.240.0,255.255.248.0,8966
24490,202.179.248.0,255.255.248.0,4637
7587,202.180.0.0,255.255.255.0,7713
17934,202.180.32.0,255.255.240.0,4637
38145,202.180.48.0,255.255.255.0,24482
9536,202.182.224.0,255.255.254.0,6939
7568,202.183.136.0,255.255.252.0,4637
135511,202.183.234.0,255.255.255.0,9304
24205,202.191.2.0,255.255.254.0,7713
7668,202.213.96.0,255.255.224.0,4637
23628,202.220.224.0,255.255.224.0,8966
37906,202.254.128.0,255.255.255.0,15412
23614,202.254.164.0,255.255.252.0,6939
151598,203.3.90.0,255.255.255.0,7713
24479,203.3.167.0,255.255.255.0,4637
38438,203.3.184.0,255.255.255.0,4637
37990,203.4.169.0,255.255.255.0,140627
24476,203.5.63.0,255.255.255.0,4637
154227,203.9.195.0,255.255.255.0,4637
132581,203.11.167.0,255.255.255.0,4637
138185,203.12.18.0,255.255.255.0,4637
17635,203.14.105.0,255.255.255.0,15412
4778,203.20.218.0,255.255.255.0,15412
400400,203.20.243.0,255.255.255.0,6939
154329,203.21.65.0,255.255.255.0,4637
137896,203.21.150.0,255.255.254.0,4637
135415,203.21.200.0,255.255.255.0,35280
9544,203.23.120.0,255.255.255.0,4637
23855,203.30.38.0,255.255.255.0,4637
138657,203.32.27.0,255.255.255.0,4637
18393,203.77.208.0,255.255.255.0,7713
24204,203.80.8.0,255.255.255.0,7713
9519,203.82.96.0,255.255.254.0,4637
23641,203.86.224.0,255.255.248.0,15412
38475,203.89.6.0,255.255.254.0,9304
18264,203.92.16.0,255.255.252.0,4637
55722,203.98.224.0,255.255.224.0,8966
132789,203.105.192.0,255.255.255.0,4637
151993,203.111.252.0,255.255.254.0,24482
45697,203.114.224.0,255.255.254.0,7713
23774,203.119.1.0,255.255.255.0,6939
23902,203.119.8.0,255.255.252.0,4637
24252,203.119.40.0,255.255.255.0,8966
38755,203.123.60.0,255.255.255.0,7713
7616,203.130.128.0,255.255.224.0,4637
4693,203.140.0.0,255.255.224.0,7713
151691,203.145.42.0,255.255.254.0,35280
4776,203.148.128.0,255.255.240.0,4637
4741,203.149.0.0,255.255.192.0,4637
63528,203.159.66.0,255.255.254.0,9304
137856,203.159.76.0,255.255.255.0,9304
141362,203.159.77.0,255.255.255.0,9304
137875,203.159.78.0,255.255.255.0,9304
9223,203.161.189.0,255.255.255.0,15412
152012,203.175.100.0,255.255.255.0,7713
150755,203.175.104.0,255.255.254.0,8966
23731,203.175.120.0,255.255.255.0,4637
18266,203.179.240.0,255.255.240.0,8966
7660,203.181.194.0,255.255.254.0,8966
17537,203.189.160.0,255.255.240.0,24482
38510,203.190.36.0,255.255.255.0,8966
45317,203.190.40.0,255.255.255.0,7713
45630,203.201.184.0,255.255.252.0,7713
56200,203.215.52.0,255.255.252.0,4637
17988,203.222.192.0,255.255.240.0,6939
45963,203.247.182.0,255.255.255.0,15412
55589,203.250.104.0,255.255.255.0,15412
64404,204.2.64.0,255.255.240.0,49544
31950,204.8.192.0,255.255.248.0,6939
395664,204.8.236.0,255.255.255.0,6939
16409,204.9.92.0,255.255.252.0,6939
40300,204.9.116.0,255.255.255.0,6939
33254,204.9.144.0,255.255.248.0,6939
34936,204.11.3.0,255.255.255.0,6939
40630,204.13.88.0,255.255.252.0,6939
36253,204.13.204.0,255.255.252.0,15412
12265,204.14.4.0,255.255.255.0,6939
54164,204.16.47.0,255.255.255.0,8966
214213,204.27.68.0,255.255.255.0,6939
7806,204.27.195.0,255.255.255.0,6939
22971,204.44.160.0,255.255.254.0,8966
4393,204.52.234.0,255.255.255.0,703
36861,204.58.156.0,255.255.254.0,15412
63254,204.76.144.0,255.255.248.0,15412
31923,204.78.160.0,255.255.240.0,8966
6099,204.88.192.0,255.255.224.0,4637
398334,204.89.189.0,255.255.255.0,4637
813,204.92.101.0,255.255.255.0,703
6203,204.107.130.0,255.255.255.0,15412
20413,204.108.128.0,255.255.224.0,6939
15205,204.114.0.0,255.255.248.0,15412
54776,204.124.28.0,255.255.255.0,703
62628,204.126.121.0,255.255.255.0,6939
40042,204.126.171.0,255.255.255.0,15412
25979,204.147.0.0,255.255.240.0,8966
17089,204.152.48.0,255.255.254.0,6939
19621,204.153.56.0,255.255.252.0,6939
4297,204.153.228.0,255.255.255.0,15412
54811,204.190.24.0,255.255.254.0,7713
21922,204.197.128.0,255.255.240.0,703
54002,204.225.158.0,255.255.255.0,6939
27453,204.225.208.0,255.255.255.0,8966
216153,204.235.104.0,255.255.255.0,4637
46828,204.238.128.0,255.255.255.0,6939
26683,204.252.163.0,255.255.255.0,703
32728,205.132.129.0,255.255.255.0,15412
62568,205.134.47.0,255.255.255.0,703
398668,205.137.250.0,255.255.255.0,6939
14893,205.141.232.0,255.255.252.0,6939
54532,205.153.224.0,255.255.255.0,15412
32261,205.162.80.0,255.255.255.0,703
272575,205.164.104.0,255.255.252.0,8966
1436,205.172.192.0,255.255.252.0,15412
46471,205.173.248.0,255.255.252.0,703
40468,205.222.252.0,255.255.252.0,6939
11605,205.233.73.0,255.255.255.0,6939
32442,205.233.140.0,255.255.254.0,8966
12059,205.233.151.0,255.255.255.0,6939
31763,205.235.32.0,255.255.224.0,6939
5715,206.9.255.0,255.255.255.0,4637
20085,206.21.43.0,255.255.255.0,4637
4574,206.41.224.0,255.255.224.0,703
64213,206.53.142.0,255.255.255.0,6939
14536,206.55.64.0,255.255.240.0,6939
14263,206.71.32.0,255.255.240.0,8966
27563,206.74.16.0,255.255.255.0,15412
21694,206.78.32.0,255.255.224.0,4637
22002,206.81.168.0,255.255.255.0,15412
14773,206.82.16.0,255.255.240.0,6939
273357,206.84.77.0,255.255.255.0,8966
272790,206.84.204.0,255.255.252.0,8966
393424,206.108.0.0,255.255.255.0,8966
35850,206.108.116.0,255.255.252.0,15412
46494,206.123.56.0,255.255.248.0,6939
14866,206.126.109.0,255.255.255.0,15412
14086,206.126.112.0,255.255.255.0,8966
400679,206.168.92.0,255.255.255.0,6939
400701,206.168.140.0,255.255.254.0,15412
33197,206.168.164.0,255.255.254.0,15412
62883,206.168.185.0,255.255.255.0,6939
400671,206.168.193.0,255.255.255.0,4637
17197,206.197.161.0,255.255.255.0,6939
19694,206.198.242.0,255.255.254.0,4637
400510,206.202.0.0,255.255.192.0,8966
30551,206.211.220.0,255.255.255.0,703
17344,206.223.67.0,255.255.255.0,15412
23329,206.226.130.0,255.255.255.0,703
63205,206.226.135.0,255.255.255.0,15412
11204,206.226.144.0,255.255.255.0,15412
54813,207.5.224.0,255.255.224.0,6939
40061,207.7.141.0,255.255.255.0,4637
4258,207.66.184.0,255.255.255.0,6939
36182,207.66.236.0,255.255.255.0,15412
62822,207.97.165.0,255.255.255.0,703
399257,207.126.141.0,255.255.255.0,4637
11970,207.162.160.0,255.255.224.0,6939
10326,207.174.160.0,255.255.248.0,8966
17014,207.180.0.0,255.255.255.0,6939
19967,207.181.16.0,255.255.240.0,6939
30371,207.223.96.0,255.255.248.0,6939
399912,207.228.212.0,255.255.252.0,15412
207474,207.230.3.0,255.255.255.0,35280
7941,207.241.224.0,255.255.240.0,4637
6372,207.245.64.0,255.255.192.0,703
19796,207.246.209.0,255.255.255.0,8966
271302,207.248.8.0,255.255.255.0,8966
271412,207.248.16.0,255.255.252.0,4637
271309,207.248.24.0,255.255.252.0,8966
263127,207.248.108.0,255.255.255.0,703
3643,208.32.128.0,255.255.128.0,703
54111,208.42.120.0,255.255.248.0,15412
19887,208.50.15.0,255.255.255.0,703
30260,208.64.4.0,255.255.254.0,703
15008,208.64.108.0,255.255.252.0,6939
30001,208.64.160.0,255.255.252.0,6939
21895,208.67.208.0,255.255.255.0,15412
152626,208.68.183.0,255.255.255.0,8966
25740,208.68.197.0,255.255.255.0,703
40068,208.69.168.0,255.255.248.0,4637
36213,208.71.56.0,255.255.248.0,6939
40252,208.71.72.0,255.255.248.0,8359
3789,208.72.48.0,255.255.255.0,8359
17149,208.72.228.0,255.255.252.0,15412
22674,208.73.104.0,255.255.255.0,703
60326,208.73.212.0,255.255.254.0,35280
53591,208.74.136.0,255.255.252.0,4637
14585,208.76.168.0,255.255.248.0,6939
40522,208.77.202.0,255.255.255.0,703
63117,208.79.102.0,255.255.255.0,4637
11901,208.79.244.0,255.255.254.0,703
26156,208.84.72.0,255.255.252.0,6939
11353,208.84.136.0,255.255.252.0,15412
14070,208.85.100.0,255.255.252.0,703
328179,208.85.156.0,255.255.252.0,6939
14721,208.86.116.0,255.255.252.0,15412
40764,208.89.144.0,255.255.248.0,15412
31834,208.90.18.0,255.255.255.0,8359
26239,208.90.72.0,255.255.252.0,8966
17103,208.90.144.0,255.255.252.0,6939
6456,208.90.168.0,255.255.252.0,6939
26461,208.91.232.0,255.255.255.0,8966
400006,208.99.62.0,255.255.255.0,6939
29941,208.108.96.0,255.255.240.0,6939
14734,208.108.112.0,255.255.248.0,6939
30290,208.108.160.0,255.255.248.0,6939
40732,208.108.200.0,255.255.248.0,6939
31777,208.108.208.0,255.255.240.0,6939
36794,208.122.64.0,255.255.224.0,6939
14427,208.185.76.0,255.255.255.0,15412
27519,208.198.116.0,255.255.252.0,703
272764,209.14.6.0,255.255.255.0,8966
273410,209.14.158.0,255.255.255.0,6939
30712,209.34.112.0,255.255.240.0,6939
36779,209.46.69.0,255.255.255.0,703
140911,209.58.74.0,255.255.255.0,15412
152858,209.107.140.0,255.255.252.0,8966
212024,209.112.97.0,255.255.255.0,4637
30138,209.123.250.0,255.255.255.0,6939
101,209.124.176.0,255.255.240.0,8966
214329,209.131.126.0,255.255.255.0,8966
396926,209.147.224.0,255.255.240.0,8966
22919,209.152.32.0,255.255.224.0,703
40463,209.178.216.0,255.255.248.0,6939
207419,209.200.230.0,255.255.255.0,4637
1025,209.209.24.0,255.255.255.0,6939
21669,209.212.0.0,255.255.224.0,15412
20448,209.235.160.0,255.255.224.0,15412
22856,209.237.153.0,255.255.255.0,703
13950,209.242.17.0,255.255.255.0,703
207009,209.251.195.0,255.255.255.0,6939
14100,209.255.80.0,255.255.255.0,15412
4817,210.10.0.0,255.255.240.0,15412
18114,210.14.32.0,255.255.255.0,7713
4844,210.23.0.0,255.255.224.0,35280
38881,210.55.2.0,255.255.255.0,4637
213430,210.67.142.0,255.255.254.0,8966
152129,210.79.128.0,255.255.254.0,15412
152127,210.79.130.0,255.255.255.0,4637
152045,210.79.146.0,255.255.255.0,24482
151698,210.79.148.0,255.255.255.0,35280
151378,210.87.98.0,255.255.255.0,15412
152144,210.87.106.0,255.255.255.0,35280
152053,210.87.112.0,255.255.255.0,6939
4718,210.156.0.0,255.255.252.0,15412
7503,210.159.64.0,255.255.224.0,4637
7527,210.171.226.0,255.255.254.0,8966
7530,210.231.212.0,255.255.252.0,4637
140405,210.247.241.0,255.255.255.0,7713
18185,211.76.240.0,255.255.240.0,6939
8828,212.0.64.0,255.255.224.0,15412
57241,212.1.192.0,255.255.248.0,8966
29231,212.4.96.0,255.255.224.0,6939
8918,212.4.192.0,255.255.224.0,6939
8440,212.6.0.0,255.255.248.0,15412
203661,212.7.217.0,255.255.255.0,6939
203941,212.7.218.0,255.255.254.0,6939
20846,212.12.192.0,255.255.240.0,8359
12305,212.13.32.0,255.255.224.0,6939
210928,212.15.47.0,255.255.255.0,15412
42008,212.15.204.0,255.255.252.0,4637
60314,212.15.224.0,255.255.224.0,6939
8592,212.16.0.0,255.255.224.0,8359
44889,212.16.66.0,255.255.255.0,8966
12362,212.19.160.0,255.255.224.0,6939
8913,212.20.64.0,255.255.224.0,6939
205434,212.21.96.0,255.255.252.0,15412
213787,212.22.64.0,255.255.255.0,8359
204102,212.22.67.0,255.255.255.0,8966
209655,212.22.72.0,255.255.255.0,6939
15654,212.28.0.0,255.255.224.0,6939
13042,212.39.192.0,255.255.224.0,35280
12294,212.40.32.0,255.255.224.0,4637
24682,212.40.47.0,255.255.255.0,4637
12650,212.45.96.0,255.255.248.0,8966
50414,212.46.55.0,255.255.255.0,41095
9000,212.50.32.0,255.255.255.0,8966
16283,212.51.200.0,255.255.252.0,4637
12335,212.53.32.0,255.255.224.0,8359
12540,212.64.160.0,255.255.224.0,8966
12976,212.65.64.0,255.255.224.0,8359
47194,212.65.160.0,255.255.224.0,8966
12548,212.68.160.0,255.255.252.0,4637
8798,212.69.64.0,255.255.248.0,6939
12657,212.72.64.0,255.255.224.0,15412
200995,212.72.236.0,255.255.252.0,6939
57050,212.81.56.0,255.255.255.0,4637
9067,212.82.32.0,255.255.248.0,15412
9039,212.83.0.0,255.255.224.0,8359
29340,212.85.192.0,255.255.224.0,8966
12512,212.87.32.0,255.255.224.0,35280
25084,212.87.240.0,255.255.254.0,6939
25154,212.91.18.0,255.255.255.0,8966
12409,212.94.192.0,255.255.224.0,6939
213981,212.104.142.0,255.255.255.0,6939
9103,212.109.128.0,255.255.240.0,4637
12687,212.111.192.0,255.255.248.0,4637
212397,212.111.199.0,255.255.255.0,4637
13250,212.117.192.0,255.255.224.0,6939
209915,212.119.5.0,255.255.255.0,6939
12539,212.122.64.0,255.255.255.0,6939
15851,212.127.64.0,255.255.224.0,4637
15612,212.147.128.0,255.255.128.0,15412
8234,212.162.64.0,255.255.192.0,8966
8501,212.191.126.0,255.255.255.0,4637
13293,212.191.230.0,255.255.255.0,15412
35628,212.191.231.0,255.255.255.0,15412
196844,212.191.237.0,255.255.255.0,6939
62261,212.192.230.0,255.255.254.0,8359
5468,212.193.64.0,255.255.224.0,8966
47775,213.5.104.0,255.255.252.0,8359
199503,213.5.144.0,255.255.248.0,6939
196858,213.5.200.0,255.255.248.0,6939
211984,213.33.79.0,255.255.255.0,6939
1270,213.71.148.0,255.255.252.0,15412
21064,213.73.8.0,255.255.248.0,4637
49300,213.108.8.0,255.255.248.0,703
208511,213.108.32.0,255.255.255.0,8359
210224,213.109.184.0,255.255.252.0,6939
210147,213.109.197.0,255.255.255.0,6939
50022,213.110.240.0,255.255.240.0,8359
20618,213.132.0.0,255.255.224.0,6939
205012,213.134.9.0,255.255.255.0,6939
20555,213.135.44.0,255.255.252.0,4637
25575,213.145.224.0,255.255.224.0,15412
12895,213.150.0.0,255.255.224.0,4637
13182,213.152.192.0,255.255.224.0,6939
13053,213.156.64.0,255.255.224.0,6939
9092,213.156.224.0,255.255.240.0,6939
20510,213.157.96.0,255.255.240.0,6939
43458,213.159.136.0,255.255.255.0,4637
44845,213.159.196.0,255.255.255.0,8359
28909,213.167.0.0,255.255.255.0,6939
13121,213.169.64.0,255.255.224.0,8359
15613,213.173.171.0,255.255.255.0,35280
13226,213.177.64.0,255.255.240.0,6939
59536,213.178.156.0,255.255.252.0,6939
25592,213.187.96.0,255.255.224.0,8966
25509,213.190.96.0,255.255.224.0,6939
199842,213.199.254.0,255.255.254.0,6939
24785,213.207.0.0,255.255.255.0,6939
213681,213.217.2.0,255.255.255.0,8966
29438,213.225.192.0,255.255.224.0,6939
39360,213.226.80.0,255.255.252.0,8359
62146,213.226.121.0,255.255.255.0,8359
38932,213.231.128.0,255.255.224.0,15412
48292,213.238.161.0,255.255.255.0,8966
25189,213.251.208.0,255.255.240.0,8359
149,214.9.248.0,255.255.248.0,703
273732,216.6.29.0,255.255.255.0,35280
54225,216.21.216.0,255.255.248.0,6939
10466,216.27.98.0,255.255.254.0,8966
12024,216.47.160.0,255.255.224.0,8966
33167,216.48.128.0,255.255.240.0,8966
36396,216.55.112.0,255.255.240.0,6939
32482,216.82.233.0,255.255.255.0,4637
30346,216.83.80.0,255.255.255.0,703
30428,216.97.144.0,255.255.252.0,703
29039,216.104.193.0,255.255.255.0,8966
15278,216.105.96.0,255.255.224.0,15412
32765,216.107.176.0,255.255.240.0,8359
22179,216.117.214.0,255.255.255.0,8966
26838,216.118.208.0,255.255.248.0,4637
10973,216.128.96.0,255.255.248.0,8966
30142,216.128.112.0,255.255.240.0,15412
54323,216.134.176.0,255.255.252.0,15412
22792,216.145.64.0,255.255.224.0,6939
203577,216.146.29.0,255.255.255.0,41095
20344,216.152.76.0,255.255.255.0,6939
7453,216.155.96.0,255.255.224.0,15412
32554,216.162.80.0,255.255.240.0,4637
203690,216.169.158.0,255.255.254.0,6939
33412,216.170.117.0,255.255.255.0,6939
11183,216.180.192.0,255.255.224.0,8359
11579,216.187.0.0,255.255.192.0,703
22384,216.201.89.0,255.255.255.0,4637
22077,216.223.240.0,255.255.252.0,15412
22420,216.236.148.0,255.255.255.0,703
10996,216.239.64.0,255.255.224.0,8966
18660,216.249.132.0,255.255.252.0,15412
31827,216.252.192.0,255.255.240.0,6939
15577,217.9.0.0,255.255.255.0,6939
25371,217.9.80.0,255.255.254.0,8359
200862,217.11.132.0,255.255.255.0,6939
35133,217.18.95.0,255.255.255.0,6939
48768,217.21.128.0,255.255.240.0,4637
29672,217.21.224.0,255.255.240.0,6939
197960,217.25.80.0,255.255.252.0,8966
210014,217.26.184.0,255.255.255.0,6939
20893,217.27.96.0,255.255.240.0,6939
29006,217.27.240.0,255.255.240.0,15412
28886,217.28.48.0,255.255.240.0,6939
51800,217.28.80.0,255.255.248.0,6939
16004,217.29.72.0,255.255.248.0,8966
214443,217.61.242.0,255.255.254.0,6939
29086,217.64.0.0,255.255.240.0,6939
29213,217.65.240.0,255.255.255.0,8359
25279,217.68.0.0,255.255.240.0,6939
29263,217.68.48.0,255.255.240.0,8966
25328,217.68.80.0,255.255.252.0,6939
29388,217.72.144.0,255.255.240.0,8966
29404,217.73.144.0,255.255.252.0,6939
201363,217.113.17.0,255.255.255.0,41095
34604,217.113.144.0,255.255.252.0,6939
39909,217.113.153.0,255.255.255.0,4637
21333,217.113.208.0,255.255.240.0,4637
15742,217.117.64.0,255.255.255.0,8359
16297,217.118.0.0,255.255.240.0,15412
20504,217.118.160.0,255.255.240.0,8966
16344,217.145.160.0,255.255.252.0,6939
21379,217.147.160.0,255.255.255.0,8359
199410,217.153.154.0,255.255.254.0,6939
212593,217.156.24.0,255.255.255.0,15412
5418,217.170.15.0,255.255.255.0,6939
29001,217.170.16.0,255.255.254.0,6939
20640,217.173.128.0,255.255.240.0,6939
25584,217.173.205.0,255.255.255.0,6939
33904,217.174.176.0,255.255.248.0,8966
29330,217.175.206.0,255.255.255.0,15412
198439,217.194.145.0,255.255.255.0,6939
208025,217.198.185.0,255.255.255.0,35280
131976,218.100.45.0,255.255.255.0,6939
23824,219.99.160.0,255.255.240.0,4637
18127,219.112.225.0,255.255.255.0,41095
4821,223.25.105.0,255.255.255.0,7713
58807,223.118.32.0,255.255.255.0,35280
141419,223.119.52.0,255.255.255.0,4637
139619,223.119.255.0,255.255.255.0,15412
55382,223.223.160.0,255.255.252.0,4637
